  0.00181530755066301  0.28287658390818776  0.29516741237958311  0.30812719810206468
  0.32055391184954618  0.33270916611932927  0.34486442038911241  0.35701967465889561
  0.36917492892867870  0.42501751111865765  0.44525019075469607  0.45415811273195478
  0.46306603470921354  0.47197395668647235  0.48088187866373111  0.48978980064098981
  0.49869772261824852  0.58200294874031155  0.60515212404197760  0.60643321408605633
  0.60771430413013494  0.60899539417421367  0.61027648421829228  0.61155757426237101
  0.61283866430644962  0.61411975435052835  0.61540084439460696  0.61668193443868569
  0.61796302448276430  0.61924411452684303  0.62052520457092164  0.62180629461500037
  0.62308738465907898  0.62436847470315771  0.62564956474723632  0.62693065479131505
  0.62821174483539366  0.62949283487947238  0.63077392492355100  0.63205501496762972
  0.63333610501170834  0.63461719505578706  0.63589828509986568  0.63717937514394440
  0.63846046518802302  0.63974155523210174  0.64102264527618036  0.64230373532025908
  0.64358482536433770  0.64486591540841642  0.64610885200373347  0.64723411690311539
  0.64835938180249719  0.64948464670187911  0.65060991160126103  0.65173517650064283
  0.65286044140002475  0.65398570629940667  0.65511097119878847  0.65623623609817039
  0.65736150099755231  0.65848676589693411  0.65961203079631603  0.66073729569569795
  0.66186256059507975  0.66298782549446167  0.66411309039384359  0.66523835529322539
  0.66636362019260731  0.66860498186079398  0.67125770525486594  0.67391042864893802
  0.67656315204301010  0.67921587543708217  0.68186859883115425  0.68452132222522633
  0.68717404561929840  0.68982676901337048  0.69247949240744244  0.69513221580151452
  0.69778493919558660  0.70043766258965867  0.70309038598373075  0.70574310937780282
  0.71059617410411235  0.80664008729397463  0.90268400048383690  0.94131006500508629
  0.94728664546716779  0.95326322592924917  0.95896136178296998  0.96310209440443650
  0.96724282702590292  0.97138355964736944  0.97462610663601346  1.00000000000000000
  0.00000870003440169  0.00000877594721548  0.00000885186002927  0.00000892777284306
  0.00000900368565685  0.00000907959847064  0.00000915551128443  0.00000923142409823
  0.00000930733691202  0.00000938324972581  0.00000952814522847  0.00000970871748985
  0.00000988928975123  0.00001006986201261  0.00001025043427399  0.00001043100653537
  0.00001061157879675  0.00001079215105813  0.00002120359384343  0.00004270479897024
  0.00005869846380992  0.00006247761878439  0.00006647823440404  0.00007081567360313
  0.00007527557664794  0.00008025377387269  0.00008523197109745  0.00017021457294403
  0.00034331313967306  0.00059969996198905  0.00065375255317401  0.00071282450985717
  0.00077508247641530  0.00084628475873661  0.00092421776608204  0.00101146516710332
  0.00111052609914747  0.00121678147929086  0.00133171055009264  0.00180840039987673
  0.00188695361488016  0.00196550682988360  0.00204630102340283  0.00213645868993744
  0.00222661635647205  0.00231677402300666  0.00241850153033151  0.00252197794227226
  0.00262545435421301  0.00307706319562524  0.00310477150168685  0.00313247980774845
  0.00316018811381005  0.00318789641987165  0.00321560472593326  0.00324331303199486
  0.00327102133805646  0.00329872964411806  0.00332643795017966  0.00335414625624127
  0.00338185456230287  0.00340956286836447  0.00343727117442607  0.00346497948048767
  0.00349268778654928  0.00352039609261088  0.00354502993135172  0.00356964400145142
  0.00359425807155113  0.00361887214165083  0.00364348621175053  0.00366810028185023
  0.00369271435194994  0.00371732842204964  0.00374194249214934  0.00376655656224905
  0.00379117063234875  0.00381578470244845  0.00384039877254815  0.00386501284264786
  0.00388962691274756  0.00391424098284726  0.00393885505294696  0.00396346912304667
  0.00398808319314637  0.00401269726324607  0.00403731133334577  0.00742047566161025
  0.01495663830761337  0.02638541175970594  0.02638541175971594  0.02638541175972594
  0.02638541175973593  0.02638541175974593  0.02638541175975593  1.00000000000000000
  0.00006076555508705  0.00006119242206938  0.00006161928905172  0.00006204615603405
  0.00006247302301638  0.00006289988999871  0.00006332675698105  0.00006375362396338
  0.00006418049094571  0.00006460735792805  0.00006555751959127  0.00006679205791402
  0.00006802659623677  0.00006926113455952  0.00007049567288227  0.00007173021120502
  0.00007296474952777  0.00007419928785052  0.00012959210747937  0.00014095216946781
  0.00015146656677187  0.00016058792813419  0.00016970928949651  0.00018015176457127
  0.00019062059969163  0.00020208096446680  0.00021425016654443  0.00022833266487489
  0.00024935474303977  0.00027237522992002  0.00030942111634319  0.00059361930830512
  0.00114132092489039  0.00203106277485351  0.00204965481835685  0.00206824686186018
  0.00208683890536352  0.00210543094886686  0.00212402299237019  0.00214261503587353
  0.00216120707937686  0.00217979912288020  0.00219839116638354  0.00221698320988687
  0.00223557525339021  0.00225416729689354  0.00227275934039688  0.00229135138390022
  0.00230994342740355  0.00232853547090689  0.00234986264803234  0.00237120124325467
  0.00239253983847699  0.00241387843369932  0.00243521702892165  0.00245655562414398
  0.00247789421936630  0.00249923281458863  0.00252057140981096  0.00254191000503329
  0.00256324860025561  0.00258458719547794  0.00260592579070027  0.00262726438592260
  0.00264860298114492  0.00266994157636725  0.00269372759380120  0.00271786376053627
  0.00274199992727133  0.00276613609400640  0.00279027226074147  0.00281440842747654
  0.00283854459421161  0.00286268076094668  0.00288681692768175  0.00291095309441682
  0.00293508926115189  0.00295922542788696  0.00298336159462203  0.00300749776135710
  0.00303163392809217  0.00305577009482724  0.00312802095733907  0.00324523872963111
  0.00336245650192316  0.00347967427421520  0.00539004573999749  0.01036161388337416
  0.01992734903924921  0.02570041002706563  0.02570041002707563  0.02570041002708563
  0.02570041002709563  0.02570041002710563  0.02570041002711563  1.00000000000000000
  0.00995903809865312  0.01624972374855735  0.02435262136025204  0.03732142523552267
  0.10554600239939979  0.20161286364937239  0.23784176573711074  0.25000277618548089
  0.25590904735147041  0.26181531851745993  0.26772158968344950  0.27143141795382092
  0.27269547777375458  0.27395953759368818  0.27522359741362179  0.27648765723355540
  0.27775171705348906  0.27901577687342266  0.28027983669335627  0.28154389651328987
  0.28280795633322353  0.28407201615315714  0.28533607597309074  0.28660013579302435
  0.28786419561295801  0.28912825543289161  0.29039231525282522  0.29165637507275882
  0.29292124968705346  0.29418613098961188  0.29545101229217036  0.29671589359472877
  0.29798077489728725  0.29924565619984567  0.30051053750240414  0.30177541880496256
  0.30304030010752103  0.30430518141007945  0.30557006271263792  0.30683494401519634
  0.30809982531775482  0.30936470662031323  0.31062958792287171  0.31189446922543018
  0.31316897513224551  0.31445232003110418  0.31573566492996286  0.31701900982882153
  0.31830235472768015  0.31958569962653882  0.32086904452539750  0.32215238942425617
  0.32343573432311479  0.32471907922197346  0.32600242412083213  0.32728576901969081
  0.32856911391854948  0.32985245881740810  0.33113580371626677  0.33241914861512545
  0.36096741664572957  0.45703427789570217  0.52172558668876790  0.52438197986885748
  0.52703837304894707  0.52969476622903666  0.53235115940912625  0.53500755258921595
  0.53766394576930554  0.54032033894939513  0.54297673212948472  0.54563312530957431
  0.54828951848966390  0.55094591166975349  0.55360230484984296  0.55625869802993255
  0.55891509121002214  0.56157148439011173  0.56422787757020132  0.56688427075029091
  0.56954066393038050  0.57219705711047009  0.57485345029055968  0.57750984347064915
  0.58016623665073874  0.58282262983082833  0.62833447810216314  0.63724972261517121
  0.64613518386662250  0.65424977095779979  0.66236435804897720  0.71179941625006904
  0.80786627750004181  0.82717377344767251  0.82717377344768250  1.00000000000000000
  0.04448526700337734  0.05412705693845259  0.06284409115913703  0.06545879175393113
  0.06807349234872520  0.07068819294351929  0.07330289353831337  0.07591759413310746
  0.07853229472790155  0.08114699532269563  0.08376258344424853  0.08638270145137032
  0.08900281945849212  0.09162293746561391  0.09424305547273570  0.09686317347985750
  0.09948329148697929  0.10210340949410109  0.10472352750122288  0.10734364550834465
  0.10996376351546641  0.11258388152258818  0.11520399952970994  0.11782411753683172
  0.12044423554395349  0.12306435355107526  0.14989919297277715  0.24521188067980215
  0.34052456838682704  0.43583725609385204  0.50041289563908598  0.50167627490408129
  0.50293965416907660  0.50420303343407191  0.50546641269906722  0.50672979196406254
  0.50799317122905785  0.50925655049405316  0.51051992975904847  0.51178330902404379
  0.51304668828903910  0.51431006755403441  0.51557344681902961  0.51683682608402493
  0.51810020534902024  0.51936358461401555  0.52062696387901086  0.52189034314400617
  0.52315372240900149  0.52441710167399680  0.52568048093899211  0.52694386020398742
  0.52820723946898274  0.52947061873397816  0.53073399799897347  0.53199737726396878
  0.53326075652896410  0.53452413579395941  0.53578751505895472  0.53705089432395003
  0.53831427358894535  0.53957765285394066  0.54084103211893597  0.54210441138393128
  0.54336779064892660  0.54463116991392191  0.54589454917891722  0.54715792844391253
  0.54842130770890785  0.54968468697390316  0.55094806623889836  0.55221144550389367
  0.55347482476888898  0.55473820403388430  0.55600158329887961  0.55726496256387492
  0.55852834182887023  0.55979172109386555  0.56105510035886086  0.56231847962385617
  0.57349250054211087  0.58632938472216889  0.59916626890222713  0.61200315308228526
  0.62484003726234338  0.65106076649236078  0.65785882238697269  0.66465687828158460
  0.67095023909674278  0.67703176331198767  0.68311328752723244  0.71406193687891650
  0.80937462458594145  0.90223741782796707  0.91090208689371743  1.00000000000000000
  0.06129717429478963  0.08416763900151578  0.08500194466969828  0.08583625033788080
  0.08667055600606330  0.08750486167424582  0.08833916734242832  0.08917347301061082
  0.09000777867879334  0.09084208434697584  0.09167639001515836  0.09251069568334086
  0.09334500135152336  0.09417930701970588  0.09501361268788838  0.09584791835607090
  0.09668222402425340  0.09751652969243592  0.09835083536061842  0.09918514102880092
  0.10001944669698344  0.10085375236516594  0.10168805803334846  0.10252236370153096
  0.10335666936971348  0.10419779430781931  0.10526614920522583  0.10633450410263234
  0.10740285900003887  0.10847121389744539  0.10953956879485191  0.11060792369225843
  0.11167627858966495  0.11274463348707146  0.11381298838447798  0.11488134328188451
  0.11594969817929103  0.11701805307669755  0.11808640797410407  0.11915476287151058
  0.12022311776891711  0.12129147266632363  0.12235982756373015  0.12342818246113667
  0.12449653735854319  0.12834492654966392  0.13467103320657065  0.14099713986347737
  0.14732324652038409  0.15364935317729089  0.15997545983419770  0.16630156649110447
  0.24981197968913185  0.31315990451590747  0.31543892679450958  0.31771794907311174
  0.31999697135171384  0.32227599363031600  0.32455501590891811  0.32683403818752021
  0.32911306046612238  0.33139208274472448  0.33367038691315537  0.33594456393939554
  0.33821874096563576  0.34049291799187592  0.34276709501811614  0.34504127204435631
  0.34731544907059653  0.34958962609683669  0.35186380312307686  0.35413798014931708
  0.35641215717555724  0.35868633420179741  0.36096051122803757  0.36323468825427774
  0.36550886528051790  0.36778304230675807  0.37005721933299823  0.37233139635923840
  0.37460557338547856  0.38397767100292091  0.39483911995736887  0.47599420294808037
  0.56423200638750515  0.65246980982692993  0.74070761326635481  0.79500851548613283
  0.80291858218490741  0.81082864888368189  0.81816624278544059  0.82535047129720696
  0.83253469980897332  0.90235766613850177  0.90436649719874063  1.00000000000000000
 -0.00366168928136612  0.00066223546488061  0.00132447092976122  0.00198670639464183
  0.00264894185952243  0.00331117732440304  0.00397341278928365  0.00463564825416426
  0.00529788371904487  0.00596011918392548  0.00662235464880609  0.00728459011368670
  0.00794682557856731  0.00860906104344791  0.00927129650832852  0.00993353197320913
  0.01059576743808974  0.01125800290297035  0.01192023836785096  0.01258247383273157
  0.01324470929761217  0.01390694476249279  0.01456918022737340  0.01523141569225401
  0.01589365115713462  0.01655588662201522  0.01721812208689583  0.01788035755177644
  0.01854259301665705  0.01920482848153766  0.01986706394641827  0.02052929941129888
  0.02130028658114720  0.02216357990670478  0.02302687323226235  0.02389016655781993
  0.02475345988337751  0.02561675320893508  0.02648004653449266  0.02734333986005023
  0.02820663318560781  0.02906992651116538  0.02993321983672296  0.03079651316228053
  0.03165980648783811  0.03252309981339568  0.03338639313895326  0.03424968646451083
  0.03511297979006841  0.03597627311562598  0.03683956644118357  0.03770285976674114
  0.03856615309229872  0.03942944641785629  0.04029273974341387  0.04115603306897145
  0.07452120688347590  0.15494747345880394  0.19260468207929260  0.20118037558890312
  0.20975606909851366  0.21833176260812426  0.22690745611773486  0.23548314962734540
  0.24405884313695592  0.27470773312989405  0.35513399970522219  0.43556026628055011
  0.51598653285587803  0.59641279943120618  0.67683906600653421  0.69440144118942881
  0.70235750085851523  0.71031356052760164  0.71826962019668805  0.72622567986577446
  0.73418173953486088  0.74213779920394729  0.75094880117256979  0.83137506774789771
  0.85657422642790015  0.85993385442656967  0.86329348242523918  0.86665311042390869
  0.87001273842257820  0.87337236642124771  0.87535536905699274  0.87604469450746991
  0.87673401995794709  0.87742334540842426  0.87811267085890143  0.87880199630937861
  0.87949132175985578  0.87997717062632241  0.87997717062633241  1.00000000000000000
  0.00160401662190755  0.00669737889534825  0.01179074116878895  0.01688410344222965
  0.02223254504129454  0.02846145022386527  0.03469035540643599  0.04091926058900671
  0.05355296291775918  0.06705996363106256  0.08056696434436594  0.09407396505766945
  0.12946995650511439  0.18866194698742172  0.19142664661763512  0.19419134624784853
  0.19695604587806192  0.19972074550827534  0.20248544513848876  0.20525014476870215
  0.20801484439891557  0.21077954402912902  0.21354424365934244  0.21630894328955588
  0.21907364291976933  0.22183834254998275  0.22460304218019619  0.22736774181040964
  0.23013244144062306  0.23289714107083648  0.23566184070104990  0.23842654033126329
  0.24119123996147671  0.24395593959169012  0.24672063922190351  0.24948533885211693
  0.33146599014016759  0.43156605268764175  0.44623367190458108  0.45551770259582136
  0.45926073739851625  0.46059183131137443  0.46192292522423262  0.46325401913709086
  0.46458511304994904  0.46591620696280722  0.46724730087566541  0.46857839478852359
  0.46990948870138177  0.47124058261423996  0.47257167652709814  0.47390277043995632
  0.47523386435281451  0.47656495826567269  0.47789605217853087  0.47922714609138906
  0.48055824000424724  0.48188933391710542  0.48322042782996361  0.48455152174282179
  0.48588261565567997  0.48721370956853810  0.48854480348139628  0.48987589739425447
  0.49120699130711265  0.49253808521997083  0.49386917913282902  0.49520027304568714
  0.49653136695854533  0.49786246087140351  0.49919355478426169  0.50052625076946466
  0.50186140932359191  0.50319656787771916  0.50453172643184641  0.50586688498597365
  0.50720204354010090  0.50853720209422815  0.50987236064835539  0.51120751920248264
  0.51254267775660989  0.51387783631073713  0.51521299486486438  0.51654815341899163
  0.51788331197311888  0.51921847052724612  0.52055362908137337  0.54904458888370911
  0.56171308327417147  0.57350565667835374  0.59959974981008712  0.62480199734369912
  0.62480199734370911  0.62480199734371911  0.62480199734372910  1.00000000000000000
  0.69032537539800010  0.76078897146632418  0.77163034407259445  0.78317857838511407
  0.79490691342431363  0.80713480333839882  0.81936269325248390  0.83159058316656898
  0.84381847308065416  0.86592957368662649  0.87779569276501468  0.88096733885349821
  0.88413898494198173  0.88731063103046526  0.89048227711894878  0.89365392320743231
  0.89682556929591584  0.89999721538439936  0.90316886147288300  0.90634050756136653
  0.90951215364985005  0.91268379973833358  0.91585544582681722  0.91897556939978831
  0.92207798593529688  0.92518040247080546  0.92828281900631393  0.93138523554182251
  0.93448765207733109  0.93755045506444157  0.93928838153281613  0.94102630800119058
  0.94276423446956503  0.94450216093793948  0.94624008740631393  0.94797801387468839
  0.94971594034306284  0.95145386681143729  0.95319179327981174  0.95492971974818619
  0.95666764621656064  0.95837006728384388  0.95925380867222521  0.96013755006060664
  0.96102129144898796  0.96190503283736939  0.96278877422575071  0.96367251561413214
  0.96455625700251346  0.96543999839089478  0.96632373977927621  0.96720748116765753
  0.96809122255603897  0.96897496394442029  0.96985870533280172  0.97074244672118304
  0.97162618810956447  0.97250992949794579  0.97339367088632711  0.97427741227470854
  0.97516115366308986  0.97604489505147130  0.97692863643985262  0.97781237782823405
  0.97869611921661537  0.97948637206269795  0.98017015966060805  0.98085394725851816
  0.98153773485642815  0.98222152245433825  0.98290531005224835  0.98358909765015834
  0.98427288524806844  0.98495667284597854  0.98564046044388853  0.98632424804179863
  0.98700803563970874  0.98769182323761884  0.98837561083552883  0.98905939843343893
  0.98974318603134903  0.99042697362925902  0.99111076122716912  0.99179454882507923
  0.99247833642298922  0.99316212402089932  0.99384591161880942  0.99452969921671941
  0.99521348681462951  0.99589727441253961  0.99658106201044971  0.99726484960835970
  0.99794863720626981  0.99863242480417991  0.99931621240208990  1.00000000000000000
   8.6123575070647025E-009  -1.0000000000000000     
 F F F F F F F F F F F F F F F F F F F F F F F F F F F F F F F F F F F F F F F F F F F F F F F F F F F F F F F F F F F F F F F F
  <DiscreteSampler_grid>
  grouped_processes
  1 # 1 for a reference and 2 for a running grid.
  10 # Attribute 'min_bin_probing_points' of the grid.
  1 # Attribute 'grid_mode' of the grid. 1=='default',2=='initialization'
  0.0000000000000000 # Attribute 'small_contrib_threshold' of the grid.
  0.5000000000000000 # Attribute 'damping_power' of the grid.
 # binID   n_entries weight   weight_sqr   abs_weight
    10   10   5.738562113482839E+002   1.231475273557862E+006   5.738562113482839E+002
  </DiscreteSampler_grid>
