  0.00422418017823102  0.00846169850201600  0.01444598224690658  0.01992955941398589
  0.02622838731143895  0.03307456321934311  0.04058237754549431  0.04968061825043748
  0.06118694274974527  0.07136164007480125  0.08053823179015217  0.08849575018144382
  0.09644415186537081  0.10583245738740858  0.11615443684443616  0.12671787066632278
  0.13732144660031304  0.14682323220533319  0.15729777723230939  0.16775233932494113
  0.17889351228335759  0.19096288129620381  0.20296749318291527  0.21432257117558673
  0.22557665282285497  0.23761665799577503  0.25000040863136930  0.26234747547941628
  0.27440941850937206  0.28578212074925607  0.29665357199069436  0.30679395827275596
  0.31641062362662919  0.32519610129941218  0.33394713593483494  0.34305415175138437
  0.35217214391999674  0.36129436111976698  0.36984938650312005  0.37848662208201900
  0.38808319415271481  0.39913992089812567  0.41063586600255803  0.42190929309501990
  0.43344003078208182  0.44507523252097753  0.45762219240989582  0.47100094901232503
  0.48386202321386912  0.49638092720853993  0.50920099124222140  0.52207510368866261
  0.53440628020251713  0.54530421650427530  0.55502587076974574  0.56527910724481523
  0.57621745503921540  0.58806422472156494  0.60014873916401967  0.61261999044590598
  0.62475378866553499  0.63597462480684908  0.64658239851489163  0.65774352296579752
  0.66942456098923553  0.68259238626438634  0.69551643685688136  0.70721295842796605
  0.71775804002766719  0.72819792941323569  0.73926834106212169  0.75088132550780129
  0.76242448096796145  0.77342410611109025  0.78370378617322078  0.79347094028276499
  0.80327449051419786  0.81332325529047300  0.82325906796256187  0.83310165426801741
  0.84251710481666586  0.85160388804768838  0.86081352510223275  0.87092784222896202
  0.88193628647576838  0.89363798424162089  0.90497622687660206  0.91607007684772102
  0.92667989340779244  0.93709361515793399  0.94696982295091614  0.95693784447078567
  0.96684249314790538  0.97687243862311413  0.98790946329098117  1.00000000000000000
  0.00335692822314584  0.00458013457471855  0.00578836347791223  0.00691965580051021
  0.00791961304011039  0.00882234701002721  0.00968481517845935  0.01044621927527104
  0.01115618198154776  0.01186309217214094  0.01254629507907812  0.01326256150952044
  0.01398446768363417  0.01472816645795337  0.01543516220581152  0.01618681355895702
  0.01690351670799428  0.01760490896675304  0.01831410701389500  0.01904967476714476
  0.01978317663282605  0.02054429387328056  0.02130928047881651  0.02206231342957727
  0.02275446352477602  0.02349796399008269  0.02424743714025201  0.02514921436880655
  0.02602245489165354  0.02697350039796574  0.02796488585565593  0.02899597289571472
  0.03006218935797736  0.03109991841099786  0.03214775542948036  0.03332592052464553
  0.03460900979721233  0.03588100462401118  0.03712042059955981  0.03848151905876671
  0.04015007058016795  0.04187648330662517  0.04349622520115322  0.04477955550157419
  0.04590652049034116  0.04695544008053220  0.04799080054736068  0.04902947269711580
  0.05006547012503983  0.05112578162633051  0.05233807009484132  0.05369782869893530
  0.05514154767954341  0.05699111397111797  0.05884690691513131  0.06049802847040407
  0.06192967606232401  0.06330947644370374  0.06479882080931841  0.06625885699182063
  0.06778990455202694  0.06935762681632332  0.07097521295360486  0.07245999215790438
  0.07412792621201220  0.07629811358119520  0.07889454133372358  0.08158628435931256
  0.08432828959287829  0.08745074719315032  0.09063247249296939  0.09344844892643116
  0.09708806599217461  0.09988015724838754  0.10261709104346803  0.10577306117631853
  0.10926897839129773  0.11366337178474292  0.11844925219272377  0.12372894919548649
  0.13125881703057979  0.13937881160949486  0.14487805019902605  0.14944585339231053
  0.15438729949532676  0.16034149183577415  0.17300384206660982  0.18263790539362601
  0.19314318905782071  0.20425876583369496  0.21588934688757241  0.23275302681392609
  0.25515270160758846  0.35205539807630293  0.44143010225902990  1.00000000000000000
  0.00008463651684816  0.00010209336556713  0.00012282616726203  0.00014469039629131
  0.00016732943842108  0.00018976120317016  0.00021476396048951  0.00024556870618912
  0.00028155691817649  0.00031945785583078  0.00035960341434403  0.00040257831312244
  0.00044983362270242  0.00050077731323741  0.00055451223248593  0.00060953923431351
  0.00066589349897729  0.00072444176859482  0.00078628452671394  0.00085332932403664
  0.00092391010852949  0.00099869053550951  0.00107930033903415  0.00116403488907002
  0.00125076346467288  0.00133672072838711  0.00141847803484558  0.00149740556817833
  0.00157449926402683  0.00166023347416624  0.00175110895667228  0.00184673020018326
  0.00194588200225037  0.00204995973101725  0.00217313283376760  0.00230527668983238
  0.00243348391310280  0.00257228583597852  0.00271590503218637  0.00287247307224544
  0.00303932936042053  0.00320433122104636  0.00335817965095988  0.00352140474305228
  0.00368293730270752  0.00385206101600932  0.00401027421850527  0.00416549824050756
  0.00433151092305258  0.00451546311630217  0.00471018728701171  0.00490858334950639
  0.00512158813475915  0.00533701020317410  0.00564141840961310  0.00605062161744222
  0.00642225629335322  0.00680961673877154  0.00720019840685123  0.00759506060132893
  0.00796397550054638  0.00831921106298063  0.00870271304362418  0.00913990102680040
  0.00961723686270957  0.01009006723810730  0.01056754326975433  0.01115271429899896
  0.01180819932690809  0.01244490802921018  0.01311173156719384  0.01380702617651181
  0.01454409712035561  0.01530044074543057  0.01606419606871166  0.01688841252970146
  0.01781545428192225  0.01885635562698268  0.02004573726718723  0.02153838827854081
  0.02311601098136159  0.02487608593021515  0.02695427477362497  0.02977580022003684
  0.03293265807810005  0.03594025809054414  0.03959865260243594  0.04355553872019623
  0.04903310275461992  0.05531243971351802  0.06198049297064399  0.06933637033624118
  0.08075401813382904  0.10885187252160995  0.36919046213887829  1.00000000000000000
 -0.00264383536681037  0.01038465096035654  0.02181740607228133  0.03278258851236424
  0.04346217905573251  0.05315036649105882  0.06277519510887231  0.07204645880055841
  0.08119062217048362  0.09045308268192248  0.09994050097944882  0.10857607916338753
  0.11690870693326920  0.12568089211524575  0.13472305255220215  0.14296531137002066
  0.15084609111187047  0.15871089412013781  0.16676711218507648  0.17484460098286467
  0.18300468425191888  0.19143470458400119  0.20079189328807051  0.21035336413878059
  0.22112556842404663  0.23207147018188529  0.24372237055194887  0.25596254310638755
  0.26770408753617181  0.27827886473050517  0.28819195359605598  0.29828308784636093
  0.30842898279682784  0.31843767544152646  0.32824167857823416  0.33789048303763786
  0.34753596135473680  0.35605856599463959  0.36359902764266866  0.37118013762721913
  0.37883142119930641  0.38643105730704691  0.39435324430100244  0.40191015950135511
  0.40862279825036035  0.41531209445848544  0.42354201461176677  0.43320563000874734
  0.44160206541156677  0.44953921919684003  0.45771866742197542  0.46649782053172645
  0.47598792998876732  0.48526944198152822  0.49423365935007957  0.50412259221649691
  0.51547478124918789  0.52767752076632890  0.53994230570851487  0.55126602814248138
  0.56206686851836840  0.57221278342244664  0.58291001071891624  0.59321856226240044
  0.60321173133012884  0.61302177983819306  0.62352672086628491  0.63533735050766338
  0.64841082230375591  0.66247251089766312  0.67517896440339453  0.68651330498115815
  0.69659832160252888  0.70690368856157815  0.71835227131481239  0.72986529284805834
  0.74110095953478528  0.75259342724287026  0.76417062485132770  0.77502500081568904
  0.78470500893858008  0.79489896478560151  0.80693511183000688  0.81934408776356737
  0.83024716015182132  0.84096923683759006  0.85233282406957778  0.86458369431155258
  0.87742613692133609  0.89321923429479533  0.90866656220043307  0.92722956949955582
  0.94520721709896682  0.96251706793948688  0.98026024924963340  1.00000000000000000
 -0.00274818979764403  0.01072783450987587  0.02116573105957219  0.03141179330015697
  0.04187496944350665  0.05266319212964534  0.06343347999006244  0.07426499001031650
  0.08505597225570891  0.09585916975957326  0.10719726415550887  0.11852434513897461
  0.12877945053570011  0.13810822936752415  0.14784049241874822  0.15904944209026664
  0.17022860499766063  0.17886717315470835  0.18786744562876473  0.19696690829453870
  0.20646443032034723  0.21565325615625355  0.22356161034987626  0.23256123860677705
  0.24329847048763151  0.25443984789882823  0.26583694767014060  0.27761260706998203
  0.28954801174932771  0.30125930963006836  0.31395951820533291  0.32771447822964062
  0.34146306034742435  0.35443833751100018  0.36637948846139551  0.37740207562370376
  0.38766938442787779  0.39786783930329223  0.40812660507187642  0.41804494766351524
  0.42823388821366082  0.43950556996320467  0.45192572509488704  0.46431299464601317
  0.47559551748214035  0.48599999447380099  0.49571035158892640  0.50516903931303092
  0.51443482054260858  0.52396097966474831  0.53409906337544344  0.54498412298114540
  0.55662441072225644  0.56854146958190543  0.58068457190746192  0.59234747094406581
  0.60381901053852083  0.61540861923514700  0.62672748132819556  0.63771060717738293
  0.64853633356107387  0.65987299336169569  0.67132101022688584  0.68246592200992429
  0.69359935377896731  0.70483160526517596  0.71592284690282915  0.72611998300094360
  0.73602674352402730  0.74581111795413468  0.75536974589007544  0.76485724559454982
  0.77438685262999607  0.78468243730782017  0.79615916828794553  0.80842181113755474
  0.82023057942730682  0.83028484920938284  0.84000767477736915  0.84940704790619070
  0.85778869631025501  0.86605383115664758  0.87443314132859018  0.88345315145583780
  0.89281110279884635  0.90200417329727922  0.91041080208735881  0.91877364228778546
  0.92786835428305159  0.93840148803968026  0.94948173689394466  0.96024354502241260
  0.97057713206328855  0.98065023869294143  0.99004910099389665  1.00000000000000000
 -0.00543691272105379  0.04195738457305050  0.07846394785331164  0.11028626430420831
  0.13854785090144817  0.16486396870227024  0.18936234405081248  0.21161190941322175
  0.23204785491785482  0.25263736067472664  0.27228851757737177  0.29204222151770187
  0.31124872620732386  0.32978337723105605  0.34732723153841433  0.36481002012226088
  0.38205107570542202  0.39952394361075749  0.41566916307672958  0.43053089051733373
  0.44470261932904037  0.45853465308404090  0.47199203804733242  0.48566200617500005
  0.49989695960243569  0.51355310367921991  0.52579983109294770  0.53764057003599741
  0.54978205706337768  0.56250496610360301  0.57452733948111478  0.58690444808340181
  0.59944513006085798  0.61146125608154134  0.62232709543516918  0.63281820142195144
  0.64353301599199642  0.65358829283791842  0.66339460600816558  0.67227285901464107
  0.68061608230617920  0.68877866976981994  0.69712200490721188  0.70604982291237994
  0.71526630421388293  0.72438073906134959  0.73320667918827664  0.74171686451659113
  0.74960991475919359  0.75694719431501634  0.76445295031357818  0.77230950690502198
  0.78048886433598885  0.78807031764734048  0.79488228843224318  0.80171911075653679
  0.80818815313898029  0.81426650731492523  0.82026473763829544  0.82606739996242617
  0.83211823592394030  0.83829762683852427  0.84413941681125293  0.84991118968022872
  0.85590499269855413  0.86182816808925600  0.86762375345852660  0.87322248666067415
  0.87863783148765007  0.88409830109644161  0.88986152730525880  0.89550539444490396
  0.90097777805432577  0.90652452083478474  0.91181187229809435  0.91735686822889329
  0.92295547331865913  0.92873779588942906  0.93402667953314966  0.93855576418511877
  0.94240147984434774  0.94592053566519607  0.94974893079568778  0.95403166837922881
  0.95853854507564951  0.96319264877857180  0.96730778762213410  0.97132937360026650
  0.97530964108817464  0.97921224746686586  0.98290968997555195  0.98646031158778946
  0.98975409118266622  0.99302151294524932  0.99652315829318150  1.00000000000000000
 -0.00204112825656876  0.00819380482106847  0.01675864455993757  0.02547633303974538
  0.03397771108470297  0.04320446914068660  0.05448861473897457  0.06622804609783052
  0.07937690425343936  0.09206233511675645  0.10359685077123962  0.11481874454776983
  0.12515867135712175  0.13505574974987128  0.14460326310900731  0.15396988278125556
  0.16329596657691534  0.17279686739383249  0.18242843963632019  0.19252979611459664
  0.20402922627186917  0.21703604594259615  0.22972434519022727  0.24089372470595929
  0.25158109810670620  0.26242448742226276  0.27260817689843508  0.28240348240727964
  0.29231059518537567  0.30304062769870371  0.31430256235801041  0.32554549809771094
  0.33604727566009934  0.34660907217601888  0.35650640007804513  0.36603966724548853
  0.37690095321599082  0.38887333244072309  0.40135723554096342  0.41328139320882645
  0.42430691430430456  0.43518100547111960  0.44668290433042723  0.45937158355669411
  0.47155786177110920  0.48280275379387377  0.49347256063056555  0.50407718415269220
  0.51494581244957749  0.52545749394414731  0.53540531802921643  0.54616310541901070
  0.55718733994071956  0.56806446323830317  0.57775491549173885  0.58715413353561963
  0.59696053241399005  0.60675130231760577  0.61636956029610390  0.62619528730832064
  0.63790067483064072  0.64874294895186668  0.65971440058563813  0.67103197689318395
  0.68174766386610774  0.69353069107140297  0.70525350294495193  0.71644512174724417
  0.72715312518922215  0.73802920430842422  0.74938973926445906  0.76010440350215847
  0.77081780326591620  0.78162527673573778  0.79255824413366871  0.80361646912604534
  0.81502785015871493  0.82735509743991309  0.83726332183904828  0.84545097691373272
  0.85408640468898833  0.86259674155808497  0.87092750303266409  0.87961911242928315
  0.88834826345372597  0.89813448297534038  0.90916164042747749  0.92053336544145792
  0.93139273973296988  0.94187607284367614  0.95218703630716472  0.96179728717671231
  0.97133978623131356  0.98113385567313371  0.99058202920587379  1.00000000000000000
 -0.00288280742467959  0.01004816251467218  0.02233252473219073  0.03444884048606059
  0.04626257388251800  0.05749537066885266  0.06845836825845424  0.07958338777645740
  0.09104765182970682  0.10180846020905673  0.11010610633766180  0.11723054123058133
  0.12446483607471068  0.13208071472526128  0.14022542185387488  0.14832207312722964
  0.15577798504063550  0.16268579820795562  0.17154459630806926  0.18244735650833069
  0.19296823093699797  0.20373779686971388  0.21445377807045374  0.22616177851079217
  0.23722655487704175  0.24939190721011675  0.26146678726402334  0.27397695432325120
  0.28566379024578936  0.29753194353110901  0.30872246390071678  0.32053129808279807
  0.33180155425640773  0.34223621794400522  0.35252406690679738  0.36364913497108164
  0.37553940880533637  0.38577712230056627  0.39533506599620338  0.40519457628061273
  0.41557090289887372  0.42512571397921994  0.43465630218898293  0.44402983254642114
  0.45398214130278985  0.46356534943582156  0.47409491267148907  0.48440786836274552
  0.49509147232101480  0.50551872211350757  0.51708848924330741  0.52920821544778773
  0.54102702098578881  0.55139480436363519  0.56051994365803737  0.56973995544041189
  0.57883055831698926  0.58835411146164474  0.59832533625779127  0.60992002680878898
  0.62261961278648292  0.63386760797455177  0.64350325549379417  0.65281026563875966
  0.66205077872808438  0.67158090311435248  0.68105585584778283  0.69092426380644267
  0.70180521739435608  0.71291519335093712  0.72490569503641400  0.73664730711038440
  0.74808034723646499  0.75847696196990488  0.76832976487767346  0.77807819771438258
  0.78808440854133743  0.79966430108751685  0.81201719549123974  0.82390982197141571
  0.83532928392311434  0.84714344515008244  0.85916862067232436  0.87057033367842407
  0.88205227266908248  0.89398558486675983  0.90454580069752377  0.91425138553178398
  0.92360369024310895  0.93307083908037447  0.94299866349930994  0.95333662281386811
  0.96459296663542371  0.97644603671878649  0.98797701823783846  1.00000000000000000
  0.55272723263948120  0.60014178551123654  0.64148230793702676  0.67036303205681780
  0.69638360783330677  0.72151664224816359  0.74273154754112902  0.76010346635059167
  0.77532191445288501  0.78951974896176780  0.80210286306164036  0.81324373798512439
  0.82263185063134481  0.83142733024283366  0.83894552455171245  0.84578509952672409
  0.85245050747607287  0.85857366994155215  0.86440172504465884  0.86999979546070283
  0.87532361606945142  0.87988181951375832  0.88405528456521920  0.88808321804339074
  0.89205009784910527  0.89601252597675030  0.89966591625457193  0.90323737308328289
  0.90659947902711113  0.90980450764289889  0.91308057983399638  0.91620653924173745
  0.91890857832382589  0.92130466249752285  0.92366966276312090  0.92601852238450988
  0.92843610512031027  0.93082740646627582  0.93309685814322540  0.93522294133828598
  0.93723204701432439  0.93900197532191443  0.94065907743530386  0.94229467434677094
  0.94385465934104906  0.94536553442302829  0.94683140842562097  0.94826266708690243
  0.94961200146462565  0.95094759579889476  0.95224395320025501  0.95352009224065815
  0.95479239386405679  0.95607178148013661  0.95737925393881718  0.95869988700334052
  0.95994906681681236  0.96115215330470993  0.96227470716339636  0.96335423631073991
  0.96438949278154729  0.96539456815339841  0.96643416688638528  0.96750131078312662
  0.96857450877189688  0.96963429490640263  0.97064841708788852  0.97159921154205608
  0.97250825461810464  0.97337225566622587  0.97421219663590586  0.97502685251952037
  0.97582703035345686  0.97662748766269103  0.97743309485454555  0.97822618619472357
  0.97899367956150707  0.97972803956805343  0.98043536228892070  0.98116933495617220
  0.98192733705778279  0.98269965928729164  0.98346255129826410  0.98422161572773537
  0.98500204583843354  0.98581250457563874  0.98666415403182051  0.98756928720462944
  0.98847880207041061  0.98941480149486871  0.99035884967779042  0.99136975533355065
  0.99251186844863903  0.99391086998848333  0.99605216964200216  1.00000000000000000
   1.3562368307728036E-009  -1.0000000000000000     
 F F F F F F F F F F F F F F F F F F F F F F F F F F F F F F F F F F F F F F F F F F F F F F F F F F F F F F F F F F F F F F F F
  <DiscreteSampler_grid>
  grouped_processes
  1 # 1 for a reference and 2 for a running grid.
  10 # Attribute 'min_bin_probing_points' of the grid.
  1 # Attribute 'grid_mode' of the grid. 1=='default',2=='initialization'
  0.0000000000000000 # Attribute 'small_contrib_threshold' of the grid.
  0.5000000000000000 # Attribute 'damping_power' of the grid.
 # binID   n_entries weight   weight_sqr   abs_weight
    10   10   3.291938682637138E-001   8.055762061242717E-001   3.291938682637138E-001
  </DiscreteSampler_grid>
