  0.03294615821709276  0.19127361864461001  0.19504723728922005  0.19882085593383009
  0.20259447457844010  0.20636809322305014  0.21029077599308149  0.21437545294338073
  0.21846012989367994  0.22254480684397915  0.22662948379427839  0.23187685873474106
  0.23903052686786375  0.24618419500098640  0.25333786313410905  0.26049153126723174
  0.26764519940035442  0.33333462591914920  0.33937922157908212  0.34542381723901500
  0.35146841289894792  0.35751300855888080  0.36355760421881367  0.36960219987874654
  0.37564679553867936  0.38169139119861223  0.38773598685854505  0.39378058251847792
  0.47032043411741570  0.54285835223969225  0.54610149474903358  0.54934463725837479
  0.55258777976771611  0.55583092227705733  0.55907406478639865  0.56231720729573986
  0.56556034980508119  0.56880349231442251  0.57204663482376372  0.57528977733310505
  0.57853291984244626  0.58177606235178758  0.58501920486112891  0.58826234737047012
  0.59150548987981144  0.59474863238915276  0.59799177489849409  0.60123491740783541
  0.61499640180361359  0.66758653289205083  0.66928403514838586  0.67098153740472077
  0.67267903966105580  0.67437654191739083  0.67607404417372585  0.67777154643006088
  0.67946904868639590  0.68116655094273093  0.68286405319906585  0.68456155545540087
  0.68625905771173590  0.68795655996807092  0.68965406222440595  0.69135156448074098
  0.69304906673707600  0.69474656899341092  0.69644407124974594  0.69814157350608097
  0.69983907576241600  0.70153657801875102  0.70323408027508605  0.70493158253142107
  0.70662908478775610  0.70832658704409102  0.70990918640775591  0.71149132729712661
  0.71307346818649731  0.71465560907586800  0.71623774996523870  0.71781989085460929
  0.71940203174397999  0.72098417263335068  0.72256631352272138  0.72414845441209197
  0.72573059530146267  0.72731273619083336  0.72889487708020406  0.73224138170728370
  0.73595384597402447  0.73966631024076523  0.74337877450750600  0.74709123877424677
  0.77441788266110900  0.88720894133055062  0.93303124620348321  1.00000000000000000
  0.00002495641314619  0.00017329207975637  0.00017669643277389  0.00018010078579141
  0.00018350513880892  0.00018690949182644  0.00019031384484396  0.00019371819786147
  0.00019793396185042  0.00020263046642000  0.00020732697098957  0.00021202347555914
  0.00021671998012871  0.00022141648469829  0.00033070516749696  0.00046038095179898
  0.00048411553370050  0.00050785011560201  0.00053454723911675  0.00056178806586486
  0.00058871167714354  0.00061147823559221  0.00063424479404088  0.00065701135248955
  0.00068174846919100  0.00071205498385409  0.00074236149851718  0.00077266801318027
  0.00079514649538835  0.00081743918196790  0.00083973186854745  0.00086202455512699
  0.00088431724170654  0.00091244926571355  0.00094159636439393  0.00097074346307430
  0.00099989056175468  0.00103055830797522  0.00106401122779730  0.00109746414761939
  0.00113091706744147  0.00116436998726355  0.00177506198926165  0.00179730314109662
  0.00181954429293159  0.00184178544476656  0.00186402659660153  0.00188626774843650
  0.00190850890027147  0.00193075005210644  0.00195299120394141  0.00197523235577638
  0.00199747350761135  0.00201971465944631  0.00204388593712369  0.00206941271346753
  0.00209493948981138  0.00212046626615523  0.00214599304249908  0.00217151981884292
  0.00219704659518677  0.00222257337153062  0.00224810014787447  0.00227362692421831
  0.00229915370056216  0.00232468047690601  0.00235339734826460  0.00238269512543656
  0.00241199290260853  0.00244129067978050  0.00247058845695246  0.00249988623412443
  0.00252918401129639  0.00255848178846836  0.00258777956564033  0.00261707734281229
  0.00264637511998426  0.00290807879706499  0.00536203623260124  0.00553419296031197
  0.00570634968802270  0.00587850641573342  0.00605066314344415  0.00622040712328389
  0.00638891536668546  0.00655742361008704  0.00672593185348861  0.00689444009689018
  0.00893324192568576  0.01962889394325211  0.02899602935725024  0.02899602935726023
  0.02899602935727023  0.02899602935728023  0.02899602935729023  1.00000000000000000
  0.00002418626213885  0.00006687193780649  0.00006898622015619  0.00007110050250590
  0.00007321478485561  0.00007565833857775  0.00007846537105714  0.00008127240353653
  0.00008407943601591  0.00009891739044298  0.00010153439699856  0.00010415140355414
  0.00010676841010972  0.00010938541666530  0.00011200242322088  0.00011495190276832
  0.00011795551254224  0.00012095912231616  0.00012396273209007  0.00012696634186399
  0.00013011785124498  0.00013356517607294  0.00013701250090089  0.00014045982572884
  0.00014390715055679  0.00014735447538474  0.00015344471751713  0.00016016842448960
  0.00016689213146208  0.00017416658217527  0.00018188356398275  0.00018960054579024
  0.00019766213863872  0.00020651912905499  0.00021537611947127  0.00023313893369686
  0.00026110641043980  0.00026598335838110  0.00027086030632241  0.00027573725426371
  0.00028061420220502  0.00028549115014633  0.00029036809808763  0.00029531186248801
  0.00030090926860537  0.00030650667472273  0.00031210408084010  0.00031770148695746
  0.00032329889307483  0.00032889629919219  0.00033449370530956  0.00034034955068097
  0.00034677384628957  0.00035319814189817  0.00035962243750678  0.00036604673311538
  0.00037247102872398  0.00037889532433258  0.00038531961994118  0.00039100643995541
  0.00039604540461778  0.00040108436928015  0.00040612333394252  0.00041116229860489
  0.00041620126326726  0.00042124022792963  0.00042627919259200  0.00043131815725437
  0.00043635712191674  0.00044139608657911  0.00044636586616388  0.00045093691285394
  0.00045550795954401  0.00046007900623407  0.00046465005292413  0.00046922109961419
  0.00047379214630425  0.00047836319299432  0.00048293423968438  0.00048750528637444
  0.00049207633306450  0.00049664737975457  0.00050121842644463  0.00050578947313469
  0.00051036051982475  0.00091379991350692  0.00198819043007701  0.00433232807585122
  0.00941762484754850  0.02050702204856444  0.02450347794873365  0.02450347794874365
  0.02450347794875365  0.02450347794876365  0.02450347794877365  1.00000000000000000
  0.01404726107915237  0.01515994526351193  0.01627262944787148  0.01738531363223103
  0.01849799781659058  0.01961068200095013  0.02072336618530968  0.02447327711996111
  0.02851241053105592  0.03255154394215075  0.03659067735324557  0.04062981076434038
  0.04508362579360725  0.04968065379440396  0.05427768179520068  0.05887470979599739
  0.08711730173214133  0.20357508050751391  0.25446870340629435  0.26189971904712150
  0.26933073468794871  0.27676175032877598  0.28419276596960324  0.29162378161043051
  0.29905479725125772  0.30648581289208487  0.33470432735223560  0.37616002203417875
  0.37793378586897336  0.37970754970376802  0.38148131353856268  0.38325507737335734
  0.38502884120815201  0.38680260504294667  0.38857636887774133  0.39035013271253599
  0.39212389654733060  0.39389766038212526  0.39567142421691992  0.39744518805171458
  0.39921895188650930  0.40099271572130396  0.40276647955609862  0.40454024339089328
  0.40631400722568800  0.40808777106048266  0.40986153489527732  0.41163529873007199
  0.41340906256486665  0.41518282639966136  0.41695659023445603  0.41873035406925069
  0.42050411790404535  0.42227788173883996  0.42405164557363462  0.42582540940842928
  0.42759917324322394  0.42937293707801860  0.43114670091281326  0.43292046474760792
  0.43469422858240259  0.43646799241719725  0.47937078565672714  0.48275031610527080
  0.48612984655381447  0.48950937700235814  0.49288890745090180  0.49626843789944547
  0.49964796834798914  0.50302749879653286  0.50640702924507652  0.50978655969362019
  0.51316609014216386  0.51654562059070752  0.51992515103925119  0.52330468148779485
  0.52668421193633852  0.53006374238488219  0.53344327283342596  0.53682280328196963
  0.54020233373051330  0.60766389663842402  0.64887756711965328  0.65340601535864407
  0.65793446359763474  0.66246291183662553  0.66694388953594508  0.67081027357574696
  0.67467665761554896  0.67854304165535084  0.68240942569515284  0.68627580973495483
  0.71052855650583890  0.71052855650584890  0.71052855650585889  1.00000000000000000
  0.07584982713063554  0.21210784445714015  0.21588235558094704  0.21965686670475396
  0.22343137782856085  0.22720588895236773  0.23129616071527528  0.23572779269184807
  0.24015942466842088  0.24459105664499367  0.24902268862156646  0.25340160156001335
  0.25776559899934637  0.26212959643867939  0.26649359387801241  0.27085759131734544
  0.27522158875667846  0.27958558619601154  0.28394958363534462  0.28831358107467769
  0.29267757851401072  0.29704157595334374  0.30140557339267676  0.30576957083200978
  0.31013356827134281  0.36622723695608156  0.48360286232134386  0.50622816069585119
  0.51346766559732770  0.52070717049880433  0.52794667540028095  0.53518618030175769
  0.54242568520323431  0.54966519010471093  0.55690469500618744  0.58915776113339124
  0.62923687339654755  0.63533628476493731  0.64143569613332707  0.64753510750171694
  0.65363451887010682  0.65973393023849669  0.66583334160688645  0.67193275297527633
  0.67803216434366609  0.68413157571205585  0.74005446748403025  0.81373806267476423
  0.81697238451734921  0.82020670635993431  0.82344102820251930  0.82667535004510428
  0.82990967188768927  0.83314399373027437  0.83637831557285935  0.83961263741544445
  0.84284695925802944  0.84608128110061454  0.84931560294319963  0.85254992478578462
  0.85578424662836972  0.85901856847095470  0.86225289031353969  0.86548721215612479
  0.86872153399870977  0.87195585584129476  0.88190167078674742  0.95891639697077413
  0.96058788781731130  0.96225937866384836  0.96393086951038542  0.96560236035692260
  0.96727385120345966  0.96894534204999672  0.97061683289653389  0.97228832374307095
  0.97395981458960801  0.97563130543614507  0.97730279628268224  0.97897428712921930
  0.98032723571571745  0.98163875333466966  0.98295027095362175  0.98426178857257396
  0.98557330619152617  0.98688482381047826  0.98819634142943047  0.98950785904838268
  0.99081937666733477  0.99213089428628698  0.99344241190523919  0.99475392952419128
  0.99606544714314349  0.99737696476209570  0.99868848238104779  1.00000000000000000
  0.04783194859822597  0.31760931744055487  0.32271863488110980  0.32782795232166467
  0.33293726976221955  0.33672760793511441  0.34040710980395161  0.34408661167278881
  0.34776611354162601  0.35144561541046321  0.35525664098220744  0.35944106371422091
  0.36362548644623438  0.36780990917824791  0.37199433191026138  0.37617875464227485
  0.38036317737428832  0.38454760010630185  0.38873202283831532  0.39291644557032879
  0.39677324293567862  0.39987609942662539  0.40297895591757216  0.40608181240851893
  0.40918466889946570  0.41228752539041247  0.41539038188135924  0.41849323837230601
  0.42159609486325278  0.42469895135419949  0.42780180784514626  0.43090466433609298
  0.43400752082703975  0.43711037731798646  0.44021323380893318  0.44331609029987995
  0.44641894679082667  0.44952180328177344  0.45262465977272015  0.45572751626366692
  0.45944437758054368  0.46638026778680786  0.47331615799307203  0.48025204819933620
  0.48718793840560032  0.49412382861186444  0.50059953214905606  0.50452348734343688
  0.50844744253781760  0.51237139773219831  0.51629535292657913  0.52021930812095984
  0.52441758142468586  0.52866674348928122  0.53291590555387658  0.53716506761847194
  0.54141422968306729  0.54566339174766265  0.54991255381225790  0.55416171587685326
  0.55841087794144861  0.56672460288266024  0.64630647705183242  0.64791189746326094
  0.64951731787468936  0.65112273828611789  0.65272815869754641  0.65433357910897494
  0.65593899952040347  0.65754441993183199  0.65914984034326052  0.66075526075468904
  0.66236068116611757  0.66396610157754610  0.66557152198897451  0.66706721502371080
  0.66832741311985433  0.66958761121599786  0.67084780931214139  0.67210800740828480
  0.67336820550442833  0.67462840360057186  0.67588860169671539  0.67714879979285880
  0.67840899788900233  0.67966919598514586  0.68092939408128927  0.68218959217743280
  0.68344979027357633  0.68470998836971986  0.68597018646586327  0.68723038456200680
  0.74986756245295205  0.74986756245296204  0.74986756245297204  1.00000000000000000
 -0.00306491201028429  0.00113635843862344  0.00227271687724689  0.00340907531587033
  0.00454543375449377  0.00568179219311721  0.00681815063174065  0.00795450907036410
  0.00909086750898754  0.01022722594761098  0.01136358438623443  0.01249994282485787
  0.01363630126348131  0.01477265970210475  0.01590901814072820  0.01704537657935164
  0.01818173501797508  0.01931809345659852  0.02045445189522196  0.02180172062031768
  0.02325448428796219  0.02470724795560672  0.02616001162325124  0.02761277529089576
  0.02906553895854028  0.03051830262618480  0.03197106629382932  0.03342382996147385
  0.03487659362911837  0.03632935729676288  0.03778212096440741  0.03923488463205193
  0.04068764829969645  0.07622782505041804  0.18221134644928930  0.25166722363954852
  0.25629345334614778  0.26091968305274699  0.26554591275934625  0.27017214246594551
  0.27479837217254482  0.27942460187914409  0.28405083158574340  0.28867706129234272
  0.29330329099894198  0.29792952070554124  0.30255575041214050  0.30718198011873976
  0.31180820982533897  0.40263511709782079  0.48071851717417458  0.48630288288046775
  0.49188724858676092  0.49747161429305409  0.50305597999934726  0.50864034570564043
  0.51422471141193360  0.51980907711822677  0.52539344282452005  0.53097780853081322
  0.53656217423710650  0.55077399637397151  0.58554739534060629  0.58874326452073411
  0.59193913370086204  0.59513500288098986  0.59833087206111768  0.60152674124124561
  0.60472261042137343  0.60791847960150125  0.61111434878162907  0.61431021796175689
  0.61750608714188471  0.62070195632201253  0.62389782550214035  0.62654162984154316
  0.62889481311104256  0.63124799638054196  0.63360117965004137  0.63595436291954077
  0.63830754618904006  0.64066072945853947  0.64301391272803887  0.64536709599753828
  0.64773437558021130  0.65010513816013460  0.65247590074005790  0.65484666331998120
  0.65721742589990451  0.65958818847982781  0.66195895105975122  0.66398561398188272
  0.66398561398189271  0.66398561398190270  0.66398561398191269  1.00000000000000000
  0.13931953509648637  0.14054856631188983  0.14177759752729327  0.14300662874269673
  0.14423565995810020  0.14546469117350364  0.14699184772530871  0.14864673901199801
  0.15030163029868732  0.15195652158537662  0.15361141287206592  0.15526630415875525
  0.15692119544544456  0.15857608673213386  0.16023097801882316  0.16188586930551246
  0.16354076059220177  0.16519565187889107  0.16686340578678233  0.16863406085990909
  0.17040471593303586  0.17217537100616262  0.17394602607928938  0.17571668115241615
  0.17748733622554289  0.17925799129866965  0.18102864637179641  0.18279930144492318
  0.18456995651804994  0.18634061159117671  0.18811126666430344  0.18988192173743021
  0.19165257681055697  0.19342323188368374  0.19519388695681050  0.19696454202993724
  0.19873519710306400  0.20050585217619077  0.20227650724931753  0.20404716232244430
  0.20581781739557106  0.20758847246869783  0.27616451060443026  0.39325000119993037
  0.42029168842446107  0.42482294469192516  0.42935420095938931  0.43388545722685340
  0.43841671349431749  0.44294796976178163  0.44747922602924572  0.45201048229670981
  0.45654173856417396  0.46107299483163811  0.46560425109910225  0.47013550736656640
  0.47466676363403054  0.47997681923030538  0.50280126951427762  0.50618041859859308
  0.50955956768290867  0.51293871676722413  0.51631786585153960  0.51969701493585507
  0.52307616402017054  0.52645531310448612  0.52983446218880159  0.53321361127311717
  0.53659276035743264  0.53997190944174822  0.54335105852606369  0.54673020761037916
  0.55010935669469474  0.55348850577901021  0.55686765486332568  0.56024680394764115
  0.60151359775632374  0.68947724823391943  0.69692142398847878  0.70436559974303814
  0.71180977549759750  0.71925395125215685  0.72669812700671632  0.73414230276127568
  0.74158647851583492  0.74903065427039428  0.85183916594524922  0.88004709036469397
  0.88633874021676073  0.89263039006882738  0.89853960905351227  0.90405225285823265
  0.90956489666295304  0.91507754046767342  0.95688581864039102  1.00000000000000000
  0.67036354144414267  0.67442221161851612  0.67848088179288957  0.68253955196726301
  0.68659822214163646  0.69128401181324250  0.69614894046728515  0.70101386912132790
  0.70587879777537055  0.71155569425983090  0.71805942845591741  0.72456316265200393
  0.73106689684809034  0.73757063104417675  0.74407436524026316  0.75796873762038508
  0.79363764951152282  0.79679568707139514  0.79995372463126757  0.80311176219113989
  0.80626979975101221  0.80942783731088463  0.81257346885802284  0.81527527686159562
  0.81797708486516840  0.82067889286874118  0.82338070087231396  0.82608250887588675
  0.82878431687945953  0.83148612488303231  0.83418793288660509  0.83688974089017798
  0.83959154889375076  0.84229335689732354  0.84499516490089643  0.84769697290446921
  0.85039878090804200  0.85310058891161489  0.85669847372424357  0.86088037142886109
  0.86506226913347861  0.86924416683809624  0.87342606454271376  0.93090847679526090
  0.93964304730067272  0.94195616712280272  0.94426928694493262  0.94658240676706251
  0.94889552658919241  0.95120864641132241  0.95352176623345231  0.95583488605558220
  0.95814800587771209  0.95935533903238412  0.96046635986224216  0.96157738069210019
  0.96268840152195834  0.96379942235181637  0.96491044318167440  0.96602146401153255
  0.96713248484139058  0.96824350567124862  0.96935452650110676  0.97046554733096480
  0.97157656816082283  0.97268758899068097  0.97379860982053901  0.97490963065039704
  0.97602065148025519  0.97713167231011322  0.97824269313997125  0.97931179122071932
  0.98017379991985598  0.98103580861899264  0.98189781731812942  0.98275982601726608
  0.98362183471640274  0.98448384341553941  0.98534585211467618  0.98620786081381284
  0.98706986951294950  0.98793187821208628  0.98879388691122294  0.98965589561035960
  0.99051790430949638  0.99137991300863304  0.99224192170776970  0.99310393040690637
  0.99396593910604314  0.99482794780517980  0.99568995650431646  0.99655196520345324
  0.99741397390258990  0.99827598260172656  0.99913799130086334  1.00000000000000000
   2.9065136049737444E-009  -1.0000000000000000     
 F F F F F F F F F F F F F F F F F F F F F F F F F F F F F F F F F F F F F F F F F F F F F F F F F F F F F F F F F F F F F F F F
  <DiscreteSampler_grid>
  grouped_processes
  1 # 1 for a reference and 2 for a running grid.
  10 # Attribute 'min_bin_probing_points' of the grid.
  1 # Attribute 'grid_mode' of the grid. 1=='default',2=='initialization'
  0.0000000000000000 # Attribute 'small_contrib_threshold' of the grid.
  0.5000000000000000 # Attribute 'damping_power' of the grid.
 # binID   n_entries weight   weight_sqr   abs_weight
    10   10   3.160793657384106E+003   2.569007633788077E+007   3.160793657384106E+003
  </DiscreteSampler_grid>
