  0.00235226157985602  0.01450815061872861  0.02764966617622718  0.04084711482179457
  0.05390997077781350  0.06445367156306291  0.07287230475566385  0.08068982512719609
  0.08766339066962631  0.09441615257184496  0.10122730224024211  0.10873225349536984
  0.11562380240978457  0.12154080865865366  0.13002333315832998  0.14028864369650917
  0.14958047277703468  0.15932805359366101  0.17017411390572068  0.18259366197729543
  0.19593078864422689  0.20937853363126779  0.22251245790908791  0.23510229677917030
  0.24763990826946911  0.26135800269581028  0.27529091699027425  0.28744787387046389
  0.29933799081549706  0.31131835725854135  0.32362281535138776  0.33570569475961765
  0.34752538478831624  0.35834474670686084  0.36766347007039130  0.37631862310606590
  0.38474938479550863  0.39373578203900689  0.40349084633853333  0.41378096425016930
  0.42348455871791124  0.43107816950805183  0.43787778242887720  0.44472284936288509
  0.45365016208290138  0.46467053321178081  0.47512278406524899  0.48552617492800793
  0.49649180368136880  0.50819648027377029  0.51919299547243358  0.52868551738068215
  0.53756078300513666  0.54696662272028873  0.55758467664878386  0.57127129181957415
  0.58355105317247402  0.59493696839824062  0.60584369915640179  0.61670513703978991
  0.62711040558371978  0.63676013392169284  0.64677774609894489  0.65717189028750567
  0.66834049918558358  0.67948606238555853  0.69149367548728358  0.70441032505545842
  0.71687015252643016  0.72891461278139402  0.74097068828856039  0.75431411039340368
  0.76770970475972078  0.77914123066478536  0.78846993087517570  0.79741549966292347
  0.80691332915213609  0.81612062925105644  0.82602464719716606  0.83736771239133312
  0.84886167833069859  0.85982195986843979  0.87103083937362358  0.88384184059068915
  0.89842268064962694  0.91194596505367786  0.92309878111028254  0.93261857959451389
  0.94182591469831201  0.95125305040191077  0.96101396522396354  0.97035952285112381
  0.97743453899246879  0.98508079625566636  0.99238764412451208  1.00000000000000000
  0.00009388307410418  0.00009804122892247  0.00010093543100407  0.00010496958108498
  0.00010859565841123  0.00011222577910031  0.00011746341895054  0.00012414171831359
  0.00013100911931442  0.00013749941991031  0.00014421268181597  0.00015209243592280
  0.00015920376939097  0.00016614473053449  0.00017265075788538  0.00018120243756646
  0.00018941713005264  0.00019855442899388  0.00020807830744672  0.00021814012991318
  0.00022848564000600  0.00023949903279532  0.00025222928672809  0.00026812254216892
  0.00028682846204090  0.00030762418822026  0.00032141631163630  0.00033642631655976
  0.00035137884566629  0.00036678574500644  0.00038435597328932  0.00040308069817785
  0.00042630374618519  0.00045318906745280  0.00048190422846711  0.00051179857520056
  0.00054267856481396  0.00057495156778107  0.00061438802524833  0.00066254890653143
  0.00070871731751398  0.00075492277692999  0.00080738073531408  0.00086290004947683
  0.00092986813977429  0.00100818909331743  0.00108613212290525  0.00116317008243023
  0.00124478512560777  0.00133431585929046  0.00143922573044453  0.00156769247298842
  0.00171724837383202  0.00188054678621462  0.00204359013327375  0.00222737891230816
  0.00240274225214549  0.00259545764815226  0.00281576795209704  0.00303802588960817
  0.00331157828630329  0.00359273656854858  0.00387654849220280  0.00416140223608618
  0.00447605594425834  0.00482890884566971  0.00522823560402177  0.00567386448133165
  0.00611407375691538  0.00658254619555542  0.00703787268340453  0.00751860668631577
  0.00813539941031607  0.00883560657669467  0.00967832089320117  0.01057569533998653
  0.01153735158728260  0.01257667092751962  0.01379573739511446  0.01553313663346337
  0.01781033610835756  0.02009866921511784  0.02222135503253855  0.02454347659595104
  0.02750839846588089  0.03127815437013361  0.03504459968527122  0.03947532744748670
  0.04392129904776748  0.04962489855387892  0.05770394652115710  0.06798095365096511
  0.08242142556325036  0.12143475654052907  0.47600393283759684  1.00000000000000000
  0.00002363929141992  0.00006294614499323  0.00008489995203372  0.00011692762106204
  0.00016374868969289  0.00022107025548828  0.00029277548314835  0.00038212139517590
  0.00049363778386864  0.00061399531387154  0.00074142499164417  0.00089102870674846
  0.00106142676157777  0.00125177383045513  0.00145910670840312  0.00169923678321115
  0.00195779289188039  0.00225280063621884  0.00256058500310947  0.00287641155953301
  0.00317191416521826  0.00346600428539149  0.00377607962214167  0.00412944918286462
  0.00450164970831030  0.00490043968764705  0.00529894772119780  0.00569548376685359
  0.00611408917912231  0.00657733543005400  0.00711148250756485  0.00762247660758615
  0.00811908326608162  0.00857925914487183  0.00902059559670534  0.00948641846895022
  0.00997033245465847  0.01047133183964253  0.01096650342345344  0.01146378988566420
  0.01197563647323472  0.01251002546868118  0.01312206301706689  0.01379174902937501
  0.01454580261513334  0.01539852728753574  0.01639203932366995  0.01746016508722121
  0.01847939550400732  0.01951478970404607  0.02054479343988993  0.02150874128283593
  0.02250190751397790  0.02372290131769738  0.02494749149184789  0.02608668879891520
  0.02711762257815013  0.02808572924354586  0.02905213903178849  0.03011737537057107
  0.03132663856600197  0.03277805530013040  0.03428292519173007  0.03574135378658731
  0.03697118957611212  0.03815583634798378  0.03946493366714299  0.04090101492258694
  0.04245653667769039  0.04463854385284301  0.04680628944857696  0.04889091666162497
  0.05086762182192462  0.05280821895433015  0.05475008885891582  0.05658835867929700
  0.05814841229614649  0.05979972125456710  0.06148904188353527  0.06326329421092282
  0.06532918303952559  0.06695856093460933  0.06831830386184312  0.06958078942435478
  0.07076977917100448  0.07184055411676631  0.07291098899661680  0.07402835891783467
  0.07620927332077128  0.07915684060863974  0.08181921227437172  0.08384757990216707
  0.08736665754331568  0.10961584266875152  0.36515190892280935  1.00000000000000000
 -0.00660861673741280  0.04055369455543720  0.07089093381466585  0.09420318659634309
  0.11228971775919400  0.12837802839557150  0.14500836850960241  0.16333526859417452
  0.18362979231600413  0.20635068639406062  0.22630923091278396  0.24336584021161031
  0.25956161133630418  0.27627988055078129  0.29192824078367335  0.30624308709291836
  0.31845781048598115  0.32927392787093296  0.33906925519706271  0.34868091317181887
  0.35935002240761504  0.37063027017319339  0.38060679498722411  0.38998857030660461
  0.39913989098980962  0.40885368671339312  0.41972226120245498  0.43161500358564309
  0.44360630492872799  0.45489372674803147  0.46585748296681562  0.47588252807775266
  0.48577854286824668  0.49665570548169680  0.50843286713123548  0.52100602418772823
  0.53308820115245303  0.54362394696763650  0.55252062675849611  0.56092651746738964
  0.56968754867019800  0.57851777493619749  0.58614246539744919  0.59228496739155823
  0.59801685943595717  0.60373892660849471  0.61185409199970675  0.62055829230875936
  0.62989867039556591  0.63970354213994896  0.65009038651181139  0.66076339175442267
  0.66969305135506596  0.67636775286283968  0.68267941191822379  0.68807881664551840
  0.69349712474846059  0.69953873413621193  0.70550968297505590  0.71158715217228086
  0.71752425377181250  0.72280108725325598  0.72827598053449738  0.73545760289192508
  0.74400140861745978  0.75301670572180313  0.76204804409780758  0.77140238543353590
  0.78078332157067865  0.79003597917197133  0.79804317101693856  0.80646434616389351
  0.81530324307847646  0.82435044302345872  0.83325976341515762  0.84137524774566963
  0.84923200302493596  0.85674826537661108  0.86395346983443078  0.87107739537970752
  0.87806118973629477  0.88506991208658048  0.89203638966732701  0.89894754996356341
  0.90618075329664871  0.91351578202080930  0.92070176593352382  0.92779342074799964
  0.93486286496511961  0.94219030918905522  0.95071542647266949  0.95985218016637242
  0.96970523365105676  0.97968038677479785  0.98934021152352158  1.00000000000000000
 -0.00134700497366658  0.00635289941865901  0.01431321719956900  0.02183432352959612
  0.02866242111006325  0.03507307374514528  0.04224790361667703  0.04933932330130056
  0.05623810825145372  0.06357796419052533  0.07180648871089293  0.07933072826774296
  0.08694582136051157  0.09698226319764805  0.10778413139424024  0.11926624997502941
  0.13101627727571602  0.14124733696208863  0.15183437204977798  0.16154923865769993
  0.17209208710649015  0.18280733280025727  0.19251908953647082  0.20155278782236533
  0.20992720478409527  0.21846287988793223  0.22745074407425381  0.23811388234029321
  0.25071596898686693  0.26524389947791854  0.27887669207832388  0.29147536382763378
  0.30331745843573554  0.31475384007885737  0.32501838117311083  0.33715855865713174
  0.35128688377580353  0.36580913741175503  0.37785462709778095  0.38906253912691807
  0.39972154079889149  0.41088674788575513  0.42203010381019268  0.43323949043215715
  0.44401061424008131  0.45358921782324058  0.46255086700330506  0.47185317194680870
  0.48231602048965438  0.49422696154318796  0.50616565683905035  0.51784047993533699
  0.53014182446530711  0.54220245192493022  0.55418038277950654  0.56673643705408749
  0.57940566100379209  0.59252809634790915  0.60456639168950288  0.61623563850951069
  0.62858069087883239  0.64132251767167092  0.65269070009071217  0.66307137830140994
  0.67314559160691401  0.68318540527202332  0.69339462152137876  0.70293434711353153
  0.71127845898037778  0.71980426405804365  0.72858721742482146  0.73950143688076009
  0.75014727942761261  0.76039486332963813  0.77058535690373775  0.78100611687803290
  0.79130193940961047  0.80073028598317852  0.81072472302041776  0.82085397783019209
  0.83263725382826181  0.84427194324808674  0.85453669496089313  0.86550909208648796
  0.87605847361542533  0.88898376686552549  0.90249069945397187  0.91581762069229034
  0.92902278916091741  0.94016068609662296  0.95116366260833507  0.96146645299903011
  0.97149106510715388  0.98123293251812393  0.99073478484996591  1.00000000000000000
 -0.00188463207028796  0.00852767143770437  0.01796694436200287  0.02637613431875011
  0.03433089527058000  0.04508075885195087  0.05591720188634543  0.06530481908521135
  0.07384038304911737  0.08144179820083633  0.09042010631893990  0.09977065657371235
  0.10965450759315541  0.11948532155025313  0.12883116309309800  0.13828711652081233
  0.14722784550543219  0.15515705990332007  0.16261575267896947  0.16970906986789763
  0.17654890111105989  0.18366005693099199  0.19082204485941698  0.19929292366611240
  0.20793830532934932  0.21919633745335435  0.23216812808850948  0.24422134846021604
  0.25522556592757223  0.26588889703678970  0.27799471144698601  0.29160758452977525
  0.30424238056943032  0.31674851636260448  0.32962313736515608  0.34066879293513819
  0.34965021808739888  0.35811198329696747  0.36612326707013293  0.37508403584770600
  0.38448649755115344  0.39508613452506314  0.40608739258607651  0.41608002827548662
  0.42658510898937713  0.43735532215282280  0.44951225904679754  0.46241616889785220
  0.47404653827648957  0.48559802349332148  0.49683334952547870  0.50875844166812545
  0.51978200116365680  0.53099839918995684  0.54271746304351409  0.55383141406547809
  0.56444796877522063  0.57498649993097062  0.58641347808239397  0.59886488557870032
  0.61088025323537098  0.62246864126691281  0.63491520243600863  0.64898479523079244
  0.66261722949155244  0.67376578857629998  0.68342517928232771  0.69207901993118781
  0.70109568205051986  0.71125490152408921  0.72177378140392279  0.73264580153842696
  0.74425826575039167  0.75673816593521437  0.76974976251124083  0.78305407778091707
  0.79585776917917983  0.80650009556381785  0.81621404434990874  0.82576953441941647
  0.83618693808529376  0.84740441078603101  0.85999869874005219  0.87121057635995236
  0.88132350630691636  0.89079433609318803  0.90084640208556344  0.91228410779108693
  0.92236388531057534  0.93129409687315723  0.94048944849746641  0.94960119942006604
  0.95982219219512577  0.97175195819630367  0.98410634310828837  1.00000000000000000
  0.00380544794082577  0.00552232995634784  0.00733072220113906  0.00909087328886798
  0.01076306439574879  0.01229311938351276  0.01373902317546855  0.01512655692290698
  0.01649473728719030  0.01785332688724272  0.01919964037324685  0.02049398094057338
  0.02179245542025152  0.02306732389775744  0.02429444289248909  0.02554440055650063
  0.02675115908836591  0.02793872758154670  0.02913085601400333  0.03037188016847282
  0.03167024311714661  0.03305853768798012  0.03431080416873557  0.03552972725351813
  0.03672362481673005  0.03784354762083661  0.03902603232899398  0.04032532164051173
  0.04159474553638706  0.04273107654219759  0.04378640994495621  0.04480392085265051
  0.04549482871200898  0.04622275782826006  0.04708342330107862  0.04790973909064122
  0.04866875143153427  0.04942519340208724  0.05036753496059986  0.05142278337292122
  0.05255781903561364  0.05381840954463524  0.05515243118438051  0.05663427860165258
  0.05814946331118511  0.05947088239991052  0.06050786949866931  0.06133327985794560
  0.06204659152304307  0.06281559038728599  0.06364531762857543  0.06454476019418307
  0.06523752426670233  0.06591024541451199  0.06666064018403794  0.06736104583979476
  0.06809745859574208  0.06931174811374304  0.07051689611011366  0.07179533752706366
  0.07328310718323983  0.07463865701043029  0.07575071877086564  0.07678267334052828
  0.07790185452377564  0.07907453049839448  0.08071265583893993  0.08260362765554907
  0.08439693404754302  0.08609641411708666  0.08769757691316289  0.08927489102687805
  0.09084080911672626  0.09261846731769319  0.09470819190717121  0.09690817379070886
  0.09961236122450738  0.10283144088984049  0.10709549500655624  0.11192169961649960
  0.11641798488505685  0.12051239307039059  0.12449231035954927  0.12895336488766143
  0.13436055532046748  0.14174290518523341  0.15139265115900841  0.16811333588432689
  0.18247303579376073  0.20165910267317644  0.21153439308068814  0.22170220642964825
  0.23549289590300893  0.26643492195770252  0.30823047233133810  1.00000000000000000
 -0.00488829280117173  0.02021332283094543  0.04193703063417472  0.05589745402304831
  0.07089278409481919  0.08363039853352419  0.09892127622109789  0.11448052730515738
  0.13444867444771744  0.15293112746828630  0.16985395748251206  0.18600685158303337
  0.19988910612953978  0.21180806989034903  0.22216440877378293  0.23156510833616736
  0.24040554830097915  0.24920172529778609  0.25922320380303610  0.27207500609340435
  0.28427124848600660  0.29597541518639764  0.30739267648680890  0.31856468078473155
  0.32937665800088323  0.33876010251354921  0.34664831597480733  0.35416033230554989
  0.36075805976126329  0.36734461421164727  0.37487817556656822  0.38374809762556256
  0.39157668499379461  0.40000829407838845  0.40839974232705428  0.41701720777944723
  0.42519642632674792  0.43291348575044708  0.44085952162705783  0.44829013636816445
  0.45593543270713804  0.46334087012886405  0.47069050748948571  0.47848568721341705
  0.48657225468966575  0.49463300959911216  0.50274542583770487  0.51048859476623187
  0.51822632098218102  0.52607215373470906  0.53377800774813600  0.54104402782820116
  0.54789252298112867  0.55518294290567138  0.56313688055895961  0.57168939782804140
  0.57981889883124504  0.58755304039753753  0.59445737653989483  0.60175682252352225
  0.60879306694234236  0.61597358167787952  0.62341158017698195  0.63141939840170269
  0.63983299413159711  0.64854137445711890  0.65814317659307364  0.66748850045081043
  0.67828062254457810  0.68940149550350027  0.70034879689461227  0.71064160906456275
  0.72010138883154062  0.72957229257956568  0.73974797872714992  0.75036708153459009
  0.76206456102260256  0.77545747583158819  0.79081781401972173  0.80427417255180467
  0.81623235191296650  0.82865850286718623  0.84195514331475518  0.85663099136707410
  0.87218536164845650  0.88396262643907719  0.89495323632850854  0.90383664777576667
  0.91199604487603492  0.92160721695565750  0.93254109612902059  0.94716590634678466
  0.96209233181203802  0.97449593084532260  0.98608684362021748  1.00000000000000000
  0.50170540740823166  0.55864378546960769  0.57507618361427426  0.59520420322884060
  0.61230837333693156  0.63023534212485888  0.64832916202982971  0.66540827270705527
  0.68197136523600410  0.69774820341923971  0.71106392643911276  0.72290930218051963
  0.73404881375038900  0.74482830949619894  0.75471512070771807  0.76335378757942873
  0.77206246779081822  0.78052943349137061  0.78876637860626575  0.79635996960998690
  0.80360291921479010  0.81106304813856345  0.81763295229700561  0.82319470591623067
  0.82842670156931253  0.83362279767890135  0.83819369424200696  0.84223795065549245
  0.84611513967575758  0.85001012905801387  0.85396815832823925  0.85763472779498573
  0.86139524299415871  0.86539729313905878  0.86963910802618027  0.87377600847184855
  0.87742810832220075  0.88067973418627954  0.88372416635665152  0.88657308770190457
  0.88937485134116501  0.89230564642352561  0.89539143450217951  0.89853391601332144
  0.90156659484318435  0.90435225544010156  0.90696981738234295  0.90964749540679124
  0.91232228258426318  0.91496978615088709  0.91739169745902927  0.91951564482127124
  0.92168690421982946  0.92389022762405903  0.92610905655005682  0.92830210397507029
  0.93033928190191006  0.93216656180495261  0.93395214466672505  0.93573419113573753
  0.93750774800524017  0.93933777882611724  0.94118822429978966  0.94303719552000487
  0.94492650084084617  0.94662121309522973  0.94828396102665236  0.94991503073972261
  0.95150662348504211  0.95306510855608650  0.95470024874161963  0.95637473181819432
  0.95797459570045007  0.95950353840037184  0.96098572714879149  0.96243861514032780
  0.96404691496833028  0.96562221081689870  0.96715563079464439  0.96862598105353814
  0.97006676792589064  0.97155939693410176  0.97311800391109726  0.97460329064872508
  0.97605088119519956  0.97742494754406528  0.97874076331540483  0.98008998250239154
  0.98145752208198200  0.98297824374026888  0.98499037182773708  0.98694951798367925
  0.98906262078715856  0.99128362912186108  0.99425341530163236  1.00000000000000000
   6.4371450074407186E-009  -1.0000000000000000     
 F F F F F F F F F F F F F F F F F F F F F F F F F F F F F F F F F F F F F F F F F F F F F F F F F F F F F F F F F F F F F F F F
  <DiscreteSampler_grid>
  grouped_processes
  1 # 1 for a reference and 2 for a running grid.
  10 # Attribute 'min_bin_probing_points' of the grid.
  1 # Attribute 'grid_mode' of the grid. 1=='default',2=='initialization'
  0.0000000000000000 # Attribute 'small_contrib_threshold' of the grid.
  0.5000000000000000 # Attribute 'damping_power' of the grid.
 # binID   n_entries weight   weight_sqr   abs_weight
    10   10   1.119321933404638E+002   3.725845219611689E+004   1.119321933404638E+002
  </DiscreteSampler_grid>
