  0.05073685860096402  0.12913453546906328  0.13326907093812654  0.13740360640718982
  0.14153814187625308  0.14567267734531636  0.15040327716738283  0.15515797467736614
  0.15991267218734945  0.16466736969733275  0.17603785318036339  0.21589521982883580
  0.29194197420885432  0.29317661162712733  0.29441124904540034  0.29564588646367335
  0.29688052388194636  0.29811516130021931  0.29934979871849232  0.30058443613676533
  0.30181907355503834  0.30305371097331135  0.30428834839158431  0.30552298580985732
  0.30675762322813033  0.30799226064640334  0.30922689806467635  0.31046153548294930
  0.31169617290122231  0.31293081031949532  0.31416544773776833  0.31540008515604134
  0.31663472257431435  0.31786935999258731  0.31910399741086032  0.32033863482913333
  0.32157327224740634  0.32280790966567935  0.32404254708395230  0.32527718450222531
  0.32651182192049832  0.32774645933877133  0.32898109675704434  0.33021573417531730
  0.33145037159359031  0.33268500901186332  0.33391964643013633  0.33515428384840934
  0.33638892126668235  0.33762355868495536  0.33885819610322837  0.34009283352150138
  0.34132747093977439  0.34256210835804740  0.34379674577632041  0.34503138319459342
  0.34626602061286649  0.34750065803113950  0.34873529544941251  0.34996993286768552
  0.35120457028595853  0.35243920770423154  0.35367384512250455  0.41275804745218642
  0.44576507430780321  0.45684012480059216  0.46251882513080267  0.46735657273584630
  0.47219432034088993  0.47703206794593356  0.48186981555097713  0.48670756315602071
  0.49154531076106422  0.49638305836610780  0.50123650353823557  0.50613645666107698
  0.51103640978391851  0.51593636290676004  0.52089269336869626  0.61840895532897810
  0.66864812079189384  0.67257076969438301  0.67649341859687218  0.68041606749936134
  0.68433871640185051  0.68815186968485098  0.69151038351424632  0.69486889734364166
  0.69822741117303699  0.70158592500243233  0.70494443883182767  0.70830295266122301
  0.80496747607942565  0.83462262246895202  0.83462262246896202  1.00000000000000000
  0.00002756305085386  0.00002773512155709  0.00002790719226032  0.00002807926296355
  0.00002825133366677  0.00002879236404604  0.00002965005155570  0.00003050773906537
  0.00003136542657503  0.00003222311408469  0.00003335459671441  0.00003462808782982
  0.00003590157894524  0.00003717507006065  0.00003861534785912  0.00004007696833275
  0.00004153858880638  0.00004664440819764  0.00009610889362775  0.00019822394128594
  0.00040940467292664  0.00051502201651663  0.00052008692684124  0.00052515183716585
  0.00053021674749045  0.00053528165781506  0.00054034656813967  0.00054541147846427
  0.00055047638878888  0.00055554129911349  0.00056060620943809  0.00056567111976270
  0.00057073603008730  0.00057580094041191  0.00058086585073652  0.00058593076106112
  0.00059157152578885  0.00059738466145813  0.00060319779712742  0.00060901093279671
  0.00061482406846599  0.00062063720413528  0.00062645033980456  0.00063226347547385
  0.00063807661114314  0.00064388974681242  0.00064970288248171  0.00065551601815099
  0.00066132915382028  0.00066714228948957  0.00067295542515885  0.00067949843128529
  0.00068617032558228  0.00069284221987928  0.00069951411417627  0.00070618600847327
  0.00071285790277026  0.00071952979706725  0.00072620169136425  0.00073287358566124
  0.00073954547995824  0.00074621737425523  0.00075288926855222  0.00075956116284922
  0.00076623305714621  0.00077290495144320  0.00094566380051715  0.00102490646293130
  0.00111494507002039  0.00121026394600787  0.00131360371017698  0.00178687344194049
  0.00184232700497232  0.00189778056800415  0.00195323413103598  0.00200868769406782
  0.00206934877815350  0.00213299434433130  0.00219663991050910  0.00226028547668690
  0.00232393104286469  0.00239622804167371  0.00246921196282149  0.00254219588396927
  0.00261517980511705  0.00274152824248067  0.00306495642194205  0.00630285045775927
  0.01301086400048371  0.02495026552127977  0.02522359705368634  0.02522359705369634
  0.02522359705370634  0.02522359705371634  0.02522359705372634  1.00000000000000000
  0.00001325139257512  0.00001347362276120  0.00001369585294728  0.00001391808313336
  0.00001414031331944  0.00001446089982768  0.00001484254474019  0.00001522418965270
  0.00001560583456521  0.00001598747947772  0.00001638457913068  0.00001690596148069
  0.00001742734383070  0.00001794872618071  0.00001847010853072  0.00001902881348329
  0.00001962721822137  0.00002022562295945  0.00002082402769753  0.00002142243243560
  0.00002617582887770  0.00002840645296883  0.00003095542590144  0.00003365040664597
  0.00003657593237593  0.00006467263699842  0.00013543416512605  0.00022660621655134
  0.00023552858818894  0.00024445095982655  0.00025337333146415  0.00026310031034969
  0.00027334075953775  0.00028358120872580  0.00029382165791386  0.00030543144386985
  0.00031718468659863  0.00032893792932741  0.00039230433289082  0.00082123323963906
  0.00102597769689867  0.00103624621716843  0.00104651473743819  0.00105678325770795
  0.00106705177797772  0.00107732029824748  0.00108758881851724  0.00109785733878700
  0.00110812585905676  0.00111839437932652  0.00112866289959629  0.00113893141986605
  0.00114919994013581  0.00115946846040557  0.00116981035154432  0.00118159581221890
  0.00119338127289348  0.00120516673356807  0.00121695219424265  0.00122873765491723
  0.00124052311559182  0.00125230857626640  0.00126409403694098  0.00127587949761557
  0.00128766495829015  0.00129945041896473  0.00131123587963932  0.00132302134031390
  0.00133480680098848  0.00134727524505587  0.00136080173959094  0.00137432823412601
  0.00138785472866107  0.00140138122319614  0.00141490771773121  0.00142843421226627
  0.00144196070680134  0.00145548720133640  0.00146901369587147  0.00148254019040654
  0.00149606668494160  0.00150959317947667  0.00152311967401173  0.00153664616854680
  0.00265140944523047  0.00554905702149577  0.01159866864947500  0.01365555890154824
  0.01535209558202083  0.02513299855778984  0.03807594308195059  0.03807594308196059
  0.03807594308197059  0.03807594308198059  0.03807594308199059  1.00000000000000000
  0.00474208196004230  0.00752276815593218  0.01030345435182205  0.01308414054771193
  0.01586482674360180  0.01864551293949168  0.02172957249582747  0.02593315424865145
  0.03013673600147542  0.03434031775429940  0.03854389950712337  0.06843490628663254
  0.12560562322566879  0.12693178386129056  0.12825794449691233  0.12958410513253410
  0.13091026576815590  0.13223642640377767  0.13356258703939944  0.13488874767502121
  0.13621490831064298  0.13754106894626475  0.13886722958188655  0.14019339021750832
  0.14151955085313009  0.14284571148875186  0.14417187212437363  0.14549803275999540
  0.14682419339561720  0.14815035403123900  0.14947651466686077  0.15080267530248256
  0.15212883593810433  0.15345499657372613  0.15478115720934793  0.15610731784496973
  0.15743347848059150  0.15875963911621330  0.16008579975183507  0.16141196038745687
  0.16273812102307866  0.16406428165870043  0.16539044229432223  0.16671528015821499
  0.16800631185783294  0.16929734355745085  0.17058837525706877  0.17187940695668669
  0.17317043865630460  0.17446147035592252  0.17575250205554044  0.17704353375515838
  0.17833456545477630  0.17962559715439422  0.18091662885401213  0.18220766055363005
  0.18349869225324797  0.18478972395286589  0.18608075565248383  0.18737178735210175
  0.19222739986209175  0.19747604372435384  0.20272468758661594  0.20797333144887803
  0.21322197531114018  0.21847061917340235  0.22371926303566450  0.22896790689792665
  0.32933314711138195  0.43344210744672301  0.53755106778206396  0.55827435075116649
  0.57556558587447881  0.59285682099779113  0.64018007074227423  0.74428903107761524
  0.77463324593094263  0.77973357073990612  0.78483389554886962  0.78993422035783312
  0.79503454516679650  0.80013486997576000  0.80523519478472350  0.81033551959368688
  0.81543584440265038  0.82053616921161376  0.82563649402057726  0.83073681882954065
  0.88444166417731107  0.94330958473492710  0.95515723268257224  0.96510571329233319
  0.97435859178966289  0.98320142978103664  0.99160071489051793  1.00000000000000000
  0.16692119439442960  0.17080291561158151  0.17468463682873345  0.17856635804588536
  0.18244807926303727  0.18632980048018918  0.19064784612183713  0.19515419438061982
  0.19966054263940253  0.20416689089818521  0.21505703654921959  0.30419745772673334
  0.39333787890424687  0.46113316055961773  0.47146979845088866  0.48180643634215958
  0.49214307423343040  0.50247971212470122  0.51281635001597203  0.52188984338862632
  0.52659776929832147  0.53130569520801652  0.53601362111771156  0.54072154702740660
  0.54542947293710164  0.55013739884679669  0.55484532475649173  0.55955325066618666
  0.56426117657588171  0.56896910248557675  0.57367702839527179  0.57838495430496673
  0.58309288021466177  0.66792098696884217  0.70899018221834031  0.71019178491830703
  0.71139338761827386  0.71259499031824058  0.71379659301820730  0.71499819571817402
  0.71619979841814085  0.71740140111810757  0.71860300381807429  0.71980460651804101
  0.72100620921800784  0.72220781191797456  0.72340941461794128  0.72461101731790811
  0.72581262001787483  0.72701422271784155  0.72821582541780827  0.72941090643290551
  0.73058125841984245  0.73175161040677938  0.73292196239371632  0.73409231438065325
  0.73526266636759019  0.73643301835452712  0.73760337034146406  0.73877372232840099
  0.73994407431533793  0.74111442630227486  0.74228477828921180  0.74345513027614873
  0.74462548226308567  0.74579583425002260  0.74696618623695954  0.74813653822389647
  0.74930689021083341  0.75037200043634789  0.75128426563807382  0.75219653083979987
  0.75310879604152592  0.75402106124325186  0.75493332644497790  0.75584559164670384
  0.75675785684842989  0.75767012205015583  0.75858238725188187  0.75949465245360781
  0.76040691765533386  0.76131918285705991  0.76223144805878584  0.76314371326051189
  0.76405597846223783  0.76496824366396388  0.76588050886568981  0.76679277406741586
  0.76770503926914191  0.76861730447086785  0.76952956967259389  0.77044183487431983
  0.82171915764496350  0.91085957882247715  0.97713315884272256  1.00000000000000000
  0.06684749921162922  0.14107807373695025  0.14675988789992453  0.14807556900693736
  0.14939125011395021  0.15070693122096307  0.15202261232797593  0.15333829343498878
  0.15465397454200161  0.15596965564901447  0.15728533675602732  0.15860101786304018
  0.15991669897005301  0.16123238007706586  0.16254806118407872  0.16386374229109157
  0.16517942339810443  0.16649510450511726  0.16781092714327556  0.16912677100421780
  0.17044261486516007  0.17175845872610235  0.17307430258704462  0.17439014644798687
  0.17570599030892914  0.17702183416987141  0.17833767803081368  0.17965352189175593
  0.18096936575269820  0.18228520961364048  0.18360105347458272  0.18491689733552499
  0.18623274119646727  0.18754858505740954  0.18886442891835181  0.19018027277929406
  0.19149611664023633  0.19281196050117860  0.19412780436212085  0.19544364822306312
  0.19675949208400539  0.19807533594494767  0.19939117980588991  0.20070702366683218
  0.20202286752777446  0.20333871138871673  0.20465455524965898  0.20597039911060125
  0.20728624297154352  0.22917598007833564  0.23334424054244771  0.23751250100655980
  0.24168076147067186  0.24584902193478395  0.25001728239889603  0.25418554286300810
  0.25835380332712016  0.26252206379123222  0.26669032425534434  0.27085858471945640
  0.27502684518356851  0.27919510564768063  0.28336336611179275  0.28753162657590486
  0.29248859863078336  0.39561888178853272  0.49874916494628230  0.60187944810403182
  0.66854680781475939  0.67360377159756668  0.67866073538037408  0.68371769916318137
  0.68877466294598866  0.69383162672879595  0.69888859051160324  0.70394555429441052
  0.70900251807721792  0.71405948186002521  0.71911644564283261  0.72417340942563990
  0.73046587978643795  0.75951843247616335  0.77126106039007891  0.78300368830399458
  0.79301418062232631  0.79815221815771087  0.80329025569309531  0.80842829322847987
  0.81344167889140107  0.81797909040972205  0.82251650192804293  0.82705391344636392
  0.83159132496468491  0.88611245552698770  0.88611245552699769  1.00000000000000000
 -0.00379620715700783  0.00494015416430120  0.00988030832860239  0.01482046249290359
  0.01976061665720478  0.02171654859056479  0.02284474252888444  0.02397293646720411
  0.02510113040552376  0.02622932434384342  0.02735751828216308  0.02848571222048274
  0.02961390615880240  0.03074210009712205  0.03187029403544171  0.03299848797376137
  0.03412668191208103  0.03525487585040069  0.03638306978872034  0.03751126372704000
  0.03863945766535966  0.03976765160367932  0.04089584554199897  0.04202913308850710
  0.04317340709129411  0.04431768109408112  0.04546195509686814  0.04660622909965514
  0.04775050310244215  0.04889477710522917  0.05003905110801618  0.05118332511080319
  0.05232759911359020  0.05347187311637720  0.05461614711916421  0.05576042112195122
  0.05690469512473823  0.05804896912752525  0.05919324313031225  0.06033751713309926
  0.06148179113588628  0.06262241253155196  0.06373353237756491  0.06484465222357785
  0.06595577206959079  0.06706689191560374  0.06817801176161667  0.06928913160762962
  0.07040025145364255  0.07151137129965550  0.07262249114566843  0.07373361099168138
  0.07484473083769431  0.07595585068370726  0.07706697052972020  0.07817809037573314
  0.07928921022174608  0.08040033006775901  0.08151144991377196  0.08262256975978489
  0.08493051762903434  0.08936322741966385  0.09379593721029336  0.09822864700092286
  0.10266135679155237  0.10709406658218185  0.11152677637281130  0.11595948616344076
  0.12039219595407023  0.12482490574469969  0.15689156224339312  0.17199199777536497
  0.18709243330733671  0.20219286883930843  0.26250645847494630  0.35380561338313127
  0.44510476829131601  0.53640392319950092  0.62770307810768566  0.71900223301587052
  0.81030138792405537  0.90160054283224011  0.91971411931558289  0.92336384762298229
  0.92701357593038169  0.93066330423778110  0.93431303254518050  0.93771436372621075
  0.93940501961308920  0.94109567549996764  0.94278633138684609  0.94447698727372453
  0.94616764316060298  0.94785829904748142  0.94877738157908120  1.00000000000000000
  0.00704824527104693  0.00937922030496421  0.01171019533888149  0.01404117037279877
  0.01637214540671605  0.01870312044063334  0.02118770244252867  0.02530215121916184
  0.02941659999579500  0.03353104877242816  0.03764549754906132  0.04398509404731649
  0.14624801824165062  0.24851094243598496  0.35077386663031923  0.45303679082465342
  0.52251647238944110  0.52751040309191799  0.53250433379439499  0.53749826449687188
  0.54249106237083111  0.54747814017011764  0.55246521796940429  0.55745229576869082
  0.56243937356797735  0.56742645136726400  0.57241352916655053  0.57740060696583717
  0.58238768476512370  0.59707694422271362  0.66367965922389449  0.67794283350693707
  0.68955827693492311  0.70117372036290926  0.71278916379089541  0.72440460721888167
  0.75050032642288644  0.75179550152522456  0.75309067662756268  0.75438585172990080
  0.75568102683223881  0.75697620193457693  0.75827137703691505  0.75956655213925317
  0.76086172724159118  0.76215690234392930  0.76345207744626742  0.76474725254860543
  0.76604242765094355  0.76733760275328167  0.76863277785561979  0.76992795295795780
  0.77122312806029591  0.77251830316263403  0.77381347826497215  0.77510865336731027
  0.77640382846964839  0.77769900357198640  0.77899417867432452  0.78028935377666264
  0.78158452887900076  0.78287970398133888  0.78417487908367700  0.78547005418601512
  0.78676522928835324  0.78806040439069125  0.78935557949302937  0.79065075459536749
  0.79194592969770561  0.79324110480004373  0.79453627990238174  0.79583145500471986
  0.79712663010705798  0.79842180520939610  0.79971698031173410  0.80101215541407222
  0.80230733051641034  0.80360250561874846  0.80489768072108647  0.80619285582342459
  0.80748803092576271  0.80878320602810083  0.81007838113043884  0.81137355623277696
  0.82582249183985268  0.83809527823625751  0.84323469466642498  0.84837411109659233
  0.85351352752675969  0.85564533230245310  0.85733927094502937  0.85903320958760565
  0.86072714823018193  0.86204445759455373  0.86204445759456372  1.00000000000000000
  0.64440053304036460  0.81486178176012514  0.81722356352025038  0.81958534528037552
  0.82194712704050077  0.82430890880062591  0.82667069056075115  0.82903247232087629
  0.83139425408100143  0.83383300032192220  0.83662480864581013  0.83941661696969816
  0.84220842529358619  0.84500023361747423  0.84779204194136215  0.85058385026525019
  0.85337565858913822  0.87835272939798426  0.88569034873048302  0.89302796806298179
  0.89713589254387704  0.89924470716767191  0.90135352179146688  0.90346233641526175
  0.90557115103905672  0.90767996566285158  0.90978878028664656  0.91189759491044153
  0.91400640953423640  0.91611522415803137  0.91822403878182624  0.92033285340562110
  0.92244166802941607  0.92455048265321094  0.92665929727700580  0.92876811190080077
  0.93087692652459564  0.93298574114839061  0.93509455577218548  0.93720337039598034
  0.93932920973551404  0.94145783578536324  0.94358646183521233  0.94571508788506153
  0.94784371393491063  0.94997233998475972  0.95210096603460892  0.95422959208445801
  0.95635821813430721  0.95840784485623998  0.95944104327721691  0.96047424169819384
  0.96150744011917078  0.96254063854014760  0.96357383696112453  0.96460703538210146
  0.96564023380307829  0.96667343222405522  0.96770663064503215  0.96873982906600908
  0.96977302748698591  0.97080622590796284  0.97183942432893977  0.97287262274991670
  0.97390582117089353  0.97493901959187046  0.97597221801284739  0.97700541643382433
  0.97803861485480115  0.97907181327577808  0.97989696521894887  0.98070108661019095
  0.98150520800143293  0.98230932939267501  0.98311345078391710  0.98391757217515907
  0.98472169356640116  0.98552581495764324  0.98632993634888522  0.98713405774012730
  0.98793817913136928  0.98874230052261136  0.98954642191385345  0.99035054330509542
  0.99115466469633751  0.99195878608757959  0.99276290747882157  0.99356702887006365
  0.99437115026130563  0.99517527165254771  0.99597939304378980  0.99678351443503177
  0.99758763582627386  0.99839175721751594  0.99919587860875791  1.00000000000000000
   9.8487974325427603E-009  -1.0000000000000000     
 F F F F F F F F F F F F F F F F F F F F F F F F F F F F F F F F F F F F F F F F F F F F F F F F F F F F F F F F F F F F F F F F
  <DiscreteSampler_grid>
  grouped_processes
  1 # 1 for a reference and 2 for a running grid.
  10 # Attribute 'min_bin_probing_points' of the grid.
  1 # Attribute 'grid_mode' of the grid. 1=='default',2=='initialization'
  0.0000000000000000 # Attribute 'small_contrib_threshold' of the grid.
  0.5000000000000000 # Attribute 'damping_power' of the grid.
 # binID   n_entries weight   weight_sqr   abs_weight
    10   10   4.078473222970001E+004   1.218499951057304E+010   4.078473222970001E+004
  </DiscreteSampler_grid>
