  0.00344841540990492  0.00959458665492733  0.01740181340835107  0.02700927655269620
  0.03818762601770039  0.04949598569900934  0.06009636304678995  0.06997910996240808
  0.07936533763911265  0.08896058994836274  0.09917380366165983  0.11027438874770544
  0.12156167962272144  0.13252162331141934  0.14387744929597016  0.15497161325113895
  0.16633372049666612  0.17777335039231942  0.18875000552658791  0.19890711853287274
  0.20899395985383820  0.22025923989456594  0.23156185631942416  0.24169438602794896
  0.25135505526023855  0.26111791909487608  0.27245949087371968  0.27951861912377035
  0.28622025753007357  0.29301543338734792  0.30033931993897339  0.30775596977482178
  0.31476814578717599  0.32181345100475267  0.32907462275841270  0.33634911449973254
  0.34473814964480953  0.35269302926668317  0.36078996023399856  0.36907784638560237
  0.37832927531129157  0.38865980871602940  0.40023719133337449  0.41325772239097125
  0.42500797512255295  0.43629715448204992  0.44871581177554948  0.46227803631057807
  0.47556254518798491  0.48886774414893946  0.50187801301947976  0.51383409411298653
  0.52486353650073736  0.53537211423151743  0.54588577294567919  0.55721417128315354
  0.57000446891005252  0.58287379009035711  0.59382321428502804  0.60376810361626432
  0.61395605084672245  0.62456938341356993  0.63474387594489001  0.64349061797611995
  0.65264871078505715  0.66242476953869511  0.67242856197925938  0.68267891828373739
  0.69290202400299483  0.70355004534307941  0.71479292311382425  0.72644882499844632
  0.73770989666196496  0.74914728838291844  0.75982945292347415  0.76982018823314446
  0.77990349535216241  0.79024201573471164  0.80165290636686537  0.81403618726162985
  0.82657683561564887  0.83832224685982670  0.84951402195691827  0.86074345636557392
  0.87183220297941355  0.88267492451990848  0.89454459026598410  0.90728327596576364
  0.91963468633383938  0.93080720456516330  0.94148552894228754  0.95241220800514415
  0.96331040756873587  0.97462827816082886  0.98700744436057908  1.00000000000000000
  0.00356789779359579  0.00540788127422135  0.00672683362167642  0.00776504580139508
  0.00868792046034406  0.00965315218042193  0.01068863104887431  0.01170330640530519
  0.01263759935169016  0.01350947189061725  0.01439276911414121  0.01536110651966707
  0.01633856043684562  0.01728007329965270  0.01821251408020610  0.01918574520734187
  0.02023209580040154  0.02132628218629038  0.02242364723443121  0.02347666684239829
  0.02452149507377042  0.02561066248174098  0.02672178793016044  0.02790753706198916
  0.02920112666188685  0.03057285324036439  0.03196878794366880  0.03337069524063847
  0.03479455551767859  0.03615396756505411  0.03749493445501406  0.03882906804978233
  0.04019832554683611  0.04161855239398723  0.04311609771355312  0.04489520549955360
  0.04682466607549261  0.04883396762456444  0.05105029536508056  0.05329389724811985
  0.05542979285886550  0.05741281286301285  0.05946157863888372  0.06149697881648868
  0.06376488966844722  0.06620585162820306  0.06858473412122762  0.07087695543204051
  0.07283319645957835  0.07484771136144594  0.07684453528437227  0.07903365246039386
  0.08143119363923067  0.08380777816879376  0.08617466129893118  0.08929144064410546
  0.09306399077330067  0.09720759476438767  0.10100549641210384  0.10477114143032794
  0.10857219621336923  0.11271945450467563  0.11726001958091822  0.12213894419149175
  0.12748502631936096  0.13336083593161116  0.14001327393000015  0.14774659348916414
  0.15668385150500680  0.16605038762209184  0.17382941242520653  0.17970682591602355
  0.18635752279025714  0.19232960160641022  0.19698307062929538  0.20051038549372366
  0.20406619036777146  0.20760762421823475  0.21128314815997173  0.21539605787409560
  0.21854924663294478  0.22161074758631205  0.22572231934710080  0.23024144279416475
  0.23452501309626730  0.23918943241680454  0.24598009043328672  0.26665880348754600
  0.28464938201528994  0.29891598426959526  0.31220152547390101  0.33199634622567381
  0.37286574725199700  0.49503457903102271  0.85694616391282064  1.00000000000000000
  0.00007544171283431  0.00007689058043841  0.00007854691460565  0.00008066256212748
  0.00008340587850042  0.00008622107970468  0.00008914228536605  0.00009250580776699
  0.00009634474371628  0.00010075060076010  0.00010567960584113  0.00011044066653253
  0.00011578749089586  0.00012169289735535  0.00012771188051526  0.00013394285264129
  0.00014072437062662  0.00014867701320650  0.00015717939470929  0.00016559278726704
  0.00017392349094800  0.00018203112723639  0.00019074901471516  0.00020037857237442
  0.00021081894295021  0.00022305530391162  0.00023597727633704  0.00024927114853922
  0.00026340112964778  0.00027915896545951  0.00029662371711187  0.00031569184965418
  0.00033718788606710  0.00035932086655627  0.00038351879036997  0.00040914897022757
  0.00043542399775351  0.00046332136500250  0.00049365391175382  0.00052725264968216
  0.00056390897617812  0.00059824680384971  0.00062991108072805  0.00066192903409298
  0.00069671129567094  0.00072815128895617  0.00076429431276115  0.00080344111626844
  0.00086209803641600  0.00094688748476029  0.00102673994290504  0.00111700150939302
  0.00121693579356116  0.00131546826450395  0.00142297647765176  0.00153985199025733
  0.00166705116556198  0.00180522730387299  0.00195485354102791  0.00211385198672078
  0.00228179427321096  0.00246695471496357  0.00266774480897446  0.00289530519577901
  0.00315222912137849  0.00344288010402558  0.00380180769251400  0.00426700525634144
  0.00478678772180969  0.00541673882425746  0.00609808047919586  0.00685849096316279
  0.00763757046917881  0.00843527642662284  0.00929851373499923  0.01027258874936859
  0.01150691942838446  0.01287624960353245  0.01394920422572015  0.01509139812715024
  0.01650815391624259  0.01784184729865003  0.01970544003663875  0.02279962659943916
  0.02655691714985654  0.03022834480962849  0.03563369500245334  0.04288224264009639
  0.05172097679519179  0.06067584085044205  0.07232482662948687  0.09171164392761977
  0.14163094501059109  0.26473568887386251  0.69633816704579632  1.00000000000000000
 -0.00389174215782321  0.01530355543470681  0.02996891581581405  0.04713086087008363
  0.06396407367134493  0.08301071468474966  0.10254172101935319  0.11974664171163521
  0.13710470833206606  0.15295588636702367  0.16864572580615922  0.18396149824549518
  0.19969576509868120  0.21595679460683287  0.22855490031071587  0.23736744593438405
  0.24528881983208037  0.25346484358322569  0.26119109506058275  0.26849731444425246
  0.27550217735858168  0.28247714653952183  0.29051563141327175  0.30098287333861906
  0.31217593601280869  0.32231805875824493  0.33327167529141349  0.34536964934725567
  0.35844016590166533  0.37142699705799226  0.38589858496256152  0.40072085495109516
  0.41321866387909734  0.42482038116782411  0.43621608078583829  0.44746448739834199
  0.45905380718018363  0.46970149922119814  0.47951117747592836  0.48935453694528408
  0.49862990490971676  0.50827380331020033  0.51847832261525595  0.52954555994820407
  0.54100820678081918  0.55132471095123459  0.56034810153934944  0.56911150000785726
  0.57808641545214345  0.58727826986908227  0.59735236794053881  0.60773825450108565
  0.61860304331048921  0.62944304526470174  0.63854475679445177  0.64802413194687158
  0.65733295703364492  0.66705181290568749  0.67376812182389023  0.68049599925589277
  0.68666488666805525  0.69386120451442501  0.70148628226595822  0.70942921440016993
  0.71785149228521883  0.72681603871096501  0.73681954437758634  0.74679903444637974
  0.75592804035288097  0.76488542404934068  0.77376091753386433  0.78256195174665244
  0.79145035708728217  0.80044154439241155  0.80947026860061089  0.81908248862753141
  0.82916769450313699  0.83964270127756691  0.85053043890009916  0.86162557566003928
  0.87230394752829477  0.88142988439335967  0.89004995991778790  0.89834164084438484
  0.90703713301186295  0.91594294633281115  0.92439555749587310  0.93321299267513369
  0.94200415281125138  0.95067285281252301  0.95910412540975976  0.96760027613763511
  0.97588657243203036  0.98390822337547068  0.99208718183675348  1.00000000000000000
 -0.00295808729687375  0.01010008980265356  0.02186016372248259  0.03403527966650156
  0.04684926324605004  0.05944001326025411  0.07178091226873488  0.08344781077340635
  0.09384719033649914  0.10469978923888598  0.11479030139871399  0.12471752400103352
  0.13503915686734067  0.14504923598892219  0.15637762596159777  0.16707074180109066
  0.17793545855741708  0.18800759457123709  0.19819559164381315  0.20803940886293054
  0.21715901024522169  0.22668468928546484  0.23636474904850266  0.24608027438504251
  0.25561418623206461  0.26537575331265167  0.27532679114083614  0.28587161238052905
  0.29571420211602573  0.30539452521821897  0.31639151951623012  0.32834493659001551
  0.33988338474536728  0.35009203277093004  0.36019372079312684  0.37076972605637193
  0.38086433973649297  0.39069249833530900  0.40036672344505048  0.41048832129729557
  0.42090553551978116  0.43088270096206360  0.44072787066723884  0.45058358761298745
  0.45958071897606262  0.46611315833629691  0.47203173510752455  0.47809171136727913
  0.48432348121351049  0.49030568892011955  0.49674717959541503  0.50312213903470804
  0.50973295262267015  0.51654237923408108  0.52413374566725901  0.53668527695004797
  0.55091327696862802  0.56632180389917763  0.58073581345711167  0.59467576064766070
  0.60729334142121860  0.61974532831448848  0.63110759108916736  0.64173686747392267
  0.65196843908908020  0.66199613796305035  0.67148178166620442  0.68127423880850391
  0.69001402926069277  0.69848931136982373  0.70703178020096280  0.71680204633990530
  0.72664956123006474  0.73770363798421590  0.74999301434255394  0.76240759731843755
  0.77467011534217678  0.78615380081314301  0.79743602756218857  0.80911366568076726
  0.82143390368730662  0.83313148484715849  0.84427003703198911  0.85686458847346780
  0.87150696554157092  0.88531140742811898  0.89671284663071271  0.90747545112042005
  0.91779783372934742  0.92807682825832605  0.93957044281234159  0.95243623575244696
  0.96444429896191197  0.97594728020104105  0.98734409190313577  1.00000000000000000
 -0.00328366555939140  0.01419828746799061  0.02988573146915167  0.04986627272164596
  0.06926038976842117  0.08834891543961441  0.10817552045918485  0.13233652103051827
  0.15873470783715260  0.18190900999681150  0.20357879360682796  0.22411316289689481
  0.24501553104724147  0.26649292474841274  0.28881622933310536  0.31232713908105347
  0.33815574915285401  0.36003719085226954  0.37933937523351102  0.39839693349149663
  0.41815728991452877  0.43651080630801142  0.45392158031060270  0.47197639565516308
  0.49075253428446153  0.50825188067755267  0.52392774882937088  0.53921773842324516
  0.55388426717631623  0.56839253210100804  0.58249818984638035  0.59655471193748932
  0.61031476229529358  0.62431924452973286  0.63932426828502154  0.65382612421113750
  0.66598284145764919  0.67708907821831466  0.68723817324113445  0.69704084371910202
  0.70677411296959847  0.71706454840295730  0.72741824534891153  0.73776495410963561
  0.74798721890695641  0.75785792858870960  0.76678632848741901  0.77500377731194936
  0.78249917766290400  0.78941751099499757  0.79630326501438431  0.80295914533216595
  0.81050195612777531  0.81852855973387340  0.82631103123484839  0.83488256434411567
  0.84428863081325023  0.85329451460617023  0.86130099426347384  0.86852802891762360
  0.87550098876477644  0.88246462191749353  0.88906938734645236  0.89562608581868941
  0.90198137024682290  0.90821722550568729  0.91456350975357936  0.91934516400426247
  0.92403986921700731  0.92869991471002222  0.93346275159613812  0.93852572515982491
  0.94238221223382090  0.94638221918920207  0.95034253464777207  0.95438993722629861
  0.95832085280383628  0.96118768718848835  0.96350961726171824  0.96564654919921333
  0.96780272158346303  0.96995229294930008  0.97214335227274384  0.97430480162249844
  0.97632493336418436  0.97837833703049426  0.98047164695289502  0.98242655354934594
  0.98453193351919466  0.98655312353043978  0.98847881532316750  0.99043901064865725
  0.99247372300278569  0.99474681513998320  0.99738943121973456  1.00000000000000000
 -0.00204735243410302  0.00843248038255445  0.01726638651454514  0.02586778200111585
  0.03454787396965805  0.04329317808614401  0.05205642740965735  0.06118216930610332
  0.07058771036037612  0.07978204707470667  0.08885639459113744  0.09739829404533748
  0.10672100007618977  0.11735678603332621  0.12882891151926951  0.13969231239868721
  0.14907255260845123  0.15731312176372542  0.16581154132538786  0.17607514899197990
  0.18636024904666920  0.19614915597267626  0.20525985380899711  0.21569253784530362
  0.22702999309687211  0.23864306319384759  0.25056480692262267  0.26207067727092437
  0.27320196440422839  0.28443582725083300  0.29551546889129249  0.30613794996415272
  0.31677082021998415  0.32828136395160123  0.34096099422000925  0.35452696702247466
  0.36822205903490207  0.38135858114210203  0.39346869536998091  0.40513560265212084
  0.41633209243223501  0.42723948693430630  0.43867004529165077  0.45067633226885351
  0.46247282790539512  0.47388015863593907  0.48525489371500019  0.49694630597663181
  0.50874823027429861  0.52006076835096704  0.53102429401952511  0.54164206502982992
  0.55318844533905343  0.56499776438105265  0.57776489841534229  0.59090089006874202
  0.60502711217946969  0.62007044642247189  0.63426331939947622  0.64605175916075153
  0.65622434947699149  0.66592991406726165  0.67652841583822387  0.68815944468736334
  0.69916396125899882  0.70958330438669215  0.72036675357904401  0.73102581678456069
  0.74257706646670463  0.75395859437459090  0.76780674819116312  0.77495402721906215
  0.78194132529908311  0.78929904273629270  0.79594327513082397  0.80198697264861507
  0.80817135348042113  0.81464322184263638  0.82141226801821088  0.82823998939925203
  0.83502054231857537  0.84368314477355599  0.85221538621247195  0.86315185631967584
  0.87451795274928801  0.88566654320896998  0.89692506676311023  0.90762555906577080
  0.91855315507567348  0.93074547609435931  0.94262541794627563  0.95468620557134498
  0.96595098169593174  0.97713180706023406  0.98847720514977933  1.00000000000000000
 -0.00213575148424616  0.00829671006673299  0.01942612710373511  0.03013236332281136
  0.04113800255968805  0.05306088720944573  0.06507015091115810  0.07685050115440917
  0.08766979252651591  0.09667434323347229  0.10617821728691945  0.11511824390904334
  0.12384068752407852  0.13284264218458511  0.14137116238816383  0.15071740553819649
  0.16082523763025494  0.17122158837499726  0.18239774694233549  0.19407005594874777
  0.20586881023056242  0.21700893951303410  0.22763277814622132  0.23800751391945035
  0.24874335443609188  0.25946449596407040  0.26958990893480395  0.28014501251315260
  0.29061172829336240  0.30143883440331670  0.31302990199908715  0.32554746083004438
  0.33851091569629899  0.35036486502079289  0.36188378216642131  0.37376640242808296
  0.38617833233069854  0.39885183300756832  0.41080739560961621  0.42217965930422796
  0.43360500103883542  0.44458000811976689  0.45588135355909876  0.46797870429588273
  0.47996510430886957  0.49118373826403033  0.50261477080769301  0.51491025433740534
  0.52683116867484781  0.53826591657828504  0.54892981598294566  0.56006279928960845
  0.57225684424078216  0.58468699206825470  0.59701418108777682  0.60896641490156811
  0.62057791337074231  0.63134536589817147  0.64128214472922862  0.65178924428840890
  0.66290514423120950  0.67403557715390849  0.68569181482357611  0.69657963551883162
  0.70704903230970151  0.71762186297376229  0.72824434443463637  0.73932465211959797
  0.75017672388429979  0.76047187235527480  0.77126677336703231  0.78275787363856142
  0.79377914322948750  0.80383469790536999  0.81335285277687097  0.82289956821240795
  0.83356285991438583  0.84359306286228775  0.85516944376377080  0.86717269846808054
  0.88007302175644619  0.89254888560718693  0.90404384384153080  0.91521754498303520
  0.92689330235783296  0.93736250173338498  0.94449601808809480  0.95064732644063188
  0.95720358998217814  0.96322089373707764  0.96877651006624399  0.97422749369468831
  0.98148527527314200  0.98790801744732948  0.99415676147527732  1.00000000000000000
  0.35706146945487011  0.62982524137191065  0.67271074842375966  0.70957388261075371
  0.74148352618104563  0.76945868627877800  0.78861375593485306  0.80546877159325925
  0.82011599166629146  0.83303122470404978  0.84424992263089260  0.85469732763075867
  0.86413514794362811  0.87296695720667361  0.88082743428431698  0.88796417660585314
  0.89472626689846479  0.90072095555549647  0.90596041884796041  0.91068438800931639
  0.91504372309344295  0.91900113344354351  0.92261792865241521  0.92608927678367148
  0.92953796285009871  0.93296530088999730  0.93620912436672565  0.93890426861209764
  0.94134462035188349  0.94364931802720786  0.94594225040535773  0.94814759798477954
  0.95021527556281193  0.95226158372640402  0.95423990028203842  0.95623991526413255
  0.95805664556339010  0.95952194383477585  0.96070353581700785  0.96185300649363914
  0.96294993181301802  0.96408724841513638  0.96523428208895601  0.96633667754380415
  0.96740105648682972  0.96841777226280468  0.96943039355346083  0.97041778246728116
  0.97139105314268359  0.97232768986925544  0.97319015030033740  0.97401634714218333
  0.97480580417212814  0.97556463430505680  0.97633805776505633  0.97710828190740751
  0.97790603163299072  0.97869936678553282  0.97943783489045599  0.98011938483629957
  0.98078410170685759  0.98143973442839949  0.98208165616915311  0.98270049091705336
  0.98330937573809873  0.98390405052653607  0.98446506965733327  0.98503122955996136
  0.98557284226499897  0.98608365298539447  0.98657094410468371  0.98704329703828109
  0.98750226752662629  0.98794059243708376  0.98837148606753300  0.98879726453885319
  0.98921415287802761  0.98966107980305784  0.99010406823958497  0.99055364027235071
  0.99100962148608218  0.99145473795136085  0.99191343307533353  0.99236667786795907
  0.99282593805218566  0.99328862438963728  0.99373493335732055  0.99418499216228240
  0.99465329688001158  0.99514533338322797  0.99567893041314892  0.99626191298322719
  0.99690720116768450  0.99765982905543238  0.99861769319482485  1.00000000000000000
   2.6682131671968719E-008  -1.0000000000000000     
 F F F F F F F F F F F F F F F F F F F F F F F F F F F F F F F F F F F F F F F F F F F F F F F F F F F F F F F F F F F F F F F F
  <DiscreteSampler_grid>
  grouped_processes
  1 # 1 for a reference and 2 for a running grid.
  10 # Attribute 'min_bin_probing_points' of the grid.
  1 # Attribute 'grid_mode' of the grid. 1=='default',2=='initialization'
  0.0000000000000000 # Attribute 'small_contrib_threshold' of the grid.
  0.5000000000000000 # Attribute 'damping_power' of the grid.
 # binID   n_entries weight   weight_sqr   abs_weight
    10   10   2.388890090301551E+000   3.068175409178867E+001   2.388890090301551E+000
  </DiscreteSampler_grid>
