  0.00294046388383030  0.01479700181906492  0.02792424171847657  0.04051764558392715
  0.05326508077655980  0.06709260988623680  0.08167773563273617  0.09445084178365780
  0.10575410864525139  0.11623731751632541  0.12697597593384313  0.13758183433723017
  0.14893376301521910  0.16087049771213177  0.17350114779804468  0.18567538311335749
  0.19808679661623110  0.20964459875916969  0.21992019015306136  0.23134783201590761
  0.24382573196099669  0.25462427722717001  0.26378294914486394  0.27296357965309065
  0.28211444413212489  0.29346803652793663  0.30559448237540610  0.31684355492530403
  0.32775154421925135  0.33761808198395499  0.34677429774352048  0.35533705450309966
  0.36367126186250176  0.37226852410879768  0.38194365756617338  0.39330319760394211
  0.40610466304485049  0.41762692725503781  0.42954656493619015  0.44176933139163888
  0.45510099377873348  0.46634434505229461  0.47556023395256880  0.48494327944986221
  0.49443546135914407  0.50484839898900569  0.51538680294745509  0.52555170988178068
  0.53561995417960251  0.54454010296173327  0.55300854907464725  0.56081520110576322
  0.56950115825146730  0.57861427543081856  0.58975960151364959  0.60192664560160714
  0.61462727215839252  0.62651333485816552  0.63694971446591053  0.64659527151144702
  0.65595226654843852  0.66546936669570222  0.67518556137843955  0.68478226606000503
  0.69485493678668753  0.70537522380151751  0.71650305153952043  0.72785180510751912
  0.73981783751962138  0.75107063915472627  0.76166894518820472  0.77301536723138742
  0.78508761389809467  0.79846183226443146  0.81119587152946215  0.82309245597278868
  0.83454908128490857  0.84562691268636803  0.85615682007835736  0.86651630585179662
  0.87677944577564670  0.88611742636638036  0.89459913867455887  0.90175326461532834
  0.90917944988094190  0.91754168175010620  0.92590414766605322  0.93440314889776388
  0.94242851869574196  0.95121105950265561  0.95989148139824365  0.96831940643859538
  0.97656182314716367  0.98424935638687827  0.99259494348535515  1.00000000000000000
  0.00009710332112328  0.00011723395653690  0.00013775275606533  0.00016517210826211
  0.00019792013857975  0.00023670803321833  0.00028202349090881  0.00033667967077867
  0.00040395536330770  0.00046499111627619  0.00052587252275020  0.00059130063440439
  0.00066938970402367  0.00075025392273301  0.00083540698466724  0.00092045452336520
  0.00100197272055005  0.00109091748044012  0.00118777558680089  0.00130298977765194
  0.00142637646882831  0.00155505372986935  0.00168740692558279  0.00181866577811874
  0.00194465469576099  0.00208356371527317  0.00223437054711218  0.00239748260771504
  0.00258260562162524  0.00277575053400287  0.00295830901311456  0.00314457836932482
  0.00334412531215769  0.00355081504095329  0.00376919982807982  0.00400544868017121
  0.00425508132762999  0.00450729876106933  0.00476714695300444  0.00504758798519580
  0.00536720469779112  0.00569290958848050  0.00599498926616664  0.00627806895455758
  0.00654352335328010  0.00686480460490847  0.00721006035827738  0.00756669244749896
  0.00793378299166433  0.00833227344672415  0.00877654598460208  0.00926567495156847
  0.00977581511499600  0.01031213868279733  0.01092037074553521  0.01162441997583734
  0.01238171792600112  0.01310530704052277  0.01382579284890557  0.01452160753482616
  0.01531922649247624  0.01610314275944148  0.01699314843405313  0.01789726916783258
  0.01883164654471777  0.01988652463875868  0.02110332779093269  0.02249053820809347
  0.02401514799327313  0.02543988956898705  0.02668000848841080  0.02793235071899203
  0.02934774292782304  0.03110518790663302  0.03322083185671378  0.03561562571419103
  0.03820535018172608  0.04067951985991041  0.04318461585922099  0.04595420276708147
  0.04928629423854967  0.05293696422366972  0.05684497720585426  0.06115447323450762
  0.06591405298132126  0.07165799974840700  0.07824727743076892  0.08574194559456391
  0.09701748046837440  0.10774131238590244  0.11831907125038983  0.13133675719341284
  0.15287456107050440  0.19181064824802302  0.38048026642033694  1.00000000000000000
  0.00007544015578159  0.00007817963511928  0.00008181813067570  0.00008608694364415
  0.00009097696782447  0.00009681762949808  0.00010255791459096  0.00010845214538704
  0.00011482879638538  0.00012188740769125  0.00012911416882223  0.00013634728901372
  0.00014447789460273  0.00015374178187965  0.00016278437600208  0.00017130736138824
  0.00018037546342187  0.00019179850392582  0.00020472009579704  0.00021984605359557
  0.00023544606736312  0.00025081606366589  0.00026693630839901  0.00028469941281481
  0.00030431841943557  0.00032469476068580  0.00034675653355003  0.00037140190695113
  0.00039762752323789  0.00042414232487204  0.00045097764889995  0.00047970682788954
  0.00051321001823853  0.00055018863715100  0.00058854408695538  0.00063093319935768
  0.00067888253371204  0.00072867652179947  0.00077890568917286  0.00083029886873835
  0.00088300127574671  0.00093958743569938  0.00100503597157966  0.00107470249167001
  0.00116156270567668  0.00126288132856257  0.00137055813066652  0.00148129079973023
  0.00158997752346452  0.00170009791883949  0.00181200189120805  0.00192859584591721
  0.00206872047508141  0.00222410212643266  0.00238720408195691  0.00256441175930331
  0.00276245739168465  0.00298075597466246  0.00321643797295830  0.00344366991215569
  0.00366096575050223  0.00389157783973087  0.00413088427163867  0.00439087315125417
  0.00468254994709369  0.00500680694103150  0.00534919668959956  0.00570636314291495
  0.00611636708578632  0.00666545122751681  0.00730811220363851  0.00801502181437001
  0.00879732674226759  0.00964555710148312  0.01053303013367404  0.01146564728316372
  0.01243735766593484  0.01345699957592423  0.01461955703583983  0.01607058840604529
  0.01797910389448167  0.02009017912849561  0.02240037342846315  0.02533320775607543
  0.02927277810971426  0.03281998466451500  0.03618487368536583  0.03969839895182943
  0.04604481210122119  0.05674934688301109  0.06974025093912854  0.08253044901877986
  0.10462119008009868  0.18279471088736193  0.31612325446286843  1.00000000000000000
 -0.00331998318024942  0.01673880990691992  0.03547313238381632  0.05343731653187077
  0.06865239288023188  0.08163057483564275  0.09365328138744020  0.10590172057204475
  0.11753307787898164  0.13005774193817191  0.14407435690281289  0.15757593980331785
  0.17081450210449686  0.18354271045965967  0.19646810483767557  0.20844004628336282
  0.21908186881534333  0.23116772215839748  0.24484601546357357  0.25881350645867046
  0.27295038074479500  0.28802215262652325  0.30107859428558270  0.31249352724553975
  0.32467306164783799  0.33579856374761768  0.34641313686065733  0.35663278485964728
  0.36738962432662170  0.37797884378422214  0.38803855386964775  0.39802110192849716
  0.40884770241634727  0.42027642668977533  0.43131097230092430  0.44218354963172318
  0.45342166425216190  0.46512010688899752  0.47618625050315860  0.48709741666231443
  0.49836494316677987  0.50888166370322829  0.51921509622513529  0.52826093058990153
  0.53796317169605767  0.54903985773541975  0.55958482398409071  0.56894849097388578
  0.57765208030217419  0.58725993626131279  0.59740195434962617  0.60765113622402289
  0.61753986851197362  0.62700093499249632  0.63630033550724174  0.64575499508769996
  0.65506536768700419  0.66421498534616086  0.67292008827683292  0.68160100160099468
  0.68929906204686253  0.69815932893297628  0.70758172240081385  0.71709747689462777
  0.72695794210541054  0.73594468685093284  0.74478420392890332  0.75255127598304250
  0.75943410782004483  0.76665663110923610  0.77451450382697340  0.78315457432181079
  0.79200691491068687  0.80069115285892056  0.80904776378635912  0.81834927920085732
  0.82784272421534388  0.83799551501739256  0.84856628519291777  0.85927378649877950
  0.86985645810999845  0.87928338891683278  0.88800122437487006  0.89601029811769550
  0.90381028762925730  0.91130466138003097  0.91907539236239477  0.92717275970957302
  0.93581661340200939  0.94457980520449081  0.95341411705037760  0.96268652640933428
  0.97238298310464211  0.98170594597371996  0.99102682756709504  1.00000000000000000
 -0.00221042451161976  0.01016379594344050  0.02115355428879245  0.03054505015579425
  0.04005823312865912  0.04948264414856517  0.05876408184092604  0.06824579423651556
  0.07796299544542298  0.08752035342776610  0.09714496758738066  0.10711175536867135
  0.11721786002902135  0.12761224671216026  0.13785666517427411  0.14976741014405975
  0.16370529650246582  0.17755227120775249  0.18934729468217271  0.19965226223439272
  0.20913444558238845  0.21910016694052953  0.22883026082630545  0.23927747006688496
  0.24981083653344474  0.26123955328035137  0.27216690084200917  0.28157323350318864
  0.29042480893345424  0.29947404445668008  0.30977011367251045  0.32046720854515920
  0.33034000734323166  0.34044648291102059  0.35149236819825619  0.36162491385180889
  0.37161852026338099  0.38111993191387061  0.39069004938401647  0.40058156581681903
  0.41134969984624342  0.42195414559682765  0.43299662112016524  0.44293568424091412
  0.45195906851734835  0.46100609377348800  0.47106150283215420  0.48245449486028674
  0.49374265532975559  0.50401398279703680  0.51324200544417919  0.52250401153341053
  0.53280837846283335  0.54372881291548503  0.55499925472333878  0.56530677628313375
  0.57576898587124148  0.58585614469933500  0.59559064280989316  0.60510434550531067
  0.61423682944571689  0.62406214765131873  0.63397697403643216  0.64446196674227829
  0.65487192013443152  0.66468596329854313  0.67405997440158683  0.68396983536422862
  0.69542609513392017  0.70872035810804102  0.72220590852665745  0.73509871932957227
  0.74749815937102981  0.75884263555802278  0.77018608674380296  0.78172639142212408
  0.79319311221589683  0.80390153753216620  0.81410471499421988  0.82441657745507968
  0.83512570754876359  0.84678238822581031  0.85886908888040991  0.87097895753125365
  0.88219105857989821  0.89289212297532061  0.90356537810597237  0.91474138241494896
  0.92660597812994105  0.93736030013221217  0.94822221406323881  0.95863181634467409
  0.96908103608486962  0.97931921903672137  0.98957130574164165  1.00000000000000000
 -0.00250996974615859  0.00982525378675172  0.02009668895175284  0.03106583004651323
  0.04195129669548923  0.05214506399722435  0.06193472254174879  0.07182213342960353
  0.08236206409624426  0.09399692331256883  0.10567373404094577  0.11580615081280103
  0.12531761336881456  0.13442719135494591  0.14344697947304932  0.15305048469209781
  0.16312253224808365  0.17274068103065549  0.18162815091888415  0.19127760691623857
  0.20254775997342772  0.21423512755817162  0.22566842340552273  0.23723267964334147
  0.24906470143399978  0.26061826566224860  0.27266053252205569  0.28458897357108653
  0.29766785042997895  0.31193250171942771  0.32694856076070716  0.34084927471127335
  0.35211365233173020  0.36253832697141891  0.37314661376734121  0.38404106276496797
  0.39522556117674063  0.40754861254886054  0.42031413954615665  0.43261422330991656
  0.44467514676969372  0.45663880739972312  0.46777655509899096  0.47905588831743767
  0.48934638864182922  0.50133924660198670  0.51114928004036364  0.52053132033342064
  0.53018201112991004  0.54062648694241500  0.55054408301482516  0.56018192583741255
  0.56948885878051025  0.57884853484302212  0.58766425195669281  0.59685002496451089
  0.60667488322991181  0.61603047461034455  0.62515854261440917  0.63307192503941279
  0.64274507842599582  0.65307981358721057  0.66267292646334763  0.67111758758112960
  0.67974112485949101  0.68888926538834205  0.70081757322045590  0.71218230530759785
  0.72241332476309172  0.73259936793306013  0.74206669929269142  0.75216689822189220
  0.76289166148962051  0.77450215557556212  0.78698362940411670  0.79945539650656527
  0.81148104197077509  0.82334831590131441  0.83597111362085674  0.84790608230144426
  0.85895899765175066  0.86964227808792782  0.88026388871730155  0.89148261865768563
  0.90395815748746022  0.91567555252132160  0.92603910697740632  0.93569751894234110
  0.94430232858264296  0.95261542517888542  0.96037448429835381  0.96881082548820152
  0.97629258284582099  0.98399848937797629  0.99149806254999895  1.00000000000000000
  0.00111352133212716  0.00662510230714695  0.01252263466188727  0.01769054741337973
  0.02227806085673061  0.02651551497516438  0.03057302438758994  0.03460113829417374
  0.03890632067998136  0.04295040102489665  0.04683450067378038  0.05065695902175082
  0.05446460974802949  0.05830672499247282  0.06250093692183795  0.06667125575423764
  0.07072203091655686  0.07457378017193714  0.07852358913003847  0.08240659961336495
  0.08638468050983476  0.09039016920084855  0.09429998459935456  0.09828603772999721
  0.10249192603042516  0.10667090445629965  0.11063699265002180  0.11448065823503634
  0.11815581810235409  0.12167712233352281  0.12521737690576834  0.12882824410024687
  0.13254539593740630  0.13624764539284479  0.13946254979556388  0.14273262176026708
  0.14605001738186890  0.14951002935554519  0.15334380045327231  0.15731876235839562
  0.16123519158839916  0.16497015851809180  0.16889014806663638  0.17308616180452296
  0.17718146845515081  0.18115804938788127  0.18507578421915941  0.18917386859732424
  0.19331390250171029  0.19767052554204578  0.20210156866307749  0.20695932152328683
  0.21190537367104192  0.21674096993105380  0.22122614510171723  0.22538001663625995
  0.22977392286366322  0.23470151172546125  0.23983594846211143  0.24549532310762365
  0.25133438853404511  0.25797542231567283  0.26516015772095586  0.27203870694377535
  0.27790189191572107  0.28244282727974596  0.28710939461380081  0.29185357678701807
  0.29711643057541198  0.30377627487593756  0.31098064430118599  0.31817367894734011
  0.32521336843027504  0.33329868154807091  0.34514622191074995  0.35646200460580557
  0.36631594321812716  0.37532526303903074  0.38491161285152858  0.39384543014393047
  0.40166751655428212  0.40867435738772290  0.41638249327885263  0.42719148033536342
  0.43591693097907142  0.44878869092508866  0.46620328929904564  0.48433289449512507
  0.50281836642856947  0.51811209706700467  0.53166197454481290  0.54102037176982587
  0.56191073155755111  0.62275254486326004  0.74094736632821856  1.00000000000000000
 -0.00123755328241157  0.01739465184178033  0.02972805930612175  0.04161902228225692
  0.05431934912236300  0.06854353849818065  0.08301905628928474  0.09785478096321894
  0.11151272564778736  0.12495305773456129  0.13972156676872452  0.15622604630259967
  0.17178942237465444  0.18477000766081084  0.19676050987486318  0.20896231512872859
  0.22137404853975703  0.23373298718492255  0.24545701359043773  0.25794711313435775
  0.27135391633365641  0.28564812164609749  0.29787863308272222  0.30815925684490353
  0.31826184667073193  0.32872099127675214  0.33853149201177835  0.34798337105877375
  0.35758632902151610  0.36707922666536025  0.37606247574517920  0.38413408722648235
  0.39188153438955703  0.39897942160420807  0.40593156680355225  0.41281853065903362
  0.41980969930930778  0.42624302585550211  0.43280495829134302  0.43949711758389270
  0.44586588680957617  0.45244407789149238  0.45849708842189346  0.46499606494230061
  0.47160306167264759  0.47872583490791254  0.48655358585412473  0.49465572066868119
  0.50232818783917310  0.50982443949398948  0.51739425006350137  0.52531942421710964
  0.53389282321387177  0.54342305512299294  0.55306695133877759  0.56193029814446016
  0.56981347866891052  0.57791040894575185  0.58682883418442944  0.59600807918042542
  0.60476020562456767  0.61344235764803268  0.62251362868601601  0.63052739801809310
  0.63748592403745163  0.64419524458789545  0.65132891545160754  0.65903769884606400
  0.66700343780113347  0.67518577476938990  0.68399596112197247  0.69400035428954754
  0.70461707160834730  0.71453979770771658  0.72448144263227021  0.73385565991849766
  0.74413179262752360  0.75522186129916591  0.76692135556607577  0.77701565745731582
  0.78622520928785200  0.79620497745424501  0.80841467422672220  0.82189196722260960
  0.83416648954196670  0.84730026280156823  0.86097428657388664  0.87520048528457017
  0.89230849286770930  0.90843778319385793  0.92611587487281921  0.94344914524649715
  0.95873696253683183  0.97422098182021044  0.98810461437819397  1.00000000000000000
  0.50824085787147621  0.62066443252645975  0.66329212997927200  0.70244726000789182
  0.73314079124813680  0.75834732422604567  0.77888647919512299  0.79651428863088636
  0.81201384055285064  0.82541782848572853  0.83815777870298891  0.84975248811655058
  0.85922691042257682  0.86769558538414038  0.87548380289998196  0.88223575975128554
  0.88842762472322667  0.89451698799551260  0.90031381089144902  0.90547385137411251
  0.91020387338410624  0.91474322337045499  0.91882333237832903  0.92247479550289369
  0.92603128570470994  0.92945875244041809  0.93263080962375045  0.93569240956760868
  0.93841842300076617  0.94084284752149294  0.94327173251115382  0.94555688511368752
  0.94764321632843351  0.94958080969093583  0.95152249649295084  0.95338597771571787
  0.95517640316174501  0.95690441128314052  0.95851749977549039  0.95988175601332615
  0.96116081680152476  0.96244586856488945  0.96370132458880664  0.96495886485926308
  0.96611898788958772  0.96715895104308824  0.96810615994789717  0.96901891413164021
  0.96995320827464726  0.97092269370363882  0.97186968759333892  0.97277578246193896
  0.97363552392189767  0.97451627586591194  0.97536697683134588  0.97622645437321065
  0.97703000416358954  0.97780440505258548  0.97858030461548462  0.97933519692986137
  0.98003790089740273  0.98071011307778944  0.98136452689452569  0.98196720545955174
  0.98252564235847895  0.98308579589566292  0.98363666865443256  0.98417601393646625
  0.98471332518952026  0.98524576364231997  0.98578861465495426  0.98629573378075619
  0.98677562108850714  0.98724010598379852  0.98770132493210006  0.98816300638198429
  0.98864173879414263  0.98914155345916221  0.98964650623142902  0.99018804750576361
  0.99070879086397301  0.99119926943864234  0.99166449409422786  0.99210767489289942
  0.99256266007360516  0.99303913009566025  0.99352237298308721  0.99401307234999092
  0.99451474714861576  0.99504132463460404  0.99557929821363567  0.99614387573307472
  0.99675773428323367  0.99752853395625773  0.99853681572256081  1.00000000000000000
   4.7500940257278433E-008  -1.0000000000000000     
 F F F F F F F F F F F F F F F F F F F F F F F F F F F F F F F F F F F F F F F F F F F F F F F F F F F F F F F F F F F F F F F F
  <DiscreteSampler_grid>
  grouped_processes
  1 # 1 for a reference and 2 for a running grid.
  10 # Attribute 'min_bin_probing_points' of the grid.
  1 # Attribute 'grid_mode' of the grid. 1=='default',2=='initialization'
  0.0000000000000000 # Attribute 'small_contrib_threshold' of the grid.
  0.5000000000000000 # Attribute 'damping_power' of the grid.
 # binID   n_entries weight   weight_sqr   abs_weight
    10   10   1.597034559750101E+001   1.057915317157993E+003   1.597034559750101E+001
  </DiscreteSampler_grid>
