  0.01302243674679622  0.01804009766619498  0.02724769632202712  0.04207259299497909
  0.12589068456935615  0.12891696628126056  0.13194324799316495  0.13496952970506937
  0.13799581141697376  0.14102209312887817  0.14404837484078256  0.14707465655268698
  0.15010093826459142  0.15312721997649584  0.15615350168840028  0.15917978340030470
  0.16220606511220914  0.16523234682411359  0.16825862853601797  0.17128491024792239
  0.17431119195982678  0.17733747367173119  0.18036375538363558  0.18339003709554000
  0.18641631880744439  0.26293315202415957  0.35456068761081921  0.35632258554251983
  0.35808448347422039  0.35984638140592101  0.36160827933762163  0.36337017726932219
  0.36513207520102281  0.36689397313272337  0.36865587106442399  0.37041776899612455
  0.37217966692782517  0.37394156485952573  0.37570346279122635  0.37746536072292691
  0.37922725865462753  0.38098915658632815  0.38275105451802871  0.38451295244972933
  0.38627485038142989  0.38803674831313051  0.38979864624483107  0.39156054417653169
  0.39332244210823225  0.39508434003993287  0.39684623797163349  0.39860813590333410
  0.40037003383503467  0.40213193176673528  0.40389382969843590  0.40565572763013652
  0.40741762556183714  0.40917952349353776  0.41094142142523837  0.41270331935693899
  0.41446521728863961  0.41622711522034017  0.46003495695097346  0.46433247486529061
  0.46862999277960776  0.47292751069392491  0.47722502860824206  0.48152254652255921
  0.48582006443687631  0.49011758235119340  0.49441510026551055  0.49871261817982765
  0.50301013609414480  0.50730765400846189  0.51160517192277899  0.51590268983709608
  0.52020020775141318  0.52645283223113248  0.53304325568804967  0.53963367914496696
  0.54622410260188414  0.55281452605880144  0.55940494951571862  0.56599537297263580
  0.57258579642955298  0.57917621988647017  0.62672159299525088  0.74423518684446122
  0.86174878069367156  0.92120275300533994  0.92971854147955790  0.93811710155034644
  0.94527342990497776  0.95242975825960918  0.95704867508300784  1.00000000000000000
  0.00028615814873240  0.00545226828191846  0.00548337101663599  0.00551447375135352
  0.00554557648607105  0.00557667922078858  0.00560778195550611  0.00563888469022364
  0.00566998742494117  0.00570109015965869  0.00573219289437622  0.00576329562909375
  0.00579439836381128  0.00582550109852881  0.00585660383324634  0.00588770656796387
  0.00591880930268140  0.00594991203739893  0.00598101477211646  0.00601211750683399
  0.00604322024155152  0.00608088798391960  0.00612423016225107  0.00616757234058253
  0.00621091451891400  0.00625425669724547  0.00629759887557694  0.00634094105390840
  0.00638428323223987  0.00642762541057134  0.00647096758890281  0.00651430976723427
  0.00655765194556574  0.00660099412389721  0.00664433630222867  0.00668767848056014
  0.00673102065889161  0.00679321398793824  0.00698450045343235  0.00717578691892646
  0.00736707338442057  0.00755835984991468  0.00775187610687678  0.00794545441672978
  0.00813903272658277  0.00833261103643577  0.00850892074597614  0.00865771872449954
  0.00880651670302292  0.00895531468154632  0.00910411266006971  0.00925291063859310
  0.00940170861711649  0.00956303489171065  0.00972930256731461  0.00989557024291858
  0.01006183791852254  0.01022810559412651  0.01039437326973047  0.01056200314351420
  0.01075626517650932  0.01095052720950444  0.01114478924249956  0.01133905127549468
  0.01153331330848980  0.01172757534148492  0.01476654194127096  0.01495533619658556
  0.01514413045190015  0.01533292470721475  0.01552171896252935  0.01571051321784394
  0.01589930747315854  0.01608810172847314  0.01627689598378773  0.01646448172613704
  0.01663740446689563  0.01681032720765423  0.01698324994841282  0.01715617268917141
  0.01732909542993001  0.01750201817068860  0.01767494091144719  0.01784786365220579
  0.01802078639296438  0.01819370913372297  0.01836663187448156  0.02908839755831188
  0.04825020103187298  0.07997003205361095  0.13255285108275394  0.14726034676358829
  0.14726034676359828  0.14726034676360827  0.14726034676361827  1.00000000000000000
  0.00013652600214203  0.00093814970243389  0.00095855877002818  0.00097896783762248
  0.00099937690521677  0.00101978597281107  0.00104444090272918  0.00107074214814189
  0.00109704339355460  0.00112334463896731  0.00115201215110784  0.00119486755576551
  0.00123772296042318  0.00128300533290457  0.00143893748149589  0.00144932449728249
  0.00145971151306910  0.00147009852885570  0.00148048554464230  0.00149087256042890
  0.00150125957621551  0.00151164659200211  0.00152203360778871  0.00153242062357532
  0.00154280763936192  0.00155319465514852  0.00156358167093513  0.00157396868672173
  0.00158435570250833  0.00159474271829494  0.00160588161298077  0.00161748812127100
  0.00162909462956122  0.00164070113785144  0.00165230764614167  0.00166391415443189
  0.00167552066272211  0.00168712717101234  0.00169873367930256  0.00171034018759278
  0.00172194669588300  0.00173355320417323  0.00174515971246345  0.00175676622075367
  0.00176837272904390  0.00177997923733412  0.00179218624386661  0.00180514320623007
  0.00181810016859353  0.00183105713095699  0.00184401409332045  0.00185697105568391
  0.00186992801804737  0.00188288498041083  0.00189584194277429  0.00190879890513775
  0.00192175586750121  0.00193471282986467  0.00194766979222813  0.00196062675459159
  0.00197358371695505  0.00198654067931851  0.00202935462181697  0.00215824604609754
  0.00229378455441578  0.00243780853735615  0.00343524135132496  0.00575859759594652
  0.00848333665538327  0.00860898381942094  0.00873463098345861  0.00886027814749628
  0.00898592531153395  0.00911157247557162  0.00923721963960929  0.00936286680364696
  0.00948520276136901  0.00960154600188813  0.00971788924240725  0.00983423248292637
  0.00995057572344550  0.01006691896396462  0.01018326220448374  0.01029960544500286
  0.01041594868552198  0.01053229192604110  0.01616876557783990  0.02709871246825082
  0.04242370823768135  0.04242370823769135  0.04242370823770135  0.04242370823771135
  0.04242370823772135  0.04242370823773135  0.04242370823774134  1.00000000000000000
  0.02796762784322105  0.02949201928127332  0.03101641071932559  0.03254080215737787
  0.03406519359543014  0.03558958503348240  0.03711397647153468  0.03863836790958695
  0.04016275934763922  0.04170418290052893  0.04449607380969543  0.04728796471886193
  0.05007985562802843  0.05287174653719494  0.05566363744636144  0.05845552835552794
  0.06124741926469444  0.06404368484527764  0.06684351022117237  0.06964333559706708
  0.07244316097296180  0.07524298634885651  0.07804281172475122  0.08084263710064594
  0.09437287345977431  0.12983515528112641  0.13680537327635497  0.14377559127158354
  0.15074580926681216  0.15771602726204081  0.16468624525726946  0.17165646325249806
  0.17862668124772663  0.18559689924295519  0.26018697065569507  0.36017361139593912
  0.46016025213618300  0.56014689287642705  0.66013353361667104  0.68850166285393333
  0.68988079619815879  0.69125992954238413  0.69263906288660948  0.69401819623083494
  0.69539732957506029  0.69677646291928563  0.69815559626351109  0.69953472960773644
  0.70091386295196179  0.70229299629618724  0.70367212964041259  0.70505126298463794
  0.70643039632886340  0.70780952967308874  0.70918866301731409  0.71056779636153955
  0.71194692970576490  0.71332606304999036  0.71470519639421570  0.71608432973844116
  0.71746346308266651  0.71884259642689197  0.72022172977111731  0.72160086311534266
  0.72297999645956812  0.72435912980379347  0.72573826314801893  0.72711739649224427
  0.72849652983646973  0.72987566318069508  0.73125479652492043  0.73263392986914588
  0.73401306321337123  0.73539219655759658  0.73677132990182204  0.73815046324604738
  0.73952959659027273  0.74090872993449819  0.74228786327872354  0.74366699662294888
  0.74504612996717434  0.74642526331139969  0.74780439665562504  0.74918352999985049
  0.79079287755413885  0.89077951829438273  0.94035522779331393  0.94571481520820622
  0.95107440262309850  0.95643399003799068  0.96110301126434294  0.96539297765673604
  0.96968294404912914  0.97397291044152223  0.97736901442209878  1.00000000000000000
  0.02747189601262412  0.06479138172677563  0.06708276345355127  0.06937414518032692
  0.07166552690710255  0.07395690863387819  0.07624829036065384  0.07853967208742947
  0.08083105381420511  0.08312243554098074  0.08586132745662135  0.08864558329424441
  0.09142983913186745  0.09421409496949049  0.09699835080711354  0.09978260664473658
  0.10256686248235963  0.15127886106457281  0.26202411766358913  0.35549620921359470
  0.36341121458361880  0.37132621995364296  0.37924122532366705  0.38715623069369121
  0.39507123606371530  0.40298624143373951  0.41090124680376378  0.43763452459295327
  0.43924628931644222  0.44085805403993122  0.44246981876342018  0.44408158348690918
  0.44569334821039819  0.44730511293388714  0.44891687765737615  0.45052864238086515
  0.45214040710435410  0.45375217182784311  0.45536393655133206  0.45697570127482107
  0.45858746599831007  0.46019923072179908  0.46181099544528809  0.46342276016877704
  0.46503452489226604  0.46664628961575505  0.46825805433924406  0.46986981906273306
  0.47148158378622207  0.47309334850971108  0.47470511323320008  0.47631687795668909
  0.47792864268017810  0.47954040740366710  0.48115217212715605  0.48276393685064506
  0.48437570157413407  0.48598746629762302  0.48759923102111202  0.48921099574460103
  0.49082276046808998  0.49243452519157899  0.49404628991506794  0.49565805463855694
  0.49726981936204595  0.49888158408553490  0.53389827290046454  0.64464352949948078
  0.67748348170237838  0.69098531150970621  0.70448714131703394  0.71798897112436189
  0.74822977509148536  0.85897503169050171  0.88022711004133547  0.88633855304106124
  0.89244999604078701  0.89856143904051289  0.90467288204023877  0.91078432503996465
  0.91689576803969053  0.92300721103941630  0.92911865403914207  0.93523009703886795
  0.96008125838786906  0.96404964774577706  0.96801803710368495  0.97198642646159295
  0.97595481581950094  0.97980823052829291  0.98317352544024417  0.98653882035219531
  0.98990411526414646  0.99326941017609760  0.99663470508804886  1.00000000000000000
  0.14077573617299391  0.14117724052867028  0.14157874488434669  0.14198024924002306
  0.14238175359569946  0.14278325795137584  0.14318476230705221  0.14358626666272861
  0.14398777101840499  0.14438927537408136  0.14479077972975776  0.14519228408543414
  0.14559378844111054  0.14665977424100390  0.14870855618349196  0.15075733812598002
  0.15280612006846808  0.15485490201095614  0.15690368395344420  0.15895246589593226
  0.16100124783842035  0.16305002978090841  0.16509881172339647  0.19067457849037789
  0.25477927167226899  0.26616000531309869  0.27754073895392845  0.28892147259475826
  0.30030220623558801  0.31168293987641771  0.40743266598904182  0.50970801401746724
  0.52222431766279642  0.52378507862367951  0.52534583958456260  0.52690660054544569
  0.52846736150632878  0.53002812246721187  0.53158888342809496  0.53314964438897805
  0.53471040534986114  0.53627116631074412  0.53783192727162721  0.53939268823251030
  0.54095344919339339  0.54251421015427648  0.54407497111515957  0.54563573207604255
  0.54719649303692564  0.54875725399780872  0.55031801495869181  0.55187877591957490
  0.55343953688045788  0.55500029784134097  0.55656105880222406  0.55812181976310715
  0.55968258072399013  0.56124334168487322  0.56280410264575631  0.56436486360663940
  0.56592562456752238  0.56748638552840547  0.56904714648928856  0.57060790745017165
  0.57216866841105463  0.57372942937193772  0.57529019033282081  0.57685095129370390
  0.57841171225458687  0.57997247321546996  0.58153323417635305  0.58309399513723614
  0.66992505144287451  0.71136187624211511  0.71621171981165643  0.72106156338119765
  0.72591140695073897  0.73076125052028018  0.73561109408982139  0.74046093765936261
  0.74531078122890382  0.75016062479844503  0.75501046836798624  0.75986031193752746
  0.76471015550706867  0.76955999907660988  0.81461939032796260  0.82104078472562569
  0.82746217912328879  0.83382111386979407  0.83951359376239210  0.84520607365499012
  0.85089855354758814  0.89772465197157170  0.92202485005060841  1.00000000000000000
  0.00256072729199561  0.02287087978147325  0.02490842622961324  0.02694597267775323
  0.02898351912589322  0.03102106557403321  0.03305861202217319  0.03509615847031319
  0.03713370491845318  0.03917125136659316  0.04120879781473315  0.04359078618452372
  0.04607261089281948  0.04855443560111524  0.05103626030941100  0.05351808501770676
  0.05599990972600252  0.05848173443429828  0.06096355914259404  0.10118821124620728
  0.12609246336976382  0.12751949430265919  0.12894652523555458  0.13037355616844998
  0.13180058710134537  0.13322761803424074  0.13465464896713614  0.13608167990003153
  0.13750871083292690  0.13893574176582230  0.14036277269871769  0.14178980363161306
  0.14321683456450846  0.14464386549740385  0.14607089643029925  0.14749792736319464
  0.14892495829609004  0.15035198922898543  0.15177902016188086  0.15320605109477625
  0.15463308202767165  0.15606011296056704  0.15748714389346247  0.15891417482635786
  0.16034120575925326  0.16176823669214865  0.16319526762504408  0.16462229855793947
  0.16604932949083487  0.16747636042373026  0.16890339135662566  0.17033042228952103
  0.17175745322241642  0.17318448415531182  0.17461151508820721  0.17603854602110258
  0.17746557695399798  0.17889260788689337  0.18031963881978874  0.18174666975268414
  0.18317370068557953  0.18460073161847490  0.18602776255137030  0.18745479348426569
  0.28584698501041589  0.37587266562369853  0.38301382359298458  0.39015498156227063
  0.39729613953155668  0.40443729750084284  0.41157845547012895  0.41871961343941505
  0.42586077140870110  0.43300192937798715  0.47509104947397718  0.50923772574147241
  0.52147722118623041  0.53371671663098841  0.54595621207574641  0.55819570752050440
  0.62834701613162747  0.72991143200379505  0.77333879855738630  0.77753496545264411
  0.78173113234790192  0.78592729924315974  0.79012346613841755  0.79394307710955025
  0.79754364975880609  0.80114422240806193  0.80474479505731777  0.80834536770657373
  0.81194594035582957  0.89843558412782154  0.97544646660486856  1.00000000000000000
  0.00735646088918047  0.00891350183531711  0.01047054278145375  0.01202758372759039
  0.01358462467372703  0.01514166561986367  0.01669870656600031  0.01825574751213695
  0.01981278845827359  0.02183952147089389  0.02475972203555769  0.02767992260022149
  0.03060012316488529  0.03352032372954909  0.03644052429421289  0.03936072485887668
  0.04229494968343270  0.04528182190918059  0.04826869413492849  0.05125556636067639
  0.05424243858642429  0.05722931081217218  0.06021618303792008  0.08935023431325503
  0.20342123736168496  0.31257640550382110  0.31432224539599390  0.31606808528816677
  0.31781392518033957  0.31955976507251233  0.32130560496468513  0.32305144485685794
  0.32479728474903075  0.32654312464120355  0.32828896453337636  0.33003480442554917
  0.33178064431772197  0.33352648420989478  0.33527232410206764  0.33701816399424045
  0.33876400388641326  0.34050984377858612  0.34225568367075893  0.34400152356293173
  0.34574736345510459  0.34749320334727740  0.34923904323945021  0.35098488313162307
  0.35273072302379588  0.35447656291596868  0.35622240280814149  0.35796824270031430
  0.35971408259248711  0.36145992248465991  0.36320576237683272  0.36495160226900553
  0.36669744216117833  0.36844328205335114  0.37018912194552395  0.37193496183769675
  0.37368080172986956  0.40287623194244537  0.50096111677193600  0.50743034637077267
  0.51389957596960933  0.52036880556844600  0.52683803516728267  0.53330726476611934
  0.53977649436495612  0.54624572396379278  0.55271495356262945  0.55918418316146601
  0.61810367754734408  0.69303837612452701  0.70717990128730646  0.72132142645008612
  0.73546295161286568  0.74960447677564512  0.86088055998010660  0.89876776027276217
  0.90299855544654872  0.90722935062033516  0.91146014579412171  0.91569094096790815
  0.91992173614169459  0.92415253131548114  0.92838332648926758  0.93261412166305402
  0.93684491683684046  0.94107571201062690  0.94530650718441334  0.94953730235819978
  0.95376809753198621  0.95799889270577265  0.97889546582833353  1.00000000000000000
  0.61770897706349681  0.62161400203288852  0.62573045074204769  0.63122617326529928
  0.63672189578855076  0.64221761831180224  0.64773408774816099  0.65329045858135082
  0.65884682941454076  0.66440320024773070  0.66995957108092064  0.67551594191411046
  0.68107231274730029  0.68662868358049023  0.73209148659827505  0.73923933078077320
  0.74638717496327134  0.75353501914576937  0.76068286332826751  0.76783070751076565
  0.77497855169326380  0.78212639587576205  0.78927424005826019  0.85553942275184292
  0.87791252323043334  0.88156550586157612  0.88521848849271889  0.88887147112386167
  0.89252445375500444  0.89603982532522919  0.89823193508333077  0.90042404484143246
  0.90261615459953404  0.90480826435763562  0.90700037411573720  0.90919248387383889
  0.91138459363194047  0.91357670339004204  0.91576881314814362  0.91796092290624531
  0.92015303266434689  0.92234514242244847  0.92453725218055005  0.92672936193865163
  0.92892147169675321  0.93111358145485479  0.93330569121295637  0.93549780097105795
  0.93761158990213145  0.93889965463891800  0.94018771937570456  0.94147578411249111
  0.94276384884927766  0.94405191358606422  0.94533997832285077  0.94662804305963733
  0.94791610779642399  0.94920417253321054  0.95049223726999710  0.95178030200678365
  0.95306836674357021  0.95435643148035676  0.95564449621714331  0.95693256095392987
  0.95822062569071653  0.95972505608048864  0.96125023426070877  0.96277541244092890
  0.96430059062114892  0.96582576880136906  0.96735094698158908  0.96887612516180921
  0.97040130334202923  0.97192648152224936  0.97345165970246939  0.97497683788268952
  0.97650201606290965  0.97802719424312967  0.97947204090002438  0.98067956790590527
  0.98188709491178616  0.98309462191766717  0.98430214892354806  0.98550967592942895
  0.98671720293530985  0.98792472994119085  0.98913225694707174  0.99033978395295263
  0.99154731095883353  0.99275483796471442  0.99396236497059542  0.99516989197647632
  0.99637741898235721  0.99758494598823810  0.99879247299411911  1.00000000000000000
   7.6437158754067524E-011  -1.0000000000000000     
 F F F F F F F F F F F F F F F F F F F F F F F F F F F F F F F F F F F F F F F F F F F F F F F F F F F F F F F F F F F F F F F F
  <DiscreteSampler_grid>
  grouped_processes
  1 # 1 for a reference and 2 for a running grid.
  10 # Attribute 'min_bin_probing_points' of the grid.
  1 # Attribute 'grid_mode' of the grid. 1=='default',2=='initialization'
  0.0000000000000000 # Attribute 'small_contrib_threshold' of the grid.
  0.5000000000000000 # Attribute 'damping_power' of the grid.
 # binID   n_entries weight   weight_sqr   abs_weight
    10   10   7.033774032621383E+001   1.751005484029603E+004   7.033774032621383E+001
  </DiscreteSampler_grid>
