  0.09255806456342260  0.09538371185034047  0.09820935913725834  0.10103500642417622
  0.10386065371109408  0.10935360344719153  0.11517050062904545  0.12098739781089937
  0.16083058082525026  0.27634539711842215  0.39186021341159410  0.50737502970476611
  0.52349849696676576  0.52651511863518352  0.52953174030360128  0.53254836197201905
  0.53556498364043681  0.53858160530885457  0.54159822697727233  0.54461484864568999
  0.54763147031410775  0.55064809198252551  0.55366471365094316  0.55668133531936093
  0.55969795698777869  0.56271457865619634  0.56573120032461410  0.56874782199303187
  0.57176444366144952  0.57478106532986728  0.57779768699828504  0.58081430866670269
  0.60238770360828719  0.62745648197711579  0.63051086698857717  0.63356525200003855
  0.63661963701150004  0.63967402202296142  0.64272840703442291  0.64578279204588429
  0.64883717705734578  0.65189156206880727  0.65494594708026865  0.65800033209173014
  0.66105471710319164  0.66410910211465302  0.66697570789490956  0.66887565158184570
  0.67077559526878183  0.67267553895571797  0.67457548264265410  0.67647542632959023
  0.67837537001652637  0.68027531370346250  0.68217525739039864  0.68407520107733488
  0.68597514476427102  0.68798308124812213  0.69043004319721180  0.69287700514630157
  0.69532396709539124  0.69777092904448101  0.70021789099357079  0.70266485294266046
  0.70511181489175023  0.70755877684084001  0.71000573878992967  0.71245270073901945
  0.71489966268810923  0.71734662463719900  0.71979358658628878  0.72224054853537856
  0.72468751048446822  0.72713447243355800  0.74874678990222066  0.81702159876823610
  0.82711231444449596  0.83442020386844762  0.83725435397095427  0.84008850407346092
  0.84292265417596768  0.84575680427847433  0.84859095438098109  0.85142510448348774
  0.85423816344426673  0.85642670597805781  0.85861524851184901  0.86080379104564009
  0.86299233357943128  0.86518087611322247  0.86736941864701356  0.86955796118080475
  0.87174650371459583  0.87375534005441691  0.87375534005442690  1.00000000000000000
  0.00003160236168241  0.00007848526914010  0.00008264641155947  0.00008581989625647
  0.00008724797380561  0.00008867605135476  0.00009010412890390  0.00009153220645304
  0.00009296028400218  0.00009438836155132  0.00009581643910046  0.00009724451664960
  0.00009879517034282  0.00010045145261703  0.00010210773489125  0.00010376401716546
  0.00010542029943968  0.00010707658171390  0.00010873286398811  0.00011038914626233
  0.00011204542853655  0.00011389861169070  0.00011579957201371  0.00011770053233671
  0.00011960149265972  0.00012150245298272  0.00012340341330573  0.00012530437362873
  0.00012720533395174  0.00013583269257650  0.00019820589528367  0.00020505963737384
  0.00021191337946401  0.00021876712155418  0.00022589142914133  0.00023375765579867
  0.00024162388245601  0.00024949010911335  0.00025743126379688  0.00026645954659635
  0.00027548782939581  0.00028451611219527  0.00029354439499473  0.00051196166232462
  0.00051932001251577  0.00052667836270692  0.00053403671289808  0.00054139506308923
  0.00054875341328038  0.00055611176347153  0.00056347011366268  0.00057082846385384
  0.00057818681404499  0.00058554516423614  0.00059221392270045  0.00059869829518590
  0.00060518266767136  0.00061166704015682  0.00061815141264227  0.00062463578512773
  0.00063112015761318  0.00063760453009864  0.00064408890258410  0.00065057327506955
  0.00065705764755501  0.00066354202004047  0.00067002639252592  0.00067625442492620
  0.00068211923438615  0.00068798404384610  0.00069384885330605  0.00069971366276599
  0.00070557847222594  0.00071144328168589  0.00071730809114584  0.00072317290060579
  0.00072903771006574  0.00073490251952569  0.00074076732898564  0.00074663213844559
  0.00075249694790554  0.00075836175736548  0.00076422656682543  0.00077009137628538
  0.00104818911578259  0.00208166781639616  0.00413408844277934  0.00821002790305383
  0.01630444488930000  0.02508900634190928  0.02508900634191928  0.02508900634192928
  0.02508900634193928  0.02508900634194927  0.02508900634195927  1.00000000000000000
  0.00001978634266811  0.00001999441343732  0.00002020248420652  0.00002041055497573
  0.00002061862574494  0.00002082669651415  0.00002103476728336  0.00002124283805256
  0.00002145090882177  0.00002184898408976  0.00002231732815951  0.00002278567222926
  0.00002325401629901  0.00002372236036876  0.00002419070443851  0.00002465904850826
  0.00003407646864182  0.00003660200847949  0.00003846067333881  0.00004005467838916
  0.00004164868343950  0.00004330326122738  0.00004513274428263  0.00004696222733787
  0.00004879171039311  0.00005090961306770  0.00005310026272419  0.00005529091238068
  0.00007458884821594  0.00007629511693371  0.00007800138565147  0.00007970765436924
  0.00008141392308701  0.00008312019180477  0.00008482646052254  0.00008671427166351
  0.00008867260279061  0.00009063093391771  0.00009258926504480  0.00009454759617190
  0.00009650592729900  0.00009854679821344  0.00010079442823996  0.00010304205826648
  0.00010528968829300  0.00010753731831951  0.00010978494834603  0.00011203257837255
  0.00022976192604831  0.00029959931424396  0.00030645251731416  0.00031330572038437
  0.00032015892345458  0.00032701212652479  0.00033386532959499  0.00034106965914216
  0.00034893526715159  0.00035680087516102  0.00036466648317046  0.00037253209117989
  0.00038039769918932  0.00038826330719876  0.00039728191892325  0.00040630949168365
  0.00041533706444404  0.00042436463720444  0.00043339220996483  0.00044241978272523
  0.00076194728182988  0.00078747018577785  0.00080184041678824  0.00081621064779863
  0.00083058087880902  0.00084495110981941  0.00085932134082981  0.00087369157184020
  0.00088803027941260  0.00090137845044099  0.00091472662146938  0.00092807479249776
  0.00094142296352615  0.00095477113455453  0.00096811930558292  0.00098146747661131
  0.00099481564763969  0.00100816381866808  0.00121471741095214  0.00281292090428767
  0.00651279219795653  0.01507669674493339  0.02793515136060221  0.02793515136061221
  0.02793515136062221  0.02793515136063221  0.02793515136064221  1.00000000000000000
  0.00692224105199176  0.06453837300029409  0.06657674600058817  0.06861511900088227
  0.07065349200117636  0.07269186500147046  0.07473023800176454  0.07676861100205863
  0.07880698400235273  0.08084535700264682  0.08288373000294091  0.08529298719831549
  0.08780720030546071  0.09032141341260592  0.09283562651975115  0.09534983962689636
  0.09786405273404158  0.10037826584118681  0.10289247894833202  0.14625671213231817
  0.14919933740820507  0.15214196268409194  0.15508458795997881  0.15802721323586572
  0.16096983851175259  0.16391246378763949  0.16685508906352636  0.16979771433941324
  0.17274033961530008  0.17568296489118693  0.17862559016707380  0.18156821544296065
  0.18451084071884749  0.18745346599473436  0.19039609127062121  0.19333871654650808
  0.19628134182239493  0.19922396709828177  0.20216659237416865  0.20510921765005549
  0.20805184292594234  0.31619993248331224  0.33602205553421122  0.33916178161045868
  0.34230150768670609  0.34544123376295349  0.34858095983920090  0.35172068591544836
  0.35465880198665189  0.35688608920784531  0.35911337642903873  0.36134066365023210
  0.36356795087142552  0.36579523809261888  0.36802252531381230  0.37024981253500572
  0.37247709975619908  0.37470438697739250  0.37693167419858592  0.37915896141977928
  0.38138624864097270  0.38361353586216607  0.38584082308335949  0.38806811030455290
  0.39029539752574627  0.39252268474693969  0.39474997196813311  0.39742590748266970
  0.40052673786694332  0.40362756825121698  0.40672839863549060  0.40982922901976421
  0.41293005940403787  0.41603088978831149  0.48078894958332341  0.48677582446450318
  0.49276269934568295  0.49874957422686272  0.50473644910804250  0.51072332398922227
  0.51671019887040204  0.52269707375158181  0.52868394863276169  0.53467082351394157
  0.54065769839512134  0.64084153315928549  0.76011808123671620  0.79931225050510546
  0.80970732661042921  0.82010240271575297  0.83049747882107672  0.84089255492640058
  0.85128763103172445  0.94040820577942452  0.97803827857325221  1.00000000000000000
  0.02387505372365315  0.02584583271770016  0.02781661171174718  0.02978739070579419
  0.03175816969984120  0.03372894869388821  0.03569972768793522  0.03767050668198224
  0.03964128567602925  0.04161206467007627  0.04440224343317073  0.04721577122062733
  0.05002929900808392  0.05284282679554052  0.05565635458299711  0.05846988237045370
  0.06128341015791030  0.06420488609676075  0.06720859981124871  0.07021231352573669
  0.07321602724022466  0.07621974095471262  0.07922345466920060  0.08222716838368856
  0.08523088209817656  0.08823459581266455  0.09123830952715255  0.09424202324164055
  0.09724573695612855  0.10024945067061655  0.10325316438510455  0.10625687809959254
  0.10926059181408050  0.11226430552856848  0.11526801924305644  0.11827173295754441
  0.12127544667203238  0.12427916038652034  0.20843934742478784  0.21083989171577200
  0.21324043600675616  0.21564098029774031  0.21804152458872447  0.22044206887970863
  0.22284261317069279  0.22524315746167695  0.22764370175266113  0.23004424604364526
  0.23244479033462939  0.23484533462561355  0.23724587891659768  0.23964642320758181
  0.24204696749856594  0.24444751178955007  0.24684805608053420  0.24924860037151836
  0.25164914466250249  0.25404968895348662  0.25645023324447075  0.25885077753545488
  0.26125132182643901  0.26365186611742314  0.26605241040840727  0.26845295469939140
  0.27181123804288454  0.37578085475390843  0.38265565948570440  0.38953046421750037
  0.39640526894929634  0.40328007368109237  0.41015487841288845  0.41702968314468447
  0.42390448787648044  0.43077929260827641  0.44010932790729329  0.55652029149332161
  0.67293125507935003  0.78934221866537835  0.90575318225140655  0.93965725905994402
  0.94262343326968512  0.94558960747942633  0.94855578168916754  0.95152195589890876
  0.95448813010864997  0.95745430431839118  0.95993556689357773  0.96221260247127582
  0.96448963804897381  0.96676667362667190  0.96904370920437000  0.97132074478206798
  0.97359778035976607  0.97587481593746417  0.97774434487024942  1.00000000000000000
 -0.00384968916575112  0.35543167172850554  0.35669667679034434  0.35796168185218319
  0.35922668691402199  0.36049169197586078  0.36175669703769958  0.36302170209953843
  0.36428670716137723  0.36555171222321603  0.36681671728505483  0.36808172234689368
  0.36934672740873248  0.37061173247057128  0.37187673753241007  0.37314174259424893
  0.37440674765608772  0.37584185154780331  0.37742717668437309  0.37901250182094293
  0.38059782695751271  0.38218315209408255  0.38376847723065233  0.38535380236722216
  0.38693912750379195  0.38852445264036173  0.39010977777693157  0.39169510291350135
  0.39328042805007118  0.39486575318664097  0.39659372953320415  0.39854514189455170
  0.40049655425589920  0.40244796661724674  0.40439937897859424  0.40635079133994179
  0.40830220370128928  0.41025361606263677  0.41220502842398432  0.41415644078533181
  0.41610785314667936  0.43831530805544849  0.43999881630486726  0.44168232455428608
  0.44336583280370484  0.44504934105312360  0.44673284930254242  0.44841635755196119
  0.45009986580137995  0.45178337405079871  0.45346688230021753  0.45515039054963630
  0.45683389879905506  0.45851740704847388  0.46020091529789264  0.46188442354731146
  0.46356793179673023  0.46525144004614905  0.46693494829556786  0.46861845654498663
  0.47030196479440545  0.47198547304382421  0.47366898129324303  0.47535248954266185
  0.47703599779208061  0.47871950604149943  0.48040301429091820  0.48208652254033696
  0.48377003078975578  0.48545353903917454  0.48713704728859331  0.48882055553801212
  0.49050406378743089  0.49218757203684965  0.49387108028626842  0.49555458853568723
  0.49723809678510600  0.49892160503452476  0.53265054227015329  0.62348883440212144
  0.71432712653408958  0.80516541866605784  0.81615615881407644  0.82013345777791824
  0.82411075674176015  0.82808805570560207  0.83206535466944398  0.83566909701446923
  0.83909801255056304  0.84252692808665686  0.84595584362275067  0.84938475915884459
  0.85281367469493841  0.90916170786802697  0.94707721869150796  1.00000000000000000
 -0.00394103688320609  0.00031452706691759  0.00062905413383519  0.00094358120075278
  0.00125810826767037  0.00157263533458797  0.00188716240150556  0.00220168946842316
  0.00251621653534075  0.00283074360225834  0.00314527066917594  0.00345979773609353
  0.00377432480301113  0.00408885186992872  0.00440337893684632  0.00471790600376391
  0.00503243307068151  0.00534696013759910  0.00566148720451670  0.00597601427143430
  0.00629054133835189  0.00660506840526949  0.00691959547218708  0.00723412253910468
  0.00754864960602228  0.00786317667293987  0.00817770373985746  0.00849223080677506
  0.00880675787369266  0.00912128494061025  0.00943581200752785  0.00975033907444544
  0.01006486614136304  0.01037939320828063  0.01069392027519823  0.01100844734211583
  0.01132297440903342  0.01163750147595102  0.01195202854286861  0.01226655560978621
  0.01258108267670380  0.01289560974362140  0.01321013681053900  0.01352466387745659
  0.01383919094437419  0.01415371801129178  0.01446824507820938  0.01478277214512697
  0.01509729921204457  0.01541182627896217  0.01572635334587976  0.01604088041279736
  0.01635540747971495  0.01666993454663255  0.01698446161355014  0.01729898868046774
  0.01761351574738534  0.01792804281430293  0.01824256988122053  0.01855709694813812
  0.01887162401505572  0.01918615108197331  0.01950067814889091  0.01981520521580851
  0.02012973228272610  0.02044425934964370  0.02075878641656129  0.04774296307584751
  0.08301174222118657  0.11828052136652585  0.15354930051186499  0.18881807965720421
  0.22408685880254342  0.25935563794788252  0.29299918601534108  0.30105245510737111
  0.30105245510738110  0.30105245510739109  0.30105245510740108  0.30105245510741108
  0.30105245510742107  0.30105245510743106  0.30105245510744105  0.30105245510745104
  0.30105245510746104  0.30105245510747103  0.30105245510748102  0.30105245510749101
  0.30105245510750100  0.30105245510751100  0.30105245510752099  0.30105245510753098
  0.30105245510754097  0.30105245510755096  0.30105245510756096  1.00000000000000000
  0.07609259684880569  0.07703056059860142  0.07796852434839714  0.07890648809819287
  0.07984445184798859  0.08078241559778432  0.08172037934758004  0.08265834309737577
  0.08424862921462301  0.08751327113409479  0.09077791305356658  0.09404255497303837
  0.09730719689251018  0.10057183881198196  0.10383648073145375  0.21492539022297841
  0.23187324819281502  0.23493351990494260  0.23799379161707021  0.24105406332919782
  0.24411433504132543  0.24717460675345304  0.25023487846558062  0.25329515017770826
  0.25635542188983584  0.25941569360196343  0.26247596531409106  0.26553623702621865
  0.26859650873834628  0.27165678045047387  0.27471705216260150  0.27777732387472914
  0.28083759558685678  0.28389786729898442  0.28695813901111206  0.29001841072323969
  0.34852124647139565  0.43839602052968668  0.44162033512982113  0.44484464972995563
  0.44806896433009014  0.45129327893022464  0.45451759353035909  0.45774190813049359
  0.46096622273062809  0.46419053733076265  0.46741485193089716  0.47063916653103166
  0.47386348113116622  0.47708779573130072  0.48031211033143523  0.48353642493156973
  0.48676073953170423  0.48998505413183868  0.49320936873197319  0.49643368333210769
  0.49965799793224219  0.50963212623618437  0.52040715666914683  0.53118218710210940
  0.54173665646710600  0.54433221652813557  0.54692777658916503  0.54952333665019459
  0.55211889671122416  0.55471445677225373  0.55731001683328318  0.55990557689431275
  0.56250114587397737  0.56511706632409908  0.56773298677422079  0.57034890722434251
  0.57296482767446422  0.57558074812458593  0.57819666857470764  0.58081258902482935
  0.58342850947495106  0.58604442992507277  0.58866035037519460  0.59127627082531631
  0.59389219127543802  0.59650811172555973  0.59912403217568155  0.60173995262580326
  0.61307911871156706  0.70974367863732934  0.71595757010984307  0.72217146158235690
  0.72838535305487062  0.73390319593791264  0.73932093307900892  0.74473867022010509
  0.75355733818547899  0.80332243839899697  0.80332243839900697  1.00000000000000000
  0.64866667588551841  0.65480569014133949  0.66094470439716047  0.66720054561607367
  0.67505925529457800  0.68291796497308244  0.72674158531133037  0.81269443046019429
  0.81488388845704307  0.81707334645389174  0.81926280445074040  0.82145226244758918
  0.82364172044443784  0.82583117844128651  0.82802063643813528  0.83021009443498395
  0.83239955243183272  0.83458901042868139  0.83677846842553016  0.83896792642237883
  0.84115738441922761  0.84334684241607627  0.84553630041292505  0.84772575840977382
  0.84991521640662249  0.85210467440347126  0.85424618377456052  0.85561203609247038
  0.85697788841038014  0.85834374072829001  0.85970959304619987  0.86107544536410963
  0.86244129768201949  0.86380714999992936  0.86517300231783911  0.86653885463574898
  0.86790470695365884  0.86927055927156871  0.87063641158947846  0.87200226390738833
  0.87336811622529820  0.87473396854320795  0.87637677194017749  0.87808656597319257
  0.87979636000620765  0.88150615403922272  0.88321594807223780  0.88492574210525288
  0.88663553613826795  0.88834533017128292  0.89005512420429800  0.89176491823731308
  0.89347471227032815  0.89518450630334323  0.89666383433005914  0.89800222246519090
  0.89934061060032267  0.90067899873545443  0.90201738687058619  0.90335577500571784
  0.90469416314084961  0.90603255127598137  0.90737093941111313  0.90870932754624489
  0.91004771568137666  0.91138610381650842  0.91272449195164018  0.91406288008677195
  0.91540126822190371  0.91678127457613579  0.91888280241453157  0.92098433025292725
  0.92308585809132293  0.92518738592971872  0.92728891376811440  0.92939044160651008
  0.93149196944490575  0.93359349728330154  0.93569502512169722  0.93782179344807748
  0.94010218845454185  0.94238258346100623  0.94466297846747060  0.94694337347393498
  0.94922376848039935  0.95150416348686373  0.95378455849332811  0.95606495349979259
  0.95836659448299455  0.96467932590006500  0.97099205731713545  0.97730478873420590
  0.98313117669332706  0.98875411779555133  0.99437705889777572  1.00000000000000000
   6.8574666995192133E-009  -1.0000000000000000     
 F F F F F F F F F F F F F F F F F F F F F F F F F F F F F F F F F F F F F F F F F F F F F F F F F F F F F F F F F F F F F F F F
  <DiscreteSampler_grid>
  grouped_processes
  1 # 1 for a reference and 2 for a running grid.
  10 # Attribute 'min_bin_probing_points' of the grid.
  1 # Attribute 'grid_mode' of the grid. 1=='default',2=='initialization'
  0.0000000000000000 # Attribute 'small_contrib_threshold' of the grid.
  0.5000000000000000 # Attribute 'damping_power' of the grid.
 # binID   n_entries weight   weight_sqr   abs_weight
    10   10   4.135548930822973E+002   3.676717374013632E+005   4.135548930822973E+002
  </DiscreteSampler_grid>
