  0.00372136170712845  0.00836530039176183  0.01471677581712347  0.02229095511517658
  0.03126760403031936  0.04090057464720281  0.05133340243785067  0.06252590063816427
  0.07308733433115081  0.08316667243761607  0.09350319606120486  0.10365091102190682
  0.11300878338002743  0.12220489240481569  0.13226067076958864  0.14221518609175637
  0.15177242391281817  0.16130103822826997  0.17086052966212414  0.18000913193578871
  0.18887018810491868  0.19759531842492428  0.20676244494494816  0.21679622786615912
  0.22796203782763189  0.24047016163825352  0.25300344207968173  0.26362728558048532
  0.27443612788885446  0.28529533754132297  0.29529653636883846  0.30522620745236295
  0.31503472822548678  0.32528810780423362  0.33599638038723600  0.34627435006697799
  0.35732250193726511  0.36864946305335777  0.37897879019763797  0.38828041926639406
  0.39722441308245260  0.40649327000599439  0.41659161919195492  0.42736765894212431
  0.43798947404564409  0.44864286469145903  0.45906854270919151  0.47002074318874026
  0.48065695063351865  0.49058396042881436  0.50058037809060285  0.51083327681811430
  0.52155776971617041  0.53237239731840713  0.54241041114925193  0.55201751283571521
  0.56242432774878670  0.57292384951409425  0.58553620081325508  0.59691038949183206
  0.60850430010682932  0.61922764648402473  0.62996055011603425  0.64114704736750550
  0.65327645022083736  0.66524293884968400  0.67695353526157498  0.68850859449129143
  0.69999684108550153  0.71194847692775298  0.72466666345825881  0.73665882245761516
  0.74791885364785149  0.75896137103401740  0.77099411533354589  0.78184546354523965
  0.79316968318022629  0.80420212174564976  0.81423550736953088  0.82318157155092397
  0.83252963941630498  0.84310630509751971  0.85412150823659805  0.86467093184083055
  0.87582410458318938  0.88792636364101785  0.90010518868176526  0.91217489867046730
  0.92469645934577571  0.93808492576345404  0.95185281888295781  0.96497840055167972
  0.97650905590613257  0.98491545249791201  0.99253984658902039  1.00000000000000000
  0.00027812232361214  0.00041529292587226  0.00056634515061075  0.00070602574027025
  0.00084198940298840  0.00097249522077334  0.00110152591465650  0.00122989526415952
  0.00136152379277764  0.00148538956168347  0.00160591893489138  0.00173196607345787
  0.00186524765422630  0.00200138653879394  0.00214210458778415  0.00229389439785521
  0.00245350617660100  0.00260576092980962  0.00275210876506528  0.00290788793022253
  0.00308313846825182  0.00326133988114907  0.00343409662114479  0.00360649021478500
  0.00378398425076848  0.00396490913216779  0.00416023398133463  0.00434261874629519
  0.00454051595811515  0.00473750738532679  0.00495727518327358  0.00519390350976844
  0.00543762450336825  0.00567398778690963  0.00593251026651230  0.00618603591974286
  0.00647420532114777  0.00677667415224442  0.00707166930308752  0.00733117558623191
  0.00757900272499885  0.00783262123573535  0.00809038414152427  0.00834736953088127
  0.00859907240215433  0.00885639602964447  0.00910980913387828  0.00936016458085020
  0.00964119134599967  0.00995532185753977  0.01027973422910923  0.01062079486529463
  0.01096525828166992  0.01124907426915839  0.01149321763612309  0.01175044511459720
  0.01202379089212794  0.01238283873468699  0.01266391894896075  0.01295997124452870
  0.01328251434959526  0.01365456814597769  0.01408163005139479  0.01457782785002757
  0.01512624562188425  0.01564535794565057  0.01611840264029415  0.01658631946139273
  0.01705695769390626  0.01754186364342923  0.01814779963457331  0.01889750998289520
  0.01983204256494789  0.02071131057919206  0.02162313635067090  0.02232583696534495
  0.02295103513847689  0.02369116140928619  0.02460009605197925  0.02556998173071225
  0.02620005123628064  0.02746162728394706  0.02940083484624236  0.03037842574978575
  0.03135601665332916  0.03248406636299506  0.03368205962288891  0.03511752720045721
  0.03689615982569137  0.03897988630130155  0.04519348430785412  0.05525781574700973
  0.06791336321779795  0.08335834653289720  0.16050213469995969  1.00000000000000000
  0.00000761533766521  0.00000806261911798  0.00000838656649281  0.00000870178191616
  0.00000899783123215  0.00000927654581524  0.00000955129974248  0.00000981695792317
  0.00001007381792308  0.00001039851544834  0.00001078943114550  0.00001122912974632
  0.00001173438949481  0.00001228266462334  0.00001281742152820  0.00001325310036718
  0.00001368841544161  0.00001411686089808  0.00001458076033957  0.00001506128555810
  0.00001568464456773  0.00001647235080629  0.00001733629308903  0.00001819934090916
  0.00001910472520494  0.00002004345405164  0.00002111232450096  0.00002243625354830
  0.00002376319286425  0.00002526278274040  0.00002675634141874  0.00002838033988192
  0.00003015473316822  0.00003208946912430  0.00003420166961844  0.00003649344922752
  0.00003891543204222  0.00004151630707643  0.00004429994104695  0.00004736483491099
  0.00005068911296090  0.00005425191894662  0.00005829243993150  0.00006293215999217
  0.00006775519192848  0.00007312224889224  0.00007909582638195  0.00008524654357752
  0.00009120135540537  0.00009727718605776  0.00010386584517332  0.00011089786001849
  0.00011867137650784  0.00012745095644996  0.00013784187821839  0.00015024125000360
  0.00016300764863538  0.00017719883691447  0.00019313479598131  0.00021009401764983
  0.00022859327572145  0.00024924871207490  0.00027322162756735  0.00030070485450795
  0.00033120194890599  0.00036611565718589  0.00040661147424042  0.00045230749144330
  0.00049974699881154  0.00054783681963339  0.00059884036714194  0.00065502504577499
  0.00072192275022887  0.00080812785125230  0.00091525192731947  0.00103979343813639
  0.00117939099155291  0.00133000407333749  0.00151124835210106  0.00171847350154568
  0.00194328300565830  0.00219546169994283  0.00247555299530923  0.00281349555648926
  0.00323378189772146  0.00372507712737362  0.00429677230355129  0.00490199848959291
  0.00561190774100233  0.00639289023572601  0.00769309977159581  0.01057175526865061
  0.01403120427210580  0.01928778017154343  0.33067044024233266  1.00000000000000000
 -0.00303703561306524  0.01476092765628774  0.02857165036671238  0.04124529518791994
  0.05502239806038599  0.07172601850069879  0.08915823124500637  0.10532690965418665
  0.12129140419847964  0.13294064350250523  0.14311554693228409  0.15407786218916189
  0.16510415306520301  0.17517452800120326  0.18479569427708495  0.19638621901372214
  0.21006089493169663  0.22325531518650646  0.23641594435249977  0.24920393565905105
  0.26159693437847575  0.27334794333175605  0.28404202279000745  0.29383255038474054
  0.30361203611854620  0.31368773123477700  0.32414763783601708  0.33484219338242432
  0.34580926592765510  0.35752082333098889  0.37039711681988063  0.38168036717426912
  0.39177342593023456  0.40175283869985817  0.41104445880967999  0.42049648799865041
  0.42986744367880719  0.43956333768553885  0.45295469269718847  0.46637057948416188
  0.47965907988473205  0.49272493362645886  0.50446646638837422  0.51538534528035607
  0.52582110345207989  0.53617235856810652  0.54671239018004114  0.55676736261512616
  0.56646599440018008  0.57478384988014009  0.58440585390849498  0.59380894168689935
  0.60424710782996793  0.61455744325081607  0.62427482229762521  0.63349962446773889
  0.64281680878025460  0.65208542048958762  0.66142076773680691  0.67184668174199780
  0.68240611854653321  0.69305536215124508  0.70336319925350554  0.71237751799156390
  0.72029844446761393  0.72784621438195651  0.73572965173240168  0.74427925815400753
  0.75340936419493620  0.76274957677218702  0.77209358186815313  0.78186992644697062
  0.79222286667292963  0.80267903255975170  0.81334368438686877  0.82332735656020040
  0.83288450209125031  0.84138595741351818  0.84960283813398096  0.85786037745794663
  0.86586963466881461  0.87361100720330909  0.88199208743931778  0.89115602273140093
  0.90075266447027968  0.91012954378211897  0.91861099053420603  0.92675047661092269
  0.93457157387776935  0.94242084088867462  0.95102966153352009  0.96049174183805230
  0.97041252872663364  0.98076887463742202  0.99006530102565260  1.00000000000000000
 -0.00208807194192875  0.01033828431914555  0.02046716655066672  0.03059053359318507
  0.04054801608301162  0.05143595955425449  0.06262985809015027  0.07544742189493236
  0.08764155563171680  0.09832105749022732  0.10912257069162659  0.11966933192401714
  0.13080392793422319  0.14189283862731439  0.15291508803424345  0.16364133440082698
  0.17382626098063675  0.18441753270802458  0.19565415676481762  0.20680742904622681
  0.21768507945288026  0.22867740123930375  0.23985035473549512  0.25010525488325186
  0.26014444060805009  0.27050766753233707  0.28131550496469604  0.29244511760743513
  0.30366519962326144  0.31486579821571320  0.32622681200325754  0.33717136653445812
  0.34856681442358800  0.35917911049543821  0.37014465983153227  0.38058180541955905
  0.39100560364558656  0.40175627660998370  0.41210050265938791  0.42196913136629632
  0.43192450963731382  0.44307022109590161  0.45430913135587925  0.46449168809557223
  0.47329111603775487  0.48221092523924458  0.49111802854949710  0.50003673090427347
  0.50880723214664614  0.51712566599082843  0.52602107762934869  0.53575039968652272
  0.54599702912148029  0.55658407451388459  0.56736930535697949  0.57787223261890197
  0.58773571024929205  0.59730500505452122  0.60684752626151905  0.61684727215158819
  0.62798734195077077  0.64033736246084771  0.65227739813902186  0.66450118458662988
  0.67615810065614945  0.68829821167158300  0.69911445265685535  0.70920550869478038
  0.71948915123577639  0.73087830386087005  0.74319608477722066  0.75350910756331191
  0.76156501222540052  0.77000273245563700  0.77854611128384998  0.78734942141521569
  0.79610490039420001  0.80435756951005632  0.81211015836424505  0.82127596438345540
  0.83092165117160011  0.84152664060584415  0.85246391252236053  0.86418724581169548
  0.87601770805331991  0.88689269982219021  0.89754323366007482  0.90824414685049881
  0.91884039190459066  0.92883937631914115  0.93920826079269326  0.94921392534335092
  0.96181976190364071  0.97461629612694645  0.98750705050292742  1.00000000000000000
 -0.00372065839911245  0.01741146104365923  0.03438482058228683  0.05333641172764198
  0.07740233721117933  0.10261003950508267  0.12595083731705728  0.14764241534158640
  0.16927348002405543  0.19107079463449261  0.21230819264044234  0.23330488789754200
  0.25494905518015337  0.27761489020397367  0.30101868894468359  0.32268975581935599
  0.34291558283324780  0.36382725803747007  0.38551147009207670  0.40645989006089400
  0.42514241642649270  0.44321656223957834  0.46085668866832219  0.47768619415859753
  0.49519072367510897  0.51283462849811112  0.52998582148786788  0.54702206050577706
  0.56289255519588310  0.57724675164239314  0.59156157048600366  0.60641175098631284
  0.62070714318455278  0.63389732144382505  0.64668237636814574  0.65969014538384507
  0.67284590146372747  0.68596206230220946  0.69942137242222724  0.71259193072440141
  0.72469337003106205  0.73613080191907110  0.74673747956351488  0.75663138615197856
  0.76643175273179320  0.77681561561446477  0.78701188863564464  0.79643939718417445
  0.80558425237426901  0.81440695803073970  0.82275152273127761  0.83093481717756945
  0.83832959154816278  0.84568829024765002  0.85264992120752336  0.85893016089273511
  0.86480252631190468  0.87051898484648293  0.87619934646901465  0.88180510633593623
  0.88705124464485707  0.89212542154348251  0.89727117742433571  0.90254314841464101
  0.90790979569558394  0.91313871544387804  0.91814282210031162  0.92238198266791149
  0.92621375109377313  0.92987780057384073  0.93353115685778199  0.93715830887902585
  0.94054864039460195  0.94435831354390742  0.94846298169801058  0.95219445921542334
  0.95550786367725393  0.95843325466023377  0.96096629373426301  0.96355226593076115
  0.96599332370878377  0.96872556550775324  0.97152473656815841  0.97427199805203357
  0.97696335125301748  0.97956902038542304  0.98197909720226095  0.98428311825887693
  0.98653746233557305  0.98872208581437215  0.99083657500985689  0.99287629215328077
  0.99475494683924226  0.99655198149429547  0.99829708237748793  1.00000000000000000
 -0.00240023722380982  0.00993451086385028  0.01929518547938877  0.02764923563374867
  0.03663476691922400  0.04707048972831964  0.05846680698625592  0.06944178028128237
  0.07964396108741253  0.08987258471661930  0.10066693418845521  0.11132221430354379
  0.12171596017521281  0.13205725900097215  0.14231087571312545  0.15275669046027790
  0.16338999162850515  0.17312260289613626  0.18294277862724223  0.19291831541504786
  0.20310901996701111  0.21502917538342187  0.22671878475212934  0.23571151929050924
  0.24387849603589054  0.25249008984788490  0.26137526242810616  0.27048791596613714
  0.27959497982106080  0.28842514346851394  0.29824708920169346  0.30984918300007802
  0.32112732644571368  0.33208502368480713  0.34242297164348601  0.35349990632681955
  0.36554824852318785  0.37802890241405912  0.39071097420253531  0.40265652346371922
  0.41325103297923971  0.42347308334802347  0.43355423237115526  0.44337522806890639
  0.45335675847648338  0.46446578382803611  0.47728650467012174  0.49046248329832554
  0.50088710670172409  0.51023966367957463  0.51940000101447148  0.52992547303542303
  0.54069688709321029  0.55049547619837447  0.56034392338764638  0.57102412020963400
  0.58263307902412487  0.59446904627072827  0.60658199422718628  0.61942887390271339
  0.63119148499050315  0.64096002708948840  0.64993262919281802  0.65899564543307598
  0.66808664623464531  0.67771868561686288  0.68771351116477075  0.69877609211446312
  0.70967030824255806  0.71944897482882653  0.72868174406605934  0.73815840711307312
  0.74857833008327734  0.75995559044517480  0.77028758259841834  0.78024530539531212
  0.79036062729967926  0.80246292829922639  0.81530262629052319  0.82824914797707283
  0.84033183546793844  0.85184789562128982  0.86204604380014438  0.87375276727420348
  0.88532294665617639  0.89738645948714468  0.90839693919870645  0.91807227910846290
  0.92789872080377656  0.93785401422712411  0.94815315076654405  0.95810534786546386
  0.96778040341450511  0.97797551772155922  0.98779370281894863  1.00000000000000000
 -0.00231620451812495  0.01001022812561339  0.01973843999831240  0.02786674907821077
  0.03667536957515632  0.04597090673097266  0.05638910056373130  0.06666799916744588
  0.07657009229506156  0.08654454711946893  0.09674811114830005  0.10754512794098385
  0.11925821601080619  0.13162481722284228  0.14411907467329033  0.15713187984552221
  0.17036529927102184  0.18341451189239957  0.19624538620628665  0.20887948598663914
  0.22059448415441768  0.23117325601753538  0.24162240911275210  0.25153471280823753
  0.26101766114730318  0.27000648289111256  0.27900048264848382  0.28733314511456581
  0.29633279465589557  0.30532222859794295  0.31553035453992623  0.32616052411500690
  0.33894617641168251  0.35266107203612423  0.36730410815484271  0.38148036982443129
  0.39607447181951672  0.40930263978947889  0.42176498313392086  0.43371335513263265
  0.44465961114057267  0.45487368051262073  0.46504790805302632  0.47539822368252516
  0.48569896749488350  0.49613364578506591  0.50656465934865569  0.51693634051922521
  0.52772176049501007  0.53874818731490082  0.54935864883209418  0.55952000927064716
  0.56922740756574997  0.57896020679547977  0.58887019671735330  0.59899419378041330
  0.60939250723046512  0.62003194621673718  0.63145168113799022  0.64478674103522338
  0.65906959386106567  0.67268088216844657  0.68456822288080432  0.69590886784674555
  0.70665966722133144  0.71837173839006518  0.72995098131407954  0.74179383736015170
  0.75260673244251830  0.76281881607978053  0.77319099498045829  0.78378772826219201
  0.79517601345764111  0.80647602320383638  0.81708761755206138  0.82748539040661973
  0.83612141945121587  0.84385103170735942  0.85144675424216287  0.85937570299143651
  0.86786079010293682  0.87672074486417484  0.88590291133062005  0.89541953383064166
  0.90442971433683661  0.91289548251144670  0.92146549496009866  0.93018315733415269
  0.93795300040142426  0.94538822504312880  0.95311828125201403  0.96192491133312585
  0.97263206373246958  0.98181766324076636  0.99122236516808593  1.00000000000000000
  0.14976120963861997  0.58254891890473570  0.61479219644257699  0.64415668888915900
  0.67021445835278248  0.69699987685906295  0.71907648298175364  0.73795530222315930
  0.75552516294667404  0.77169196359077108  0.78498406840511870  0.79731634627550563
  0.80867932777126672  0.81871282576048576  0.82794647927455500  0.83694750126506179
  0.84536763117897984  0.85322623486988081  0.86010134784205250  0.86693254328855285
  0.87344760507170083  0.87929042727890172  0.88473513416077298  0.89009477611542120
  0.89537840783342160  0.89993978692862009  0.90436460172796618  0.90858585008946824
  0.91258983057915533  0.91639642096373286  0.91975538409232660  0.92278092644390808
  0.92579167155942621  0.92885119531285443  0.93185828064561338  0.93476467468226232
  0.93742245116532563  0.93982506790283826  0.94201874631242111  0.94417036574483770
  0.94629384849623510  0.94845360532433276  0.95062905843417600  0.95273936720440400
  0.95474017612592244  0.95661714474951220  0.95838828293459033  0.95968748005770321
  0.96095588065524029  0.96220581424143836  0.96349211846141847  0.96474224821036969
  0.96601050885386808  0.96734053487179350  0.96866078875333017  0.96990714539397860
  0.97107116395623805  0.97215219861252733  0.97318500992206958  0.97415247391417903
  0.97513218540801849  0.97612823260571857  0.97707926477129348  0.97796368396492284
  0.97881654965159004  0.97962661677276608  0.98041533943344239  0.98119166196439989
  0.98195937953077927  0.98272868598119734  0.98350476151252797  0.98427687337876602
  0.98503782465582679  0.98576215477645035  0.98643463321956659  0.98704290596332633
  0.98766126750042016  0.98827460935702427  0.98889431593799548  0.98949280067593748
  0.99005326413694950  0.99058702006522048  0.99117330234038925  0.99177480126045559
  0.99238768470763394  0.99300797438762045  0.99361985173639022  0.99420429648948982
  0.99479072280443759  0.99538607231066289  0.99599258683778868  0.99660720656619650
  0.99728669211606569  0.99805214980274037  0.99893344341458112  1.00000000000000000
   3.0840994682841316E-007  -1.0000000000000000     
 F F F F F F F F F F F F F F F F F F F F F F F F F F F F F F F F F F F F F F F F F F F F F F F F F F F F F F F F F F F F F F F F
  <DiscreteSampler_grid>
  grouped_processes
  1 # 1 for a reference and 2 for a running grid.
  10 # Attribute 'min_bin_probing_points' of the grid.
  1 # Attribute 'grid_mode' of the grid. 1=='default',2=='initialization'
  0.0000000000000000 # Attribute 'small_contrib_threshold' of the grid.
  0.5000000000000000 # Attribute 'damping_power' of the grid.
 # binID   n_entries weight   weight_sqr   abs_weight
    10   10   3.165430582552179E+002   9.585003212250760E+005   3.165430582552179E+002
  </DiscreteSampler_grid>
