  0.00226537776968857  0.01290334569668060  0.02495146047064657  0.03667746824591372
  0.04743941965228009  0.05791726751919779  0.06839929643139030  0.07837074158114155
  0.08787528310376659  0.09775398696507610  0.10804850243138463  0.11940077797698262
  0.13176074784702774  0.14521451286545112  0.15705666489329773  0.16770639461144862
  0.17836029216810192  0.18957991730379312  0.20118037839941552  0.21300836185685953
  0.22258538840960235  0.23256010213343284  0.24284555683624043  0.25725908551537402
  0.27053531026751354  0.27917398936246213  0.28531884452688544  0.29148764944318295
  0.29767134865096534  0.30398548959054816  0.31034902564132100  0.32319128980445216
  0.33440790202050708  0.34580599131262169  0.35777989915294423  0.37043660974577680
  0.38389605228005302  0.39747935078088892  0.41106037644078935  0.42526825499569293
  0.43989410998115791  0.45266251905331356  0.46325665747307426  0.47319461061355128
  0.48381838038250352  0.49421088449160289  0.50394959092627933  0.51483138936947614
  0.52281522471192698  0.52871429979105944  0.53583156363893591  0.54272841404719663
  0.54979075525224086  0.55665451139889222  0.56372064818765222  0.57106120916510161
  0.57866409513156691  0.58546550056416669  0.59773894779075953  0.60947748627327836
  0.62180150589509831  0.63390649260265020  0.64529357933996889  0.65582525369057088
  0.66646706171945369  0.68002359715825678  0.69460045327058861  0.70551742697860154
  0.71582944453522590  0.72569390053366234  0.73579048885757825  0.74608999368022155
  0.75634714682368831  0.76872335877607734  0.77863774726232116  0.79175451542164366
  0.80354722658693523  0.81437214369680933  0.82406210058612794  0.83397798605111384
  0.84725519472632571  0.85980760420950797  0.86716738366428314  0.87504557047600251
  0.88279590419633625  0.89046215092161629  0.89879426165010079  0.90879627570179800
  0.91947370090257141  0.93079205765861062  0.94321329903671158  0.95468623722514101
  0.96518334062911137  0.97607906569767788  0.98753887489452197  1.00000000000000000
  0.00000932365906059  0.00000962581519460  0.00000989051772050  0.00001015403734425
  0.00001037757637880  0.00001056938924112  0.00001075919653672  0.00001094730927883
  0.00001121244451628  0.00001152335892875  0.00001195865989986  0.00001251375589670
  0.00001320189892024  0.00001403377737973  0.00001491838901605  0.00001583044626253
  0.00001650560357462  0.00001718754919937  0.00001785532812981  0.00001846484513866
  0.00001899753928807  0.00001955768723259  0.00002017867681510  0.00002087671813537
  0.00002150207626899  0.00002233289444833  0.00002334932309443  0.00002447122219792
  0.00002574218144123  0.00002723403873267  0.00002923313541405  0.00003162936375947
  0.00003432633031059  0.00003727212026887  0.00003986854286688  0.00004182582391586
  0.00004402112046543  0.00004645631766829  0.00004941111410261  0.00005258868654500
  0.00005842904707945  0.00006474667684784  0.00006982064036975  0.00007469754799069
  0.00007940640722346  0.00008321502489806  0.00008781558856078  0.00009345533373823
  0.00010238560026157  0.00011521228629390  0.00012868543224843  0.00014388152744993
  0.00016059238802256  0.00017992908899936  0.00020254256444561  0.00022804020397599
  0.00025575437491008  0.00028532302587149  0.00032050161498232  0.00035358541027567
  0.00039453232834139  0.00043713514781424  0.00049024537828999  0.00054570624434215
  0.00060569814788254  0.00067553857296157  0.00075739816040375  0.00085009708156188
  0.00093945503556474  0.00102807234447641  0.00111848844667352  0.00121554321689628
  0.00131153139040293  0.00143762702544701  0.00158215154239878  0.00176895579697626
  0.00202512167279185  0.00232705360108118  0.00266648727532394  0.00304985672160301
  0.00346058570475300  0.00390694153488713  0.00442458798585347  0.00505737087386641
  0.00597191644725771  0.00733700187372659  0.00852879604634377  0.00970482988758342
  0.01165460379742321  0.01459156868641284  0.01705472716192053  0.01936022998909873
  0.02227466488376828  0.02683642184803998  0.04476255958434575  1.00000000000000000
  0.00000170487399748  0.00000370401639527  0.00000658809113062  0.00000991987591130
  0.00001302341602307  0.00001661984513440  0.00002147615886038  0.00002874502431527
  0.00003659547497090  0.00004600924467234  0.00005933576914735  0.00007556590598938
  0.00009645037570070  0.00012569584652327  0.00016204544424207  0.00020184986068225
  0.00025090613183446  0.00030865190435791  0.00037437836007063  0.00044561099395828
  0.00051507139907453  0.00057703072784233  0.00064829262939025  0.00072885862990324
  0.00082108028649061  0.00093473686188370  0.00106964597531289  0.00120843768699940
  0.00135333058125947  0.00152087020757603  0.00170421196344233  0.00191643213153657
  0.00212631366285228  0.00235571816738192  0.00264479249057788  0.00287959123417050
  0.00305377255282511  0.00319832438140313  0.00335337929946791  0.00352443108790709
  0.00372233985360010  0.00392833113747929  0.00426759880268996  0.00462169680920145
  0.00510098007645754  0.00561137770179434  0.00612243203976905  0.00653989255346628
  0.00689553177875078  0.00719276057501423  0.00752764101282007  0.00788926506251640
  0.00824505153741792  0.00857210885473464  0.00888731144965500  0.00926170656800603
  0.00972582343092422  0.01030988052246840  0.01094144723963658  0.01140940167695844
  0.01215285271470286  0.01286107464553260  0.01348396751040201  0.01401289544309923
  0.01439392919536680  0.01470554485739057  0.01516301507125356  0.01562451450551248
  0.01607268538631486  0.01644329964079234  0.01668341743478292  0.01686924892909212
  0.01710442764808870  0.01732034845171600  0.01753839645681732  0.01792378042551150
  0.01847355770841128  0.01924929657572785  0.02012162999831654  0.02069482415715927
  0.02135176529367731  0.02266618351123536  0.02376852509216763  0.02472731882328252
  0.02573289294559935  0.02674226974380586  0.02816622594164955  0.02960446062166638
  0.03298050183205715  0.03696530076953720  0.03973034816605790  0.05062481095294856
  0.06181471772843944  0.07638265286794943  0.22083845330920643  1.00000000000000000
 -0.00257332948107290  0.00803511367093879  0.01727973275052191  0.02674390341472209
  0.03630313621164691  0.04541203455498531  0.05450416490563348  0.06374286637060728
  0.07361324171517841  0.08321323445552851  0.09328636117828112  0.10416016875246681
  0.11442975424341201  0.12405503508099783  0.13261241725884779  0.14200666702067852
  0.15148214951167180  0.16127150099674750  0.16920665705344581  0.17659268249796772
  0.18428279787102597  0.19165299917487741  0.19868053929650945  0.20604634911530428
  0.21366065238663817  0.22341380983570050  0.23428673941646755  0.24199581116192248
  0.24922160179470404  0.25649783538738108  0.26424845894178828  0.27411880691725565
  0.28357855636887469  0.29284642698051444  0.30322632433365332  0.31439503678446507
  0.32816390862406003  0.34256133541255340  0.35538512370077974  0.36800899457262803
  0.38077596512966294  0.39430563590848983  0.40931952835474666  0.42223689477904702
  0.43210009940778693  0.43941754831922125  0.44625267851337458  0.45347257106503841
  0.46039753594740013  0.46647047941743908  0.47258181665493398  0.47979103472650331
  0.48622491408598378  0.49250538199245258  0.49734872485064785  0.50218884870248570
  0.50726680341855634  0.51388956072479963  0.52007583171128169  0.52684259644514020
  0.53378122516161752  0.54213407725370533  0.55132977313432574  0.56251374765853013
  0.57550138304946130  0.58884645626809107  0.60224721278354276  0.61513436302622593
  0.62762706578265204  0.63912090037112179  0.65235517992832903  0.66735542793533809
  0.68410673579460657  0.70049826708125318  0.71668217827406100  0.73142696871542234
  0.74707539318963101  0.76138582681216482  0.77440982974604911  0.78513761664111925
  0.79586429109623735  0.80534540199600468  0.81573824696492192  0.82706786689538203
  0.83767625937369872  0.84563589743332002  0.85350282667334010  0.86331588250716795
  0.87209223464048502  0.88480406022565883  0.90762473401468979  0.93620513901416180
  0.95486558136647870  0.96948234576189862  0.98474117288094920  1.00000000000000000
 -0.00389450328586718  0.01217795965299015  0.02573001181427324  0.03822263278713069
  0.05079941695313711  0.06436981594686000  0.07753607051207562  0.09174084364797880
  0.10559215713948220  0.11998148616872896  0.13347858906102522  0.14987911155662775
  0.16698872765992467  0.18191386057948825  0.19244821732041406  0.20079038026657264
  0.20944463922120274  0.21765564550921856  0.22696958500591508  0.23701922658968924
  0.24645134404521568  0.25672254679194118  0.26504203031040668  0.27378242385602825
  0.28166002432838960  0.29052557019299702  0.29933116687818678  0.30912388726141010
  0.31858058568777831  0.32447195587650096  0.32871742464365261  0.33369071488713031
  0.33847850806905805  0.34310417574325508  0.34740511626435555  0.35771158924901642
  0.36977376148391855  0.38241268383059523  0.39643536283882097  0.40955779390923436
  0.42026441844505025  0.43082053113586188  0.44247783964970228  0.45298146179664767
  0.46263487610599463  0.47209782259236766  0.48343766151829454  0.49460209916828035
  0.50505510779436413  0.51573922071282541  0.52621072609914010  0.53634614964091354
  0.54646167653876465  0.55673119456140707  0.57023418284753469  0.58383639001734766
  0.59516513975660368  0.60643968113338698  0.61840127411482493  0.62983785494783473
  0.64066487704772812  0.64970653985900761  0.65848579979234756  0.66790794560050271
  0.67807838278723309  0.69110745117652850  0.70341696945388765  0.71524749693212197
  0.72752074578181825  0.73999775873270990  0.75375825503340288  0.76716928183500854
  0.77667853972947343  0.78447353130698860  0.79276731680547807  0.80047179072522845
  0.80853022607492619  0.81600059889948540  0.82246875181057677  0.82818844742204889
  0.83368373020499564  0.84498155849561019  0.85661825893774690  0.86969760227077519
  0.88355257178778368  0.89836973079447380  0.91091318055336423  0.92436478364225905
  0.93703331532087752  0.95075029179429416  0.96321482462566799  0.97160334615485799
  0.97967063154522593  0.98738234314432383  0.99381286272863523  1.00000000000000000
 -0.00219403628448942  0.00850398236665847  0.01890661942415951  0.03023767027255847
  0.04442556987918832  0.06009820228740900  0.07549099043721670  0.08670129082890059
  0.09436357802170185  0.10122250404835330  0.10909273733537277  0.11957257321474422
  0.13165607758890457  0.14059145058041222  0.14975086721239306  0.15937607355049302
  0.16966840086758392  0.18142043101866909  0.19479497144556646  0.20789898057266937
  0.22008238855431725  0.23219829052750288  0.24569294706685493  0.26081587025288111
  0.27371394779878544  0.28614510949730698  0.29740096460328747  0.30819768687740856
  0.31793871373157878  0.32696850292048757  0.33560694361425553  0.34452599372400899
  0.35556208833377789  0.36766564199761609  0.37694826641877943  0.38471364082679599
  0.39229968653048053  0.40070846686709904  0.41168327597921645  0.42302142568660389
  0.43452069765271950  0.44509193543790831  0.45627641400624636  0.46829297303046519
  0.48040855880188177  0.49212878559561379  0.50389211235175546  0.51631842316349330
  0.53048070696896232  0.54594170225932825  0.56100512420697590  0.57040512873584315
  0.57717949955090087  0.58410197144494980  0.59103566562843324  0.59847779959374192
  0.60899559901960487  0.61789370423487144  0.62665098090889426  0.63719083093958806
  0.64742219299343884  0.65729784299106653  0.66734954997740525  0.67813715958692666
  0.68816609724286093  0.69713968635245438  0.70257463003938159  0.70845576545468836
  0.71540092947140355  0.72200641945228938  0.72876363154363133  0.73841710202002664
  0.74798810641328339  0.75455000046010234  0.76022723441355244  0.76717615671699957
  0.77530451442830506  0.78394812894934474  0.79282188001983978  0.80490300139093141
  0.81734384191502629  0.82980507979279494  0.84124850034555931  0.85370793522459121
  0.86664698337006196  0.87859952419301890  0.89045857242778892  0.90283297138664864
  0.91693208032810336  0.93099739252669556  0.94628527396097351  0.95987770355608926
  0.97017163163942211  0.97940917575663355  0.98871025445106620  1.00000000000000000
 -0.00000371002092903  0.00033174067052393  0.00071975653630768  0.00133965195891772
  0.00191125481344625  0.00241473139443187  0.00283792828951104  0.00323938881723803
  0.00365184739968685  0.00407562253489594  0.00450727734636452  0.00494789355043616
  0.00540887436608621  0.00587770337662546  0.00635771558502186  0.00698021246190841
  0.00754796772753362  0.00807561385301911  0.00853659704516982  0.00896029411372561
  0.00935665242069190  0.00977679741729061  0.01020709201830431  0.01064802964131884
  0.01110341534103431  0.01157847456272116  0.01207808839716122  0.01261893737346796
  0.01326495125948871  0.01386024361527299  0.01439950031557483  0.01488531471003689
  0.01531731158531814  0.01574145582000720  0.01615825174737628  0.01667618399258349
  0.01716860909185254  0.01761217436079133  0.01801842591367081  0.01840907186997537
  0.01881297956892148  0.01925705513778245  0.01982183875451283  0.02045931580041001
  0.02114263103484400  0.02185654609317730  0.02266483436691869  0.02355057430131558
  0.02439744999154242  0.02509309652325969  0.02577984809980455  0.02644990030438674
  0.02708550848982751  0.02731590747182422  0.02751842074614844  0.02772658508554088
  0.02793957310651124  0.02818121483798670  0.02858678915948132  0.02899236348097595
  0.02980520095274480  0.03089221956064543  0.03224400417458027  0.03406350624244182
  0.03566818929723153  0.03694974015429213  0.03819046919815794  0.03932872044047716
  0.04036700169388240  0.04141741516961588  0.04270081011376252  0.04446471334119177
  0.04606638271031579  0.04763475365231287  0.04950947392552084  0.05179461939318061
  0.05451195035485353  0.05796185803322626  0.06186026964218580  0.06282664271740049
  0.06355048603951033  0.06448797562618830  0.06542741948161916  0.06634823970685652
  0.06718844034844905  0.07033024540323358  0.07716604758192419  0.08324548879993027
  0.08923309945751400  0.09274306841665445  0.09546415954856523  0.10300063624819973
  0.12391623119319478  0.15024647359333498  0.54583986724850764  1.00000000000000000
 -0.00237171240424972  0.01416762701416589  0.02760801624230422  0.04356659767420893
  0.06375132334659458  0.08391796235845568  0.10079328597328734  0.11508847403035118
  0.12841472386440961  0.13875580065858029  0.15032177532917931  0.16161557098544277
  0.17563931994970181  0.19029273760601909  0.20488892081869151  0.21994367767945455
  0.23549789131996332  0.25066643965592594  0.26400507991931121  0.27591116619960226
  0.28644788768186985  0.29706807158158099  0.30663047247661918  0.31667261652726114
  0.32534824153749137  0.33526946261637913  0.34511407299670394  0.35626300821239254
  0.36743285924714836  0.37794847317181340  0.38748717624523898  0.39718031841018636
  0.40816204001792483  0.42039820816396528  0.43307855855255578  0.44495817165494883
  0.45563734248116083  0.46565420786499179  0.47506542795963641  0.48531720634220576
  0.49466040897912361  0.50334776299380823  0.51136237436982368  0.51911896021510406
  0.52780728120917875  0.53644703898932744  0.54381307458669825  0.54844277934335128
  0.55279544720311391  0.55789197688328696  0.56381313530097654  0.57022532475906262
  0.57738234348172368  0.58411085568362509  0.59028097191381412  0.59600655621138687
  0.60121848709245662  0.60502694006571545  0.60908481913992218  0.61346496293173713
  0.61796500545521615  0.62265107682255882  0.63036491785646998  0.63887293214959395
  0.64802738959343142  0.65549108249270893  0.66290423672099985  0.67458765452409031
  0.68960430117508165  0.70262243190157059  0.71404244817448770  0.72491467023666123
  0.73432781355668075  0.74352977358523198  0.75298059380406535  0.76269714523624277
  0.77294940076972030  0.78407261206655943  0.79646399976573279  0.80518252038784799
  0.81098157391783288  0.81690832006068337  0.82311826268508226  0.83001025746556922
  0.83769918288663747  0.85022645627187088  0.86593726110442748  0.88353244384825491
  0.90419204710727108  0.92409600355441812  0.93662318316626025  0.94698516978828673
  0.95848945880877756  0.97476434739115214  0.98791166095761085  1.00000000000000000
  0.19043662738420852  0.54753682335295784  0.58728862618794475  0.62662575463219661
  0.65049932979031078  0.67454131652000804  0.69559438648984095  0.71363175144410207
  0.72915677955609992  0.74412308224450585  0.75734932815439604  0.76935259906299824
  0.78104743130442689  0.79192424681926321  0.80188842769330981  0.81148522425675862
  0.82077445695948892  0.82953707964722834  0.83755864521312107  0.84461885037197082
  0.85147259285450994  0.85833941574647221  0.86487747389404801  0.87079722746116195
  0.87650784599742382  0.88219661426303320  0.88757398487924033  0.89203349489205841
  0.89573907211700154  0.89902552746462416  0.90224567194648708  0.90584995383598543
  0.90991320798916031  0.91401880842813865  0.91798039971713963  0.92181479448752823
  0.92538077672995500  0.92881517438728156  0.93220712567431852  0.93538532124447316
  0.93829813113197558  0.94092339284766824  0.94338150002593568  0.94591928756858679
  0.94842905375101272  0.95091668761743686  0.95318541747015995  0.95517613153349368
  0.95707123284221784  0.95880242689412742  0.96012614128507145  0.96138341305981112
  0.96276059929143187  0.96431583842564372  0.96604457033615132  0.96775150421056133
  0.96924204816639692  0.97064273952277791  0.97201282547691292  0.97341171622175171
  0.97494460769079527  0.97631756695350003  0.97743234533885648  0.97849822356275040
  0.97948453814261938  0.98039067618308795  0.98132185552888318  0.98227343824810631
  0.98318843073732565  0.98406364808139501  0.98495221934590149  0.98575392890509483
  0.98645093613342860  0.98715244108617817  0.98785817919790997  0.98864037908685509
  0.98937853054074754  0.98996882483044046  0.99045333892411747  0.99092469712823050
  0.99137881250109483  0.99182115671413695  0.99225971718343919  0.99271893059317262
  0.99324301239621560  0.99381050615034727  0.99440281469866021  0.99501823560998770
  0.99569296289907683  0.99618768305339278  0.99666675519040682  0.99715734054352090
  0.99765326711673108  0.99816234643069146  0.99888826277908449  1.00000000000000000
   3.4663773287668452E-008  -1.0000000000000000     
 F F F F F F F F F F F F F F F F F F F F F F F F F F F F F F F F F F F F F F F F F F F F F F F F F F F F F F F F F F F F F F F F
  <DiscreteSampler_grid>
  grouped_processes
  1 # 1 for a reference and 2 for a running grid.
  10 # Attribute 'min_bin_probing_points' of the grid.
  1 # Attribute 'grid_mode' of the grid. 1=='default',2=='initialization'
  0.0000000000000000 # Attribute 'small_contrib_threshold' of the grid.
  0.5000000000000000 # Attribute 'damping_power' of the grid.
 # binID   n_entries weight   weight_sqr   abs_weight
    10   10   1.050551023876828E+001   7.435095192747533E+002   1.050551023876828E+001
  </DiscreteSampler_grid>
