  0.00261487041213038  0.01404153892485771  0.02634356409176247  0.03919234508873428
  0.04950284228942742  0.05944068606211332  0.06914353663876915  0.07951959573593505
  0.09076407393929267  0.10316420568046682  0.11783801730090479  0.13242233589710242
  0.14548709672859902  0.15735745622260486  0.16831107647504506  0.17922162859044136
  0.19065820252271704  0.20170453089704588  0.21254634963812577  0.22316363724379967
  0.23393060533971047  0.24402580657055759  0.25351437583513092  0.26217458981649394
  0.27084237705723851  0.28007506835250684  0.28978036893680648  0.29918678712846652
  0.30914036631684932  0.31985870999823246  0.33158033501481654  0.34398972649714987
  0.35579535077529045  0.36666326549378231  0.37736883319391012  0.38878116691998998
  0.40055649181565794  0.41155056981371685  0.42231634890720604  0.43343379720090580
  0.44599732815624160  0.45987127085627905  0.47264593075872957  0.48468805696461098
  0.49592996309742393  0.50705716917579624  0.51884359836968585  0.53108023282901362
  0.54244720455130413  0.55398786226145413  0.56472943843887091  0.57528345823811466
  0.58587044084064044  0.59838736682998994  0.61161703968800207  0.62524855312158201
  0.63912859655325394  0.65049941995867355  0.66115276046013904  0.67181330497105318
  0.68176163150943803  0.69075248583266191  0.69935430858182246  0.70811565691301337
  0.71917708608535369  0.73105729737138037  0.74312585749894500  0.75537563463637936
  0.76770588857339772  0.77808103188098698  0.78771491369170565  0.79492295690338044
  0.80191298011445034  0.80901198327388824  0.81597909387132517  0.82483912078619870
  0.83562471557617701  0.84723865023124301  0.85891697124764599  0.86972468892457544
  0.88004353910656874  0.89021968856865841  0.90038930651235294  0.91043306473878971
  0.92026432004887460  0.92993650061352739  0.93948200995559628  0.94878442466722479
  0.95770335871849233  0.96583904116061114  0.97331102186407881  0.98041576404235509
  0.98595145206689017  0.99083788077162949  0.99198699395005974  1.00000000000000000
  0.00000808903739777  0.00000894262103621  0.00000975054839478  0.00001110065485417
  0.00001290760500581  0.00001507165325090  0.00001782446892876  0.00002169836061213
  0.00002605879065193  0.00003109430596381  0.00003697699464038  0.00004343109387127
  0.00005019571542031  0.00005789506292163  0.00006537590249928  0.00007299598977960
  0.00008107243692138  0.00008988588095436  0.00009953092904012  0.00011022644188080
  0.00012126444725777  0.00013189531554000  0.00014266701609921  0.00015437121206200
  0.00016719459346672  0.00017962746670218  0.00019171844186223  0.00020382313564394
  0.00021630172860814  0.00022952917340575  0.00024391015644411  0.00026081223015421
  0.00027992233076302  0.00029922339873300  0.00031726955518291  0.00033350249263273
  0.00035013157436683  0.00036641088736087  0.00038448472469156  0.00040380550700182
  0.00042621044698776  0.00044963397875748  0.00047337358420934  0.00049884982416075
  0.00052621304006406  0.00055554259662892  0.00058400702677960  0.00061047644205747
  0.00063581088148447  0.00066120248260547  0.00068819969465289  0.00071886926901655
  0.00075174508868993  0.00078734603742972  0.00083074410933963  0.00087569410913167
  0.00092463304535443  0.00097994412905621  0.00103969844755925  0.00110233922162978
  0.00117122301770266  0.00125150567665836  0.00133323604967841  0.00142097502511734
  0.00150868964820922  0.00159387828222021  0.00168104366569440  0.00176405915506276
  0.00185214488309341  0.00194896959203645  0.00205223231350433  0.00217452492802139
  0.00231962517564978  0.00246901280732898  0.00261276070607673  0.00276822933335435
  0.00295241260122814  0.00314926756347179  0.00334836284087796  0.00355252169010792
  0.00375634943981666  0.00401898025084253  0.00432243799870009  0.00466059915812566
  0.00505060727489263  0.00552888975301013  0.00618472594713635  0.00706542681070863
  0.00788378553933363  0.00879259466479430  0.01000483939704441  0.01175544325864364
  0.01414918959239014  0.01900062160404693  0.22632955047621475  1.00000000000000000
  0.00000731849436690  0.00000774083912768  0.00000820623212881  0.00000874772976359
  0.00000930250981533  0.00000993321784664  0.00001065054009187  0.00001143420111409
  0.00001228586713561  0.00001323276722558  0.00001420947252247  0.00001516970555917
  0.00001614163080614  0.00001717508404934  0.00001843859339011  0.00002007276852637
  0.00002175360892599  0.00002349224292064  0.00002539400447451  0.00002746176747988
  0.00002966273649590  0.00003191296617570  0.00003430542196837  0.00003674731337298
  0.00003905874255854  0.00004140229054471  0.00004385531325342  0.00004635922095070
  0.00004926284669456  0.00005279456952332  0.00005687139359899  0.00006146605272943
  0.00006686791084227  0.00007360909747066  0.00007956727877193  0.00008531555726007
  0.00009171672646080  0.00009882327756518  0.00010654172092262  0.00011482703470982
  0.00012391712344537  0.00013442137427451  0.00014587872150027  0.00015749217282343
  0.00016980544188775  0.00018332698044236  0.00019796000282635  0.00021377532586689
  0.00023051199510627  0.00025162203811006  0.00027237293354677  0.00029359449749062
  0.00031330050423087  0.00033400249269752  0.00035692880093295  0.00038191571925806
  0.00040779300576830  0.00043487908216857  0.00046392221643282  0.00049658382507384
  0.00053060916886553  0.00056056088511486  0.00059115606425424  0.00062659833897219
  0.00067204399716666  0.00073590098971888  0.00080204029979379  0.00086670693658589
  0.00093676165712913  0.00101819205355124  0.00112531744971699  0.00125003508956498
  0.00139289723459349  0.00155394675751434  0.00172665523343827  0.00191153824450761
  0.00210426116069791  0.00229665165450052  0.00249167420781711  0.00274941124768672
  0.00305883705558675  0.00335118916265317  0.00367743207805017  0.00408984094461279
  0.00451206936626274  0.00503521019442243  0.00581693709005701  0.00668803656619511
  0.00756700395011803  0.00847588865363422  0.01001122578196948  0.01274046220259990
  0.01582677135956970  0.02029521513677271  0.06777851353919064  1.00000000000000000
 -0.00258942177875535  0.01184888355595020  0.02466986151859389  0.03806322273775709
  0.05391678806671649  0.07196246766239738  0.09198403338327417  0.11090480469464070
  0.12640429549730187  0.14053590098094407  0.15361224583922684  0.16599829585531634
  0.17819627522914983  0.19120956903182865  0.20314634781732219  0.21431152391084687
  0.22469181223176757  0.23829694655963379  0.25258701958696267  0.26671702664068203
  0.28017157487972316  0.29382404451831234  0.30755538455712161  0.32079191366260001
  0.33253546872619028  0.34263622218614814  0.35146537672653921  0.36022946560584324
  0.36904022862565861  0.38166632861386957  0.39371733457767949  0.40514654373137182
  0.41704810368988166  0.42831358802733760  0.43859214911115413  0.44826612466187360
  0.45770590555940133  0.46876127411333518  0.48042069389497322  0.49251802387937504
  0.50478496260651495  0.51674956268499783  0.52828126730616998  0.53914739496041242
  0.55007665091860936  0.56052966023907846  0.57048798202234496  0.57958356225845664
  0.58904502947250381  0.59883790386378433  0.60879800319596233  0.61911762534694015
  0.62953117324693886  0.64026111577675193  0.65089728988679307  0.66166466755408593
  0.67188286468404601  0.68215808339513273  0.69276937007608508  0.70337245205535071
  0.71299760501798959  0.72201934879656793  0.73083699467735674  0.74011637337814473
  0.74996024665586214  0.75846106390184254  0.76645823305607086  0.77428472209167598
  0.78223432383734592  0.78955886458933744  0.79675420938711627  0.80441444023444175
  0.81250207983875611  0.82104195911947986  0.82875733757074344  0.83661940944064950
  0.84512067888508802  0.85379336989714694  0.85949981841475687  0.86522849650787870
  0.87098439922842219  0.87704386622694563  0.88386037891651625  0.89395973862202072
  0.90432509633167812  0.91450509517222311  0.92391710341004296  0.93253228859613158
  0.94142115727536613  0.95017964065804361  0.95833310060206256  0.96620993846001191
  0.97381393145391004  0.98180023482510559  0.99083783993887498  1.00000000000000000
 -0.00308930629460624  0.01219825384031024  0.02490040244370854  0.03831541703965804
  0.05156066396256007  0.06435739643130389  0.07604533486958398  0.08700136238356765
  0.09751035189421413  0.10709458237744243  0.11768234128460912  0.12846456183252467
  0.13937981664222246  0.15161204543832424  0.16160306932323545  0.17217901223743684
  0.18261080613017236  0.19292755513760884  0.20325679283759690  0.21456490953310348
  0.22550530777365546  0.23630545782209916  0.24737143383216487  0.25751639037322444
  0.26744761511605364  0.27725536603417467  0.28825561034887026  0.29932968098507257
  0.31049491576839344  0.32136369674049198  0.33239390184067197  0.34363097771812395
  0.35480333124010782  0.36611700486397697  0.37623324057047036  0.38569925584259995
  0.39433774136608318  0.40212309419842357  0.41044609879356131  0.41925935194645736
  0.42906439703995902  0.43937699857186091  0.44966712585477425  0.46056151376453847
  0.47206862344609746  0.48354750456161560  0.49456725603827173  0.50490808972847523
  0.51352829841434833  0.52180293598109850  0.53021901504345115  0.53838266196843254
  0.55013480777375767  0.56244700016279525  0.57582192194391990  0.59024436669132807
  0.60405200847414664  0.61851577398074720  0.63000549406890005  0.64135883816253048
  0.65102562665767394  0.66017138576318068  0.66853834819976410  0.67616589255279502
  0.68321182890804077  0.69067644497179870  0.69826024901783967  0.70668456366843602
  0.71729496805328885  0.72953556186012114  0.74159963134365470  0.75339554476220094
  0.76506833904975247  0.77675841086543551  0.78953624724996174  0.80104377951177053
  0.81130604536342321  0.82110391293263529  0.83062172211485596  0.84079177643281211
  0.85149220759378530  0.86224685811600099  0.87337440606526617  0.88444717047538335
  0.89458448778334532  0.90401463532483106  0.91310792432112986  0.92232465257275742
  0.93224844921938466  0.94224027828879087  0.95235434950034081  0.96218409553650053
  0.97266481900588075  0.98252698195100163  0.99175440714549834  1.00000000000000000
 -0.00196709564923990  0.00883536579180696  0.01860053207949941  0.02947750689693418
  0.04083314020210232  0.05028377810071829  0.05913578889773118  0.06731600334226336
  0.07566277044515897  0.08479056369264372  0.09469894388287620  0.10531003832664364
  0.11641987841792922  0.12765038848038002  0.13892728575353877  0.15020990239510085
  0.16121949311555148  0.17173359531787896  0.18101228309217948  0.19045826631373000
  0.19984113789132618  0.21014763250668175  0.22205051213045993  0.23348507103839067
  0.24510120275360425  0.25685529029913517  0.26764646517292223  0.27763299695876320
  0.28731284106610727  0.29781147809261588  0.30953286485131210  0.32357984436989617
  0.33765512916220231  0.35045285624047479  0.36149444793456581  0.37160921569812366
  0.38101197721555591  0.39013345318537040  0.39921268371205282  0.40848520693373330
  0.41904146762340511  0.43077326935195853  0.44337819567893927  0.45559683755354002
  0.46795269687524205  0.47948687953637359  0.49105818412939950  0.50321986376192107
  0.51531249012743774  0.52737643100440490  0.53835174074697767  0.55089658661840113
  0.56378600885388463  0.57665356534443035  0.58801455858736906  0.59839327642012607
  0.60875810765300686  0.61763961193704509  0.62415048801180939  0.63037559565556278
  0.63653553128580409  0.64236446026664507  0.65347162089892330  0.66185285378380299
  0.67034148686426642  0.67871668593859669  0.68830397495453788  0.69830934298850134
  0.70951754836754843  0.72219403626006662  0.73395651013870278  0.74458755206420857
  0.75474023538766999  0.76497806335455409  0.77446908252638980  0.78278084720411512
  0.79195566829619257  0.80160064798167929  0.81229733402338089  0.82332899597966536
  0.83456115985127410  0.84601670770505877  0.85677737325006076  0.86850764551627258
  0.87972339394562959  0.89145437748915191  0.90208710207466991  0.91251922200020019
  0.92314315076609499  0.93398854717264357  0.94491689688843716  0.95556213568875659
  0.96590825417419368  0.97663143537864194  0.98779380972256448  1.00000000000000000
  0.00004009299516980  0.00052924095662907  0.00132216069656746  0.00233433265679031
  0.00314531840013155  0.00399161667049905  0.00486193509933030  0.00575207958916918
  0.00665735248332597  0.00754783499849260  0.00843060378245061  0.00931456985273245
  0.01019466137335461  0.01105816408882765  0.01190759427594420  0.01275380073981557
  0.01364471027889114  0.01459932247969658  0.01561070963123231  0.01662104243278250
  0.01758642090553143  0.01853038341540333  0.01945002761613572  0.02036125152472349
  0.02125910970097870  0.02211701421234813  0.02296427953271609  0.02379569103971090
  0.02467196498549934  0.02558576365017705  0.02650371839430557  0.02745571317950618
  0.02839195861882887  0.02929999630795651  0.03016292639445140  0.03096832129854447
  0.03178159635040256  0.03257669407265820  0.03338286566077953  0.03420093437655159
  0.03510615464329213  0.03608023771667514  0.03713700254131981  0.03821547390806059
  0.03918439633336997  0.04016398317485369  0.04113367852388466  0.04212876338607179
  0.04303136519416139  0.04389931189093872  0.04479105069938368  0.04569766985497763
  0.04662889387646449  0.04774313778823919  0.04856106643402058  0.04940514476289174
  0.05031135756951652  0.05131152530924635  0.05256476926821285  0.05386978277097376
  0.05514758228523095  0.05635766028568245  0.05753427646129433  0.05890599100267016
  0.06024658138933658  0.06167442595205998  0.06305059235033054  0.06443269582641452
  0.06595429324986569  0.06749747496487160  0.06909687832757756  0.07071098973479539
  0.07238675084634985  0.07400945047940735  0.07533846614900845  0.07662813825172364
  0.07795668036227797  0.07960912871403575  0.08157805795538163  0.08363714789928679
  0.08803954391444527  0.09428389581608748  0.09676208062594581  0.09966944871813822
  0.10219347470633815  0.10467807342241565  0.10799246329793431  0.11328295974898611
  0.12413099475387773  0.13073011559746570  0.15656640171380717  0.17310455923845466
  0.19528498731497823  0.20190709493891890  0.44830606375856225  1.00000000000000000
 -0.00340978165400112  0.01732288365202964  0.03464112535330267  0.05194183174536084
  0.06869176816795722  0.08388586119060851  0.09845756633443487  0.11219215468098145
  0.12599149847587404  0.13977844540731749  0.15275264668184829  0.16515177249225174
  0.17755233439988502  0.19124205746448866  0.20528453448258216  0.21887715901207025
  0.23118560131068130  0.24305477292039154  0.25398622995798997  0.26482439558476506
  0.27507453845199253  0.28559941872798189  0.29598277512750304  0.30665746440340447
  0.31674241959697302  0.32689953550294615  0.33654734938332787  0.34554720922959481
  0.35411457014791603  0.36140444521518711  0.36817025732603653  0.37481771650632772
  0.38197215109462190  0.38933830939224706  0.39700430302705858  0.40522019716622842
  0.41365748817096221  0.42169717362874115  0.42972022181843772  0.43770052056786901
  0.44585582201650420  0.45375627168978333  0.46131988530214996  0.46918015126402590
  0.47729656235848572  0.48750320744897402  0.49697520645874887  0.50535087986238236
  0.51287035632318489  0.52002601341720867  0.52712051345792266  0.53403538995202493
  0.54130880318259633  0.54905281645366832  0.55686502828781503  0.56493218013009194
  0.57326016600266794  0.58144051226208326  0.58955187083497018  0.59774901197540842
  0.60539004302006638  0.61324063075518809  0.62120345026501844  0.62985241507969025
  0.63880801389708042  0.64834586779658243  0.65835960125600668  0.66832336447056839
  0.67792679400392908  0.68721288152345039  0.69742468303250404  0.70881522413502829
  0.71809417137961884  0.72749364233540881  0.73639862750380525  0.74728124023282205
  0.75778897429155312  0.76577410098301590  0.77244259391465320  0.77879818206133744
  0.78474881385722139  0.79055310510537069  0.80251047631470385  0.81702118702679827
  0.83151260093628498  0.84770993950058726  0.86292902127473126  0.87685779810003628
  0.89166363514626956  0.90731951680075951  0.92274374383864410  0.93666910053806041
  0.94996172636327203  0.96451870433590137  0.98033612999416242  1.00000000000000000
  0.54165762290369956  0.61401915966673204  0.64192981377193448  0.66700453736398169
  0.69118247845617631  0.71364554919870404  0.73270892188600489  0.74911038145849640
  0.76439577248084567  0.77753014172654045  0.78927532322447691  0.80004617974514702
  0.81040312022575167  0.82032397769186471  0.82996316439701301  0.83839807729602311
  0.84590270248285948  0.85303472077536846  0.85937552907769066  0.86543365224761371
  0.87158048541030131  0.87741266857495881  0.88308960777720313  0.88842982913680690
  0.89365249065913954  0.89846983016353432  0.90283033215438935  0.90694742537258322
  0.91081071030409122  0.91446863787984867  0.91774946915151667  0.92058761715337223
  0.92334718146644945  0.92616399104034219  0.92892108536339268  0.93157253371383464
  0.93408327955750836  0.93652774494347912  0.93874589817706555  0.94082169501235169
  0.94287199607143657  0.94481481510742393  0.94669397290975865  0.94859793046158836
  0.95052042653868574  0.95242575424174425  0.95426408072610991  0.95595854341268327
  0.95757798937678018  0.95901159037606876  0.96040115832884676  0.96185260476084622
  0.96323782762261112  0.96451792362172617  0.96574176938452150  0.96695464908287310
  0.96817483769080248  0.96947666866396565  0.97081159285776852  0.97204735692588118
  0.97318775410032954  0.97427659931184762  0.97534937058502202  0.97639530290710130
  0.97737511584567394  0.97841808291131105  0.97933078766215609  0.98019768793256434
  0.98105606694189706  0.98191710192805137  0.98272423645262730  0.98353418926065939
  0.98432052653665947  0.98506457071301334  0.98576974332151357  0.98647294621574932
  0.98718480811151799  0.98788066909899042  0.98856380552162249  0.98926527838952139
  0.98998141462028333  0.99069304559269966  0.99139161812374854  0.99211160208521076
  0.99280820969978800  0.99347012835484672  0.99409088412853253  0.99465061823550838
  0.99517258522783747  0.99571765026227621  0.99629317457712985  0.99687994423198589
  0.99747050353588518  0.99808779044579432  0.99887855793289970  1.00000000000000000
   6.8641110016355680E-007  -1.0000000000000000     
 F F F F F F F F F F F F F F F F F F F F F F F F F F F F F F F F F F F F F F F F F F F F F F F F F F F F F F F F F F F F F F F F
  <DiscreteSampler_grid>
  grouped_processes
  1 # 1 for a reference and 2 for a running grid.
  10 # Attribute 'min_bin_probing_points' of the grid.
  1 # Attribute 'grid_mode' of the grid. 1=='default',2=='initialization'
  0.0000000000000000 # Attribute 'small_contrib_threshold' of the grid.
  0.5000000000000000 # Attribute 'damping_power' of the grid.
 # binID   n_entries weight   weight_sqr   abs_weight
    10   10   3.061595829063086E+002   3.705762495674753E+005   3.061595829063086E+002
  </DiscreteSampler_grid>
