  0.00338186683451362  0.01046746671695938  0.01937474697124300  0.02948541460637936
  0.03927554295124051  0.04768223619153281  0.05515648323113319  0.06272874867571730
  0.07148969498273879  0.08134047286934037  0.09240730236030402  0.10290343440836897
  0.11417562449286021  0.12502377307660703  0.13537854494813459  0.14487790985710716
  0.15417456669218960  0.16365167713275569  0.17286170180894733  0.18139440955506575
  0.18946669192542770  0.19785090277885217  0.20771239120375870  0.21968977091380160
  0.23214272948226114  0.24366166138454071  0.25430270793893800  0.26513902885127111
  0.27576685770062548  0.28676670854416730  0.29737210104040795  0.30638908061630044
  0.31549859079013182  0.32497793913596240  0.33508955449554445  0.34580359082352580
  0.35625490679426736  0.36674987454867031  0.37754594638361161  0.38885158320558622
  0.40099427324282655  0.41329900287694799  0.42541034343901102  0.43772871721951567
  0.44947927502491131  0.46131203524801861  0.47230987503573141  0.48250626008236441
  0.49180195766392448  0.50142367502805019  0.51230028347900214  0.52394301861959003
  0.53475025656076836  0.54413509310986907  0.55361236116629886  0.56369850129111920
  0.57463117116478102  0.58525827895630445  0.59492855478350803  0.60594264262857989
  0.61812293598656842  0.63136971776967366  0.64398726811869567  0.65674436869131481
  0.66907691817797688  0.68005672995135247  0.69074600480792570  0.70134753407444383
  0.71158465768896439  0.72180275653280923  0.73261295762915546  0.74426032675424203
  0.75541539825659532  0.76641858711339916  0.77747593713302532  0.78643351143462603
  0.79458902779821150  0.80259349270765101  0.81141597659700226  0.82182433853835957
  0.83222807597382897  0.84166947141837489  0.85160886315721129  0.86254543819668550
  0.87369881250290216  0.88424911170225495  0.89502546063952493  0.90701502758016717
  0.91937101355418882  0.93147993661580686  0.94256774454089909  0.95331743755031129
  0.96391952824079341  0.97576270885796035  0.98814443605736979  1.00000000000000000
  0.00009434479028829  0.00010244330455985  0.00010802190947631  0.00011329194442336
  0.00011883555610098  0.00012391583436212  0.00012952331214736  0.00013515144452487
  0.00014102481251782  0.00014778807185540  0.00015427749487600  0.00016203724412038
  0.00017115739264443  0.00018257307265004  0.00019484268740347  0.00020611396247338
  0.00021773682951570  0.00022871294672609  0.00023865239327624  0.00025196719179610
  0.00026477335955197  0.00027669772578209  0.00029159815471229  0.00031061082140133
  0.00033287726257655  0.00035462581546566  0.00037729808777522  0.00040372481990997
  0.00043380167596307  0.00046530725597937  0.00049766170645756  0.00053040427484427
  0.00056404376333307  0.00059993245408230  0.00063616349732100  0.00067429181043354
  0.00071753255478051  0.00076463071176484  0.00083213755422334  0.00091348187660331
  0.00099427480380471  0.00107329067436787  0.00115447073489323  0.00123957137578990
  0.00134387119360813  0.00146355241879357  0.00157091248947342  0.00169975600217048
  0.00183921851828534  0.00199814853593962  0.00215955536363942  0.00231791261600197
  0.00247611535034663  0.00263007361398127  0.00280066301420647  0.00298437188009520
  0.00317097310065304  0.00336892405424880  0.00360517450269773  0.00387395700107525
  0.00415905741893601  0.00448331533727013  0.00485382379110443  0.00525107847740574
  0.00566611273787016  0.00608574663330041  0.00656034258790330  0.00708812092654057
  0.00762588714233861  0.00820314173081665  0.00885106262565814  0.00958711971555916
  0.01042218348509422  0.01135113220370308  0.01240883263690109  0.01357868334599202
  0.01483169709120232  0.01601709235320465  0.01708911752652208  0.01822688040845378
  0.01943149789975759  0.02082430436200598  0.02243807637981005  0.02465256624281813
  0.02735959830000062  0.03008224013556395  0.03285196065393401  0.03599942184713368
  0.04016833117684638  0.04632315441148194  0.05616791345645832  0.06850480697953296
  0.08489770819676790  0.14312931676635995  0.48220469805136146  1.00000000000000000
  0.00005717561971975  0.00007916583926662  0.00010975175019458  0.00015035287541810
  0.00020274565339043  0.00026050943672325  0.00034654392340766  0.00043919151697203
  0.00053889847168046  0.00066861660622277  0.00081648949804718  0.00098550394666671
  0.00116818601088369  0.00134946771432948  0.00154020798551964  0.00176829092336148
  0.00203716793057551  0.00235310642415850  0.00269166230964346  0.00300947428184947
  0.00332927768707504  0.00367325730265584  0.00404928082441995  0.00442371418974313
  0.00479062485156294  0.00514700997221594  0.00550538222384370  0.00587347763711188
  0.00627463822572805  0.00667811808744388  0.00708280641398312  0.00754516545095386
  0.00803126183958881  0.00854878785476332  0.00908954255962617  0.00966884034494688
  0.01027071946050743  0.01091782983045001  0.01158326045487784  0.01222528009245236
  0.01287689051174547  0.01349620159436933  0.01408730905481871  0.01468465485827936
  0.01529830041503737  0.01598899983728846  0.01673231394804023  0.01742889822261151
  0.01806681419248679  0.01871482945230355  0.01943431792717376  0.02020242641463358
  0.02104961499625524  0.02196144776310265  0.02290322268305784  0.02382089887225928
  0.02486992604313559  0.02597246761313790  0.02712747894168777  0.02841312338206924
  0.02981221634603836  0.03119246685239142  0.03258837107949353  0.03418412166470799
  0.03570487107846806  0.03694514029529231  0.03800052785170700  0.03882814852502236
  0.03964392885250120  0.04060142585707786  0.04168811182306837  0.04296259217406488
  0.04476072811131819  0.04753127160768702  0.05052023484243925  0.05331330246076095
  0.05642664208937447  0.05935485259994189  0.06156654621156012  0.06307516121014441
  0.06467099273472413  0.06638679938995000  0.06822548674768932  0.07019470078892703
  0.07229921974550174  0.07455386528384907  0.07685676544551362  0.08006450932002374
  0.08355630717267708  0.08759716884009638  0.09390754799461898  0.10046759794449349
  0.10626648543523039  0.11316432501871804  0.22227544261147211  1.00000000000000000
 -0.00623894268102843  0.03656764092437065  0.06390025500701145  0.08554506130341530
  0.10438820497775943  0.12094263047750251  0.13965227401550886  0.15985783040752721
  0.18136876034427582  0.20007630307475863  0.21557980351365291  0.22870635150021904
  0.24112810668959384  0.25596324833448103  0.27210892593755698  0.28756075071293213
  0.30265804959747250  0.31523410453350065  0.32653990263350141  0.33711280763290224
  0.34885484986772031  0.36042573220097734  0.37290041451991657  0.38476266879007998
  0.39594706922229211  0.40618941596521330  0.41553921889688206  0.42452963914571412
  0.43180688194888378  0.43895293080585773  0.44627037135874648  0.45390517171246758
  0.46158383478022480  0.46872077234719423  0.47594738512500651  0.48365141062998995
  0.49231955701072655  0.50179347369391980  0.51130916945349569  0.52030770347769584
  0.52920222924057270  0.53787523291858752  0.54690526971887787  0.55544588386135862
  0.56411989736866441  0.57441946178057179  0.58504611211757152  0.59753769231454201
  0.60959080016498968  0.62066758480631545  0.63020519043898526  0.63824187152364142
  0.64685145809116307  0.65525532425604471  0.66427057742333162  0.67231033826215925
  0.67980976007161942  0.68750145281109110  0.69734440531167341  0.70611829910497104
  0.71520329973668373  0.72373247043470768  0.73197420154143300  0.74010418636684294
  0.74835546970333799  0.75645073039002841  0.76434411852796957  0.77266199795157764
  0.77979573701682092  0.78749886269717073  0.79576907975530475  0.80449428265992340
  0.81276853104960001  0.82091801300944078  0.82929195598479455  0.83833030282173648
  0.84715597887768068  0.85539902439083693  0.86252875308120680  0.86933431889592694
  0.87640404690633078  0.88403201472550830  0.89210131230864431  0.90033685150055420
  0.90857805129206237  0.91673048812414393  0.92506668627482658  0.93310494339839034
  0.94048724421920182  0.94739026401091275  0.95432578978749127  0.96244042528127649
  0.97018026672362723  0.97988212939192654  0.98969474048983352  1.00000000000000000
 -0.00303124734776929  0.01112477141737529  0.02290796456129671  0.03453696874358422
  0.04672330037690485  0.05858847552293563  0.06965263068292812  0.08039727669367543
  0.09088346932311128  0.10154036976589109  0.11278198177176502  0.12365913689216002
  0.13639230740069541  0.14801797210566578  0.15960274859336676  0.16994814617523599
  0.18047928220222140  0.19133776505829059  0.20312303266023857  0.21405053933951168
  0.22426314118104518  0.23599015802276388  0.24771196089567088  0.25969658007125074
  0.27107275619073556  0.28219444787831022  0.29294239022894103  0.30316977640473919
  0.31387565592065797  0.32423005713682090  0.33479865060786196  0.34552466503242479
  0.35600820280029882  0.36615183319586297  0.37653171544225106  0.38808066756608206
  0.39965330648628744  0.40956892360863845  0.41867220671855337  0.42939850759133502
  0.44138261635096010  0.45508355088527042  0.46876492574984679  0.48149195047680104
  0.49352248304054053  0.50535531262703648  0.51778981232358823  0.52987297341199135
  0.54095028420248281  0.55169652241110123  0.56282151519899204  0.57542442698384888
  0.58670845062463506  0.59619053036205849  0.60551793637823115  0.61397003192110655
  0.62566439196861590  0.63863890669061474  0.65109260534252300  0.66217300851724892
  0.67063821134702761  0.67812801569223213  0.68579074984373811  0.69314560992938989
  0.70050097860713123  0.70917198354274436  0.71882977101610646  0.72796758353513580
  0.73798580724975582  0.74814429084972933  0.75886581204553116  0.76900999824978133
  0.77885012625967398  0.78906669210796210  0.80001481722476153  0.81175495323199232
  0.82409663926296828  0.83577438996865505  0.84685530181987656  0.85741554160540279
  0.86561569277403505  0.87378031470383033  0.88164183354542380  0.89004612714475728
  0.89944338272711244  0.90882139346615121  0.91796895136384182  0.92757660122383168
  0.93727049994077383  0.94651778339795800  0.95550855155411496  0.96420595111141982
  0.97323800978297759  0.98288022799682007  0.99164733382012960  1.00000000000000000
 -0.00233953195364321  0.01039367104484409  0.02120084697343027  0.03117864991506273
  0.04008510908812829  0.04848610032532632  0.05730598828149364  0.06768143308795821
  0.07898865109328537  0.08957700657310290  0.09987913733888074  0.10986380871178629
  0.12053251309314857  0.13086340048481512  0.13948422477961250  0.14757909361137300
  0.15461550784824005  0.16227089634041547  0.17056893026013423  0.17894726844904144
  0.18735907597139168  0.19652405946155202  0.20635229331584901  0.21769251451745067
  0.22901010357682772  0.24038532565113382  0.24938468926024304  0.25823763435322372
  0.26711390618615433  0.27707380994781688  0.28784416639319393  0.29931100618316242
  0.31135897458723427  0.32343410833599956  0.33534966502231639  0.34596507113578656
  0.35778491982887400  0.36754170184195739  0.37824092175888907  0.38862157218326304
  0.40086218846479893  0.41380944582357682  0.42540319981667479  0.43606021351647428
  0.44682721638775980  0.45821539341549544  0.46886394769269119  0.47894272660830428
  0.48933912234795796  0.49996929052506095  0.50994367471158641  0.52004278681581750
  0.53019426520765156  0.53964311524119002  0.54909383956650504  0.55722418283132624
  0.56681906747092514  0.57849433336236844  0.58989017643060937  0.60017252382057429
  0.61001881584909512  0.62025763553246449  0.63069045216546649  0.64150758095356997
  0.65210754682366745  0.66216750197982199  0.67189899129180952  0.68147674628817256
  0.69141876317571560  0.70115200444411829  0.71127522771853458  0.72222017975461350
  0.73384709125606085  0.74571125490808232  0.75726722577489447  0.76819013236826528
  0.77864651839382815  0.78945099606730473  0.80053960182011163  0.81208620414349963
  0.82220236912257638  0.83291534587505600  0.84387924559596117  0.85510368627968381
  0.86755913080813296  0.88133400943237206  0.89577751425740049  0.90792489322897452
  0.91894834059642649  0.93080945625220302  0.94268992085089631  0.95470951705849361
  0.96812613490114174  0.97973794759894539  0.99013569393189271  1.00000000000000000
  0.00168518200945115  0.00545852956714019  0.00731534852661701  0.00868393671756269
  0.01002138038776963  0.01127137088225923  0.01241700759748931  0.01348084197531032
  0.01454651343147611  0.01561766508436824  0.01669591334249053  0.01778261881959953
  0.01884944036398013  0.01990230984763228  0.02091437067845552  0.02188835432990997
  0.02285900641477002  0.02376517971275265  0.02471089415246484  0.02573741736007206
  0.02676369228360968  0.02776154973298356  0.02881413367595105  0.02989624620305074
  0.03109599116359374  0.03225175453920216  0.03330917511574843  0.03431024868193654
  0.03529601263334083  0.03627212984932898  0.03730654814117277  0.03836324369771085
  0.03953091366522110  0.04068374857463306  0.04186583284935485  0.04307293579801403
  0.04431074004756633  0.04563145836652430  0.04691054581459373  0.04818376711645873
  0.04946855739075635  0.05083622273967820  0.05229611284621253  0.05380536462196549
  0.05529838596955966  0.05667120266144903  0.05812539691106193  0.05974342344020456
  0.06106045443154810  0.06256152636832632  0.06392723101800962  0.06539065573321667
  0.06677925286459171  0.06793834642259025  0.06895740107002486  0.06990676827846730
  0.07098006867419844  0.07245595096820845  0.07402712837541081  0.07546654708050708
  0.07669126372791558  0.07789056438619740  0.07915127106368175  0.08035320625539392
  0.08146522472056879  0.08267954322053246  0.08408244115590904  0.08575387041824654
  0.08837914177665632  0.09095590551573547  0.09352935386830727  0.09572111994682832
  0.09772388859760509  0.09985382341947574  0.10169164184978488  0.10388235624936988
  0.10658632217464754  0.11004797238959828  0.11429227003600026  0.11879226824276304
  0.12393692403801751  0.13052989247643998  0.13567655629469993  0.14131519392883163
  0.14757700611160499  0.15350212930057072  0.15955433387795262  0.16788940964984916
  0.18670516125177566  0.20117515019885998  0.21098325439813584  0.22525546004204092
  0.24675548376410350  0.29272635758805565  0.77335394950345859  1.00000000000000000
 -0.00419646381090488  0.02056824808611529  0.04089961397365292  0.06194963845761459
  0.08079567074113179  0.09796772810407108  0.11274677162643564  0.12734301424063768
  0.14231850618640846  0.15648474629573789  0.16878470714242166  0.18264267999089537
  0.19434133250213814  0.20620048617495185  0.21778855966767530  0.23012775551672163
  0.24181575130513969  0.25342862822420115  0.26465854641975595  0.27534218530268634
  0.28570247211980326  0.29544417519478683  0.30490391273197542  0.31348654765898232
  0.32227697239960817  0.33151183144489604  0.34109980440445847  0.35102909015914519
  0.36132166358561324  0.37109885991771363  0.37982568777315390  0.38752024588872008
  0.39559705738495798  0.40483121930516169  0.41395594037964206  0.42250769084313827
  0.43062890600350079  0.43812694587731876  0.44522458269683762  0.45182469694570399
  0.45815054638471864  0.46460011622674957  0.47093287531895894  0.47647242169813064
  0.48203831879699732  0.48770657063041595  0.49363763008084588  0.49991703251766562
  0.50635817007396522  0.51266911185882380  0.51907140551225284  0.52425293409670704
  0.52994157043396972  0.53590661480254898  0.54277982747736220  0.55008148042608163
  0.55688594909520417  0.56293640827879277  0.56873309798484251  0.57455023276350992
  0.58082868030137369  0.58818372119590534  0.59612692620452867  0.60452886252579641
  0.61349788030611285  0.62315632814471977  0.63343433666294358  0.64395731355050168
  0.65460357720048312  0.66525041060074053  0.67604199547282784  0.68639430641840049
  0.69609004583302991  0.70605621541633901  0.71650810635073137  0.72771767574544455
  0.73757615457656311  0.74750319909534635  0.75733196455084928  0.76767974772630532
  0.77857193529811553  0.78967693971402320  0.80116247512518202  0.81329225837460384
  0.82649867502856322  0.84100467909449850  0.85703513622516503  0.87330823253264789
  0.88805216710667456  0.90268087040911138  0.91896870204396541  0.93650942528890369
  0.95093494683544555  0.96489051985820184  0.98143216375790288  1.00000000000000000
  0.11271685440331439  0.57487774994250085  0.58928032919673623  0.60893623027040922
  0.62809365097764180  0.64401980715485985  0.65830104960450342  0.67471756988830245
  0.68979319814345919  0.70194078019118156  0.71427138404868518  0.72765504776790813
  0.73894651689038104  0.74783351627016226  0.75580216314843773  0.76411776547505028
  0.77282622805386125  0.78080519609712817  0.78828298619265136  0.79574479647699092
  0.80265245102866489  0.80905809041254861  0.81487441334947330  0.82028456089714252
  0.82558381897565281  0.83075309392318086  0.83563609354562107  0.84032221711426980
  0.84477054161916232  0.84918537407522665  0.85349030204268272  0.85786040336491398
  0.86184939970792496  0.86570007366253798  0.86938881139372826  0.87318074385532107
  0.87657215170110514  0.87955802429981600  0.88257681677182032  0.88556586011806948
  0.88875719924383489  0.89205579251998190  0.89528365704114765  0.89821875942981377
  0.90092132748935616  0.90361651918352826  0.90636599030218801  0.90906440856218873
  0.91166409834883166  0.91418583206889559  0.91665743992845261  0.91910232739528330
  0.92140513105063948  0.92371173494631453  0.92581857374995813  0.92789911313453666
  0.92993026314900340  0.93202912499846469  0.93400606482682602  0.93595543290073735
  0.93767185074817183  0.93930123647895991  0.94100754449770008  0.94273885616777975
  0.94438329537546439  0.94598304473614725  0.94765864031027747  0.94941227778846982
  0.95124237023866931  0.95316056366070467  0.95510964773595930  0.95670993184713504
  0.95826326073373846  0.95968303940950850  0.96109711446003288  0.96252615410034792
  0.96389119043894422  0.96529947699758345  0.96671935087374128  0.96814810701847631
  0.96959080783451401  0.97101286791038188  0.97250588151143003  0.97408155634825599
  0.97565409858169316  0.97721901873636974  0.97881224125690036  0.98051880376025713
  0.98233934432816394  0.98415379541503267  0.98595168797412969  0.98776021526421842
  0.98971934661035499  0.99192890819775614  0.99494001258127140  1.00000000000000000
   5.9284913457280453E-009  -1.0000000000000000     
 F F F F F F F F F F F F F F F F F F F F F F F F F F F F F F F F F F F F F F F F F F F F F F F F F F F F F F F F F F F F F F F F
  <DiscreteSampler_grid>
  grouped_processes
  1 # 1 for a reference and 2 for a running grid.
  10 # Attribute 'min_bin_probing_points' of the grid.
  1 # Attribute 'grid_mode' of the grid. 1=='default',2=='initialization'
  0.0000000000000000 # Attribute 'small_contrib_threshold' of the grid.
  0.5000000000000000 # Attribute 'damping_power' of the grid.
 # binID   n_entries weight   weight_sqr   abs_weight
    10   10   2.420124556493849E+001   2.518406444734568E+003   2.420124556493849E+001
  </DiscreteSampler_grid>
