  0.10828384174267228  0.10911582453806763  0.10994780733346299  0.11077979012885836
  0.11161177292425371  0.11244375571964907  0.11327573851504442  0.11410772131043978
  0.11493970410583514  0.11577168690123049  0.11660366969662586  0.11743565249202122
  0.11826763528741657  0.11909961808281193  0.11993160087820728  0.12076358367360264
  0.12159556646899801  0.12242754926439336  0.12325953205978872  0.12409151485518408
  0.12492349765057943  0.12620677634082736  0.12753575468673684  0.12886473303264631
  0.13019371137855579  0.13152268972446526  0.13285166807037474  0.13418064641628422
  0.13550962476219369  0.13683860310810320  0.13816758145401267  0.13949655979992215
  0.14082553814583162  0.14215451649174110  0.14348349483765058  0.14481247318356005
  0.14615032128641661  0.14751755675269090  0.14888479221896517  0.15025202768523946
  0.15161926315151372  0.15298649861778801  0.15435373408406228  0.15572096955033657
  0.15708820501661083  0.15845544048288512  0.15982267594915939  0.16118991141543368
  0.16255714688170794  0.16392438234798223  0.16529161781425653  0.16665885328053079
  0.17470192528737580  0.18278336719377891  0.19086480910018200  0.19894625100658511
  0.20702769291298820  0.21510913481939140  0.22319057672579456  0.25522743551281646
  0.35526229567608630  0.45529715583935593  0.54245867106061085  0.54825640420662081
  0.55405413735263076  0.55985187049864071  0.56492502156338176  0.56938895718324489
  0.57385289280310814  0.57831682842297139  0.58278076404283463  0.58724469966269799
  0.59170863528256123  0.59617257090242448  0.60063650652228784  0.60530124653421746
  0.61072513227260883  0.61614901801100030  0.62157290374939178  0.64678459467827554
  0.65273419200198557  0.65868378932569571  0.66463338664940574  0.67058298397311578
  0.67653258129682581  0.68248217862053573  0.68843177594424576  0.69438137326795579
  0.70033097059166582  0.70628056791537575  0.77385357168933733  0.87388843185260723
  0.96046844839839762  0.97416867309529565  0.98725937236013472  1.00000000000000000
  0.00838606373994114  0.01069353840328886  0.01300101306663659  0.01530848772998432
  0.01761596239333205  0.01992343705667978  0.02354656303239125  0.02802624649488927
  0.03250592995738730  0.03698561341988533  0.04146529688238335  0.04621868151116212
  0.05098494858591318  0.05575121566066423  0.06051748273541529  0.12224602503046489
  0.22454168066373506  0.32683733629700512  0.33843293325835189  0.34387832758895132
  0.34932372191955080  0.35476911625015028  0.36021451058074971  0.36565990491134914
  0.37110529924194852  0.37655069357254795  0.38199608790314737  0.38744148223374680
  0.39288687656434618  0.41809486065293211  0.42369012660080724  0.42928539254868242
  0.43488065849655755  0.44047592444443273  0.44607119039230786  0.45166645634018299
  0.45726172228805817  0.46172350777235499  0.46591678245940338  0.47011005714645177
  0.47430333183350015  0.47849660652054854  0.48343243306424905  0.48850948132459171
  0.49358652958493437  0.49866357784527704  0.50374062610561965  0.50881767436596237
  0.51389472262630498  0.51897177088664770  0.58562102346754741  0.68791667910081766
  0.79021233473408781  0.89250799036735784  0.89697997360287307  0.89816514029566086
  0.89935030698844876  0.90053547368123665  0.90172064037402455  0.90290580706681234
  0.90409097375960024  0.90527614045238813  0.90646130714517603  0.90764647383796382
  0.90883164053075172  0.91001680722353961  0.91120197391632751  0.91238714060911541
  0.91357230730190320  0.91475747399469109  0.91594264068747899  0.91693037845257630
  0.91760813779140293  0.91828589713022946  0.91896365646905609  0.91964141580788272
  0.92031917514670936  0.92099693448553588  0.92167469382436251  0.92235245316318915
  0.92303021250201567  0.92370797184084230  0.92438573117966893  0.92506349051849546
  0.92574124985732209  0.92641900919614872  0.92709676853497525  0.92777452787380188
  0.92845228721262851  0.92913004655145504  0.92980780589028167  0.93048556522910830
  0.93116332456793482  0.93184108390676146  0.93210474981792069  1.00000000000000000
  0.00002032977905106  0.00002076423332025  0.00002119868758943  0.00002188596884341
  0.00002319178260191  0.00002449759636041  0.00004715575327149  0.00006615668305631
  0.00006858546618424  0.00007101424931218  0.00007344303244012  0.00007610045140699
  0.00007888803202128  0.00008167561263556  0.00008446319324985  0.00008718906346021
  0.00008988828897122  0.00009258751448223  0.00009528673999323  0.00009803401907782
  0.00010234575938391  0.00010665749969001  0.00011096923999610  0.00011571118234323
  0.00012065988424784  0.00012560858615245  0.00013062285530822  0.00013577582045352
  0.00014092878559882  0.00014608175074412  0.00015170947071021  0.00015762366929793
  0.00016353786788566  0.00016945206647338  0.00017617559453819  0.00018296348150205
  0.00018975136846591  0.00023210001158349  0.00039354966932634  0.00041019263281223
  0.00042683559629811  0.00044347855978400  0.00046225345217968  0.00048135503512625
  0.00050045661807283  0.00052074410121148  0.00054266750874490  0.00056459091627832
  0.00058651432381174  0.00122433921013764  0.00259808740154127  0.00551745514647603
  0.01061327084307070  0.01071190639968628  0.01081054195630187  0.01090917751291746
  0.01100781306953304  0.01110644862614863  0.01120508418276421  0.01130371973937980
  0.01140235529599539  0.01150099085261097  0.01159962640922656  0.01169826196584215
  0.01179689752245773  0.01189553307907332  0.01199416863568890  0.01209280419230449
  0.01218856805536606  0.01227589708769197  0.01236322612001788  0.01245055515234379
  0.01253788418466969  0.01262521321699560  0.01271254224932151  0.01279987128164742
  0.01288720031397332  0.01297452934629923  0.01306185837862514  0.01314918741095105
  0.01323651644327695  0.01332384547560286  0.01341117450792877  0.01349850354025468
  0.01358583257258058  0.01367316160490649  0.01376049063723240  0.01384781966955831
  0.01393514870188422  0.02322639060551241  0.03502437337769247  0.03502437337770246
  0.03502437337771246  0.03502437337772246  0.03502437337773246  1.00000000000000000
 -0.00036508242289225  0.08805095470973938  0.09276857608614551  0.09748619746255163
  0.10220381883895777  0.10733429652520499  0.11275894507399402  0.11818359362278304
  0.12360824217157207  0.18854359195079912  0.19431272148193990  0.20008185101308068
  0.20585098054422146  0.21162011007536230  0.21738923960650314  0.22315836913764397
  0.22892749866878481  0.23469662819992559  0.24046575773106638  0.24623488726220716
  0.28859341998970228  0.37640984053596460  0.38275254281293680  0.38909524508990900
  0.39543794736688120  0.40178064964385352  0.40812335192082577  0.41446605419779808
  0.42080875647477034  0.42715145875174254  0.43349416102871474  0.45945085046063233
  0.46562777138137590  0.47180469230211947  0.47798161322286303  0.48415853414360654
  0.49033545506435006  0.49651237598509351  0.50268929690583708  0.50886621782658048
  0.51504313874732399  0.52778924254306736  0.60460447274684748  0.60600524008564072
  0.60740600742443385  0.60880677476322698  0.61020754210202011  0.61160830944081335
  0.61300907677960648  0.61440984411839961  0.61581061145719285  0.61721137879598598
  0.61861214613477911  0.62001291347357224  0.62141368081236548  0.62281444815115861
  0.62421521548995174  0.62561598282874498  0.62701675016753811  0.62841751750633124
  0.62981828484512437  0.63121905218391761  0.63261981952271074  0.63402058686150387
  0.63542135420029699  0.63682212153909024  0.63822288887788337  0.63962365621667649
  0.64102442355546974  0.64242519089426287  0.64382595823305599  0.64522672557184912
  0.64662749291064237  0.64802826024943549  0.64942902758822874  0.65082979492702187
  0.65223056226581499  0.65363132960460824  0.65503209694340137  0.65643286428219461
  0.65783363162098774  0.65923439895978098  0.66063516629857411  0.66203593363736724
  0.66343670097616048  0.66483746831495361  0.66623823565374685  0.74378767572887494
  0.85488975816120105  0.88210550419182421  0.89078140641881409  0.89909546376344518
  0.90690509882523718  0.91471473388702917  0.94275117317835488  1.00000000000000000
  0.06350260575612386  0.06441394137013416  0.06532527698414446  0.06623661259815478
  0.06714794821216508  0.06805928382617538  0.06897061944018568  0.06988195505419598
  0.07079329066820628  0.07170462628221658  0.07261596189622688  0.07352729751023718
  0.07443863312424748  0.07534996873825778  0.07626130435226808  0.07717263996627838
  0.07808397558028868  0.07899531119429898  0.07990664680830928  0.08081798242231958
  0.08172931803632988  0.08264065365034018  0.08363121017187099  0.08487273044660271
  0.08611425072133441  0.08735577099606613  0.08859729127079785  0.08983881154552956
  0.09108033182026128  0.09232185209499300  0.09356337236972471  0.09480489264445643
  0.09604641291918814  0.09728793319391986  0.09852945346865158  0.09977097374338328
  0.10101249401811500  0.10225401429284672  0.10349553456757844  0.15385499132048630
  0.21117702287539758  0.21690699347646211  0.22263696407752662  0.22836693467859115
  0.23409690527965560  0.23982687588072008  0.24555684648178452  0.25128681708284900
  0.25701678768391345  0.26274675828497790  0.26847672888604235  0.33450537056850804
  0.43778082207090435  0.44366892682920700  0.44955703158750965  0.45544513634581224
  0.46133324110411494  0.46722134586241765  0.47310945062072035  0.47899755537902305
  0.48488566013732570  0.49077376489562835  0.49666186965393100  0.54683795775768984
  0.65499073004400477  0.67391058471610676  0.68203118500189086  0.69015178528767496
  0.69827238557345905  0.70639298585924315  0.71451358614502736  0.72263418643081156
  0.73021125828346167  0.73555261203203481  0.74089396578060807  0.74623531952918132
  0.75157667327775446  0.75691802702632771  0.76225938077490085  0.76760073452347410
  0.77294208827204725  0.77828344202062050  0.78362479576919375  0.78896614951776711
  0.79414541496071356  0.79915892904705010  0.80417244313338654  0.80918595721972308
  0.81397188817669830  0.81831402215747073  0.82265615613824317  0.82699829011901560
  0.83134042409978803  0.89184722771368075  0.95687622229258218  1.00000000000000000
  0.10792135794957484  0.35898119011330881  0.36379571355995088  0.36861023700659296
  0.37342476045323503  0.37868911897464791  0.38417222893039110  0.38965533888613424
  0.39513844884187743  0.41985922036638945  0.42467232042936776  0.42948542049234606
  0.43429852055532436  0.43911162061830261  0.44392472068128092  0.44873782074425922
  0.45355092080723752  0.45836402087021583  0.46317712093319419  0.46799022099617255
  0.47280332105915091  0.47761642112212921  0.54197207194679686  0.54833178092898738
  0.55469148991117778  0.56105119889336830  0.56741090787555870  0.57377061685774911
  0.58013032583993962  0.58649003482213002  0.59284974380432054  0.59920945278651117
  0.62604830734755856  0.64682313419281601  0.64805945497491335  0.64929577575701081
  0.65053209653910815  0.65176841732120550  0.65300473810330295  0.65424105888540030
  0.65547737966749775  0.65671370044959509  0.65795002123169255  0.65918634201378989
  0.66042266279588724  0.66165898357798469  0.66289530436008204  0.66413162514217949
  0.66536794592427684  0.66660426670637429  0.66784058748847164  0.66907690827056898
  0.67031322905266633  0.67154954983476378  0.67278587061686113  0.67402219139895847
  0.67525851218105593  0.67649483296315327  0.67773115374525061  0.67896747452734807
  0.68020379530944541  0.68144011609154276  0.68267643687364010  0.68391275765573756
  0.68514907843783490  0.68638539921993225  0.68762172000202970  0.68885804078412705
  0.69009436156622439  0.69133068234832185  0.69256700313041919  0.69380332391251653
  0.69503964469461388  0.69627596547671133  0.69751228625880868  0.69874860704090602
  0.69998492782300348  0.70122124860510082  0.70245756938719817  0.70369389016929562
  0.70493021095139297  0.70616653173349031  0.70740285251558765  0.73287922633058167
  0.83210300727742748  0.83838973283475426  0.84350961637255895  0.84862949991036363
  0.85374938344816831  0.85827409736992932  0.86274599917157124  0.86721790097321305
  0.87168980277485497  0.89791395685283715  0.90460277001063027  1.00000000000000000
  0.10104983647664396  0.10863588310580478  0.11310509954494283  0.11757431598408087
  0.12204353242321893  0.12673967042463433  0.13187929660709533  0.13701892278955632
  0.14215854897201732  0.17587992543107930  0.21402500683543269  0.22224806081205925
  0.23047111478868582  0.23869416876531227  0.24691722274193875  0.25514027671856521
  0.26336333069519169  0.28048778176774125  0.38591094023449285  0.44056910191120041
  0.44657931523214178  0.45258952855308315  0.45859974187402452  0.46460995519496595
  0.47062016851590738  0.47663038183684880  0.48264059515779018  0.48865080847873155
  0.49466102179967292  0.51177391262343508  0.61719707109018684  0.72262022955693839
  0.77155267559720386  0.77287823513190990  0.77420379466661604  0.77552935420132219
  0.77685491373602833  0.77818047327073436  0.77950603280544051  0.78083159234014665
  0.78215715187485269  0.78348271140955883  0.78480827094426497  0.78613383047897101
  0.78745939001367715  0.78878494954838330  0.79011050908308944  0.79143606861779547
  0.79276162815250162  0.79408718768720765  0.79541274722191380  0.79673830675661983
  0.79806386629132597  0.79938942582603212  0.80071498536073815  0.80204054489544430
  0.80336610443015033  0.80469166396485647  0.80601722349956251  0.80734278303426865
  0.80866834256897480  0.80999390210368083  0.81131946163838697  0.81264221283063443
  0.81394210283693114  0.81524199284322785  0.81654188284952456  0.81784177285582116
  0.81914166286211787  0.82044155286841458  0.82174144287471129  0.82304133288100789
  0.82434122288730460  0.82564111289360131  0.82694100289989803  0.82824089290619474
  0.82954078291249134  0.83084067291878805  0.83214056292508476  0.83381565934783941
  0.83966865709482108  0.84552165484180264  0.85137465258878431  0.85722765033576587
  0.86308064808274743  0.86893364582972898  0.87478664357671054  0.95927945106142487
  0.96474573793965390  0.97021202481788282  0.97567831169611186  0.98089492139485523
  0.98567119104614143  0.99044746069742762  0.99522373034871381  1.00000000000000000
  0.03280031283696498  0.33716923271893046  0.34100513210452760  0.34484103149012479
  0.34867693087572194  0.35251283026131913  0.35666215475411966  0.36104903144286266
  0.36543590813160565  0.36982278482034858  0.37420966150909157  0.44371711879412046
  0.46347808400080281  0.46970947015046255  0.47594085630012234  0.48100114189424026
  0.48480451414298337  0.48860788639172653  0.49241125864046970  0.49621463088921286
  0.50001456737849437  0.50309209548707434  0.50616962359565443  0.50924715170423451
  0.51232467981281460  0.51540220792139468  0.51847973602997477  0.52158929766750939
  0.52480300465542928  0.52801671164334929  0.53123041863126930  0.53444412561918919
  0.53765783260710920  0.54087153959502920  0.54477084287142175  0.54889554129209239
  0.55302023971276315  0.55714493813343391  0.56126963655410456  0.62131556642359875
  0.62589828846010565  0.62683787917446976  0.62777746988883376  0.62871706060319787
  0.62965665131756199  0.63059624203192599  0.63153583274629010  0.63247542346065422
  0.63341501417501822  0.63435460488938233  0.63529419560374645  0.63623378631811045
  0.63717337703247456  0.63811296774683868  0.63905255846120268  0.63999214917556679
  0.64093173988993091  0.64187133060429491  0.64281092131865902  0.64375051203302314
  0.64469010274738714  0.64562969346175125  0.64639980753194193  0.64712302689116896
  0.64784624625039611  0.64856946560962314  0.64929268496885029  0.65001590432807732
  0.65073912368730447  0.65146234304653150  0.65218556240575853  0.65290878176498568
  0.65363200112421271  0.65435522048343986  0.65507843984266689  0.65580165920189404
  0.65652487856112107  0.65724809792034822  0.65797131727957525  0.65869453663880240
  0.65941775599802943  0.66014097535725658  0.66086419471648361  0.66158741407571076
  0.66231063343493779  0.66303385279416494  0.66375707215339197  0.66448029151261911
  0.66520351087184615  0.66592673023107329  0.66664994959030033  0.74854692765085573
  0.83236461843390164  0.90427284410502817  0.90447372595469155  1.00000000000000000
  0.37218278249104830  0.38166526104718251  0.38833052209436508  0.39499578314154760
  0.40232388976217370  0.40974725959179165  0.42336704306237444  0.52206356679329169
  0.62076009052420911  0.63015320345709092  0.63553772069078385  0.64092223792447678
  0.64630675515816971  0.65169127239186275  0.65707578962555580  0.66246030685924873
  0.66784482409294177  0.67322934132663470  0.67861385856032763  0.68399837579402056
  0.70901041748619364  0.71389552339804951  0.71878062930990538  0.72366573522176114
  0.72855084113361701  0.73239009915981290  0.73607849807755743  0.73976689699530196
  0.74345529591304660  0.74714369483079113  0.75083209374853566  0.75452049266628018
  0.75820889158402471  0.76189729050176924  0.76558568941951388  0.76927408833725841
  0.77348042012380924  0.77806605010283436  0.78265168008185948  0.78723731006088460
  0.79184524297122294  0.79708532219088013  0.80232540141053732  0.80756548063019451
  0.81280555984985170  0.81804563906950889  0.82328571828916608  0.82852579750882327
  0.83376587672848046  0.83900595594813776  0.84424603516779506  0.84948611438745225
  0.86470531725582922  0.95839175718465230  0.95952941572686157  0.96066707426907072
  0.96180473281127998  0.96294239135348925  0.96408004989569851  0.96521770843790777
  0.96635536698011693  0.96749302552232619  0.96863068406453545  0.96976834260674472
  0.97090600114895398  0.97204365969116313  0.97318131823337239  0.97431897677558166
  0.97545663531779092  0.97659429386000018  0.97773195240220934  0.97886961094441860
  0.97981511785790920  0.98069272142930453  0.98157032500069974  0.98244792857209495
  0.98332553214349028  0.98420313571488549  0.98508073928628070  0.98595834285767603
  0.98683594642907124  0.98771355000046646  0.98859115357186178  0.98946875714325699
  0.99034636071465221  0.99122396428604753  0.99210156785744275  0.99297917142883796
  0.99385677500023328  0.99473437857162850  0.99561198214302382  0.99648958571441903
  0.99736718928581425  0.99824479285720957  0.99912239642860479  1.00000000000000000
   1.1053995710547815E-012  -1.0000000000000000     
 F F F F F F F F F F F F F F F F F F F F F F F F F F F F F F F F F F F F F F F F F F F F F F F F F F F F F F F F F F F F F F F F
  <DiscreteSampler_grid>
  grouped_processes
  1 # 1 for a reference and 2 for a running grid.
  10 # Attribute 'min_bin_probing_points' of the grid.
  1 # Attribute 'grid_mode' of the grid. 1=='default',2=='initialization'
  0.0000000000000000 # Attribute 'small_contrib_threshold' of the grid.
  0.5000000000000000 # Attribute 'damping_power' of the grid.
 # binID   n_entries weight   weight_sqr   abs_weight
    10   10   4.424630873013926E+000   1.077708229958097E+002   4.424630873013926E+000
  </DiscreteSampler_grid>
