  0.00240793632285088  0.01200201436098939  0.02256433337364090  0.03443353437150512
  0.04780952538305017  0.06255517284212493  0.07814533804540497  0.09302348250120947
  0.10640363729967722  0.11865452442792197  0.13036236278130253  0.14235544306097883
  0.15461242765241009  0.16586006228611788  0.17574749487191321  0.18510422506348245
  0.19502928181435664  0.20496724031798841  0.21479400753883873  0.22531395012487834
  0.23728588628254010  0.25085481715062968  0.26370991140715477  0.27454331843459212
  0.28450810280482103  0.29399388122811509  0.30453461314628461  0.31502135160100569
  0.32456477016540997  0.33336356076912299  0.34230680488973914  0.35449061345203547
  0.36857648474466265  0.38225641905717650  0.39403375639071808  0.40357970640620816
  0.41274041890848490  0.42109306491925785  0.42698643203079728  0.43219839208990984
  0.43754216061167678  0.44370721054612039  0.45201072996681596  0.46031000242915998
  0.46803708436820141  0.47565555064677500  0.48484644915387026  0.49516496745223915
  0.50608775585588028  0.51678316684554992  0.52609292513564554  0.53490274179796449
  0.54400786390051725  0.55479902892850763  0.56616385202503705  0.57813807766410852
  0.58993356893221793  0.60109714678447235  0.61254169590960861  0.62372954036487860
  0.63650939266066819  0.64914268285751697  0.66162737632513213  0.67416742094858340
  0.68698598835672742  0.70009866498865192  0.71277639625400768  0.72358315310301469
  0.73449882622829854  0.74595354595145935  0.75782582300081391  0.76936021774429331
  0.78039986312155818  0.79138479940163986  0.80138963623881843  0.81121000232575147
  0.82096424735824558  0.83125657865232871  0.84083573836757930  0.84972196625005825
  0.85996422474837519  0.87174071609004899  0.88316451618624081  0.89375113637040093
  0.90433227703078467  0.91549071624922906  0.92582029102810137  0.93580767408543042
  0.94478889636767194  0.95317511445949799  0.96205380229871829  0.96980126486978535
  0.97729437984231204  0.98449908182661872  0.99232938703766327  1.00000000000000000
  0.00000787815892461  0.00001059961163474  0.00001238527694309  0.00001461672300658
  0.00001808028393683  0.00002281185625482  0.00002838577469770  0.00003428549783662
  0.00004060434326923  0.00004770199406355  0.00005648826373005  0.00006565016504105
  0.00007570310645807  0.00008611168981366  0.00009662393456639  0.00010669861851296
  0.00011823070172666  0.00013161152718609  0.00014643658040556  0.00016252259742119
  0.00017927849305496  0.00019712214708313  0.00021048959237247  0.00022491295016305
  0.00023862765882346  0.00025238298881661  0.00027212565567035  0.00028959196462926
  0.00030843669885649  0.00032412706480569  0.00033994411178063  0.00035741766180802
  0.00037728184246358  0.00040308493763666  0.00043202657762831  0.00046131538690230
  0.00049005745150465  0.00052201622487702  0.00055526502354802  0.00058951016776663
  0.00062780995935111  0.00066997328066791  0.00072008567036124  0.00077276558153508
  0.00082444276766744  0.00087624431171956  0.00092898217510940  0.00098269340371838
  0.00103894646654871  0.00110496462132742  0.00117402565364630  0.00124880948358364
  0.00132413866174062  0.00139838710107713  0.00146925154354915  0.00153898336775888
  0.00161703611350666  0.00170228733489929  0.00179266743448037  0.00188492045933966
  0.00198009319580969  0.00208430518831979  0.00219500318958922  0.00230745171922662
  0.00242149380707938  0.00253967216204887  0.00266431171677713  0.00281219045834358
  0.00297121614045323  0.00311946385942850  0.00326404635040862  0.00341093326063979
  0.00358941655753403  0.00380543637980256  0.00407375282456222  0.00437163412141448
  0.00468445911191810  0.00502075397419201  0.00537978643814010  0.00575643540521868
  0.00618917868877670  0.00668719787892506  0.00724654997167912  0.00800614073484921
  0.00884261981392607  0.00985536506863387  0.01126046073697953  0.01289858960550280
  0.01474430211651442  0.01622029055338556  0.02543281047811625  0.04243617286899868
  0.07107247272104350  0.08672359663132100  0.12938578630890749  1.00000000000000000
  0.00000729600974385  0.00000822958387491  0.00000872759249345  0.00000927627821839
  0.00000987267544755  0.00001051281769877  0.00001120195369086  0.00001193453028723
  0.00001273091254068  0.00001360688543443  0.00001454017989581  0.00001563819570939
  0.00001676831226545  0.00001805829037125  0.00001959030264918  0.00002132331661681
  0.00002300996764621  0.00002457488889447  0.00002614735656347  0.00002780470692650
  0.00002961270706444  0.00003190316720977  0.00003501692750586  0.00003806002563366
  0.00004098305527724  0.00004394352308632  0.00004697650306045  0.00004987811807066
  0.00005357265277057  0.00005779425437266  0.00006251207806754  0.00006764675248320
  0.00007269075675191  0.00007806048794300  0.00008389182107933  0.00009090695690859
  0.00009897576924214  0.00010825247193482  0.00011960606591183  0.00013272474964432
  0.00014684417666862  0.00016011989830805  0.00017318128136994  0.00018733493187252
  0.00020267458460740  0.00022038352735022  0.00024125560506194  0.00026402117053592
  0.00028988671257698  0.00031877612431650  0.00035162476292327  0.00038889619230081
  0.00042882446295145  0.00046972220130270  0.00051047767652249  0.00054834877665805
  0.00058434011211811  0.00062307157874252  0.00066956742872606  0.00072331973030929
  0.00079083672295298  0.00087105059474856  0.00096436368844529  0.00106841192386693
  0.00118436090573645  0.00131760151481928  0.00147142558061123  0.00162211876392346
  0.00177669986357426  0.00194445152079185  0.00212976887983597  0.00234114011387680
  0.00253945444721617  0.00274774270674849  0.00298880783555480  0.00328868106136681
  0.00359518514786112  0.00390169689393704  0.00429833995046245  0.00476514380890523
  0.00526157617204765  0.00592422219905395  0.00662569684170685  0.00722567447868828
  0.00780556226985380  0.00853595092876401  0.00935985336025326  0.01038638281137633
  0.01193835988308503  0.01351378677951571  0.01531735549925103  0.01771739546994464
  0.02308031128064791  0.03248283800378333  0.05498926044988783  1.00000000000000000
 -0.00214040080946254  0.00807031631167671  0.01617672404363766  0.02472636991357427
  0.03129219610648238  0.03770783878932524  0.04379072940966962  0.04900505028554986
  0.05480478339010619  0.06210972281114008  0.06952919158858899  0.07741743658736432
  0.08526084714320017  0.09322407335918138  0.10055097738421061  0.10845454782089711
  0.11680774729268804  0.12530534704695215  0.13400312975618273  0.14264518677215010
  0.15144159180519104  0.16058870377626525  0.17076694513803173  0.18120407517716511
  0.19166037646737052  0.20181515236706024  0.21196585549439809  0.22270461594510926
  0.23281307085902386  0.24256273370758977  0.25278493686449549  0.26275317667211978
  0.27238879374758418  0.28175482753042624  0.29134845810209214  0.30182099059788170
  0.31309152537540941  0.32397487713871909  0.33454448283715610  0.34477579812363035
  0.35560549876233877  0.36675477085933089  0.37694898932069498  0.38594601616625845
  0.39463978537344196  0.40391271625676689  0.41318136593988503  0.42277677100997196
  0.43152221889932402  0.44021390549271822  0.44928606825379452  0.45865524292248672
  0.46917108820069320  0.48051764758149990  0.49234193013321959  0.50499148037050268
  0.51844923692249500  0.53097203675853188  0.54306468559463261  0.55489541050021296
  0.56752370253548157  0.58109514437307197  0.59494039779984664  0.60944196189066957
  0.62491911123079913  0.63912141262120759  0.65197931468915837  0.66216366817030703
  0.67233464618686800  0.68339292985453670  0.69630384109575638  0.70924131869395479
  0.72076829626115724  0.73149732793569511  0.74226232244120871  0.75411997919354168
  0.76754610728759243  0.78115982214130886  0.79709225562190511  0.81376163177832117
  0.82835287544336844  0.84138206158560991  0.85333211680899324  0.86341370229063652
  0.87330613903815690  0.88348505304056102  0.89738749959319497  0.91112879033927252
  0.92333568788071640  0.93318333688534472  0.94262187919362461  0.95119327872007009
  0.96170704856209777  0.97370228476851306  0.98668377472005087  1.00000000000000000
 -0.00192696353758382  0.00617512951894782  0.01548378499801105  0.02455291668068566
  0.03410345658511561  0.04647660462831873  0.05968175289768106  0.07217056884040832
  0.08441315681619677  0.09583190046819023  0.10729477160865436  0.11741273439612461
  0.12819293356613909  0.13839269288129211  0.14961789468483769  0.16004167752533000
  0.17004267396777220  0.18022513977319504  0.18926504319772047  0.20081009657515692
  0.21234535920726849  0.22591291753453771  0.23751043684715084  0.24816436758089375
  0.25819164297772268  0.26748642562398361  0.27650308134980806  0.28609167106996325
  0.29719287018928409  0.30781313395546922  0.31723731399965666  0.32682889206637378
  0.33612891334986100  0.34699828793054227  0.35760043564106136  0.36882478481186531
  0.38033617809782161  0.39218750259412877  0.40398914730797958  0.41590098144351101
  0.42858901595008342  0.43996271278099541  0.45173104982475526  0.46335266144768872
  0.47525047369540829  0.48638781263365444  0.49707070696523309  0.50666354909910438
  0.51563565659349464  0.52442603326386439  0.53396954770975491  0.54352032595741095
  0.55408139002375956  0.56494269368231398  0.57640864841541883  0.58721593085845381
  0.59601484272217087  0.60570957992463359  0.61569151816431522  0.62510427184536665
  0.63356350140645079  0.64190058461381116  0.65061391690180970  0.65968636693414462
  0.66843584851594928  0.67702136003384683  0.68630952859671701  0.69711732289674233
  0.70753663511821174  0.71916554096882146  0.73079370031982205  0.74143418114171500
  0.75148101287778413  0.76133330496224583  0.77153241906306569  0.78095972778634470
  0.78925407996289521  0.79814243055229039  0.80807967255053048  0.81916621982313886
  0.83145301145091177  0.84449147619854659  0.85699572965100668  0.86896392801493016
  0.88047038561735447  0.89157756347738937  0.90232715831986732  0.91352168461378069
  0.92573338717004683  0.93666705499583924  0.94548510165844046  0.95510142397187170
  0.96426093400582769  0.97343888686695934  0.98682233220877369  1.00000000000000000
 -0.00175766628214267  0.00549218291157122  0.01249710340701541  0.02016651170877454
  0.02923003469673048  0.03756892342250989  0.04640346792447526  0.05629610526201527
  0.06654018533706811  0.07677605389667122  0.08740596086956248  0.09883065034082289
  0.11076539654355402  0.12377679418602772  0.13697411839376017  0.15021900025684562
  0.16284902140840180  0.17452023952441287  0.18569906583146184  0.19780038985804543
  0.21175667329552378  0.22505657005258020  0.23687267309592211  0.24810719336733783
  0.26024976612701456  0.27374199225827878  0.28646514168748999  0.29918197907959515
  0.30925272984290730  0.31788595613516329  0.32677439389091750  0.33543043562832348
  0.34340606077915298  0.35258580513717813  0.36271809047676040  0.37389190557201324
  0.38485018114134961  0.39525711105425793  0.40595189453188035  0.41642252439456756
  0.42625541417878782  0.43537336700071050  0.44471499358890276  0.45495262957438248
  0.46683828227836810  0.47863588316484551  0.48918306026078812  0.50014113941970839
  0.51110873178229899  0.52142517935450017  0.53101657612373832  0.54115138777822158
  0.55197556217035626  0.56323968256292056  0.57385576388592874  0.58472301004582650
  0.59654900004880340  0.60823789409239626  0.61906338948107487  0.62832863346839218
  0.63738500923618380  0.64712834021720755  0.65661399631727380  0.66550255998127295
  0.67496973935099847  0.68641103568476425  0.69951232366822003  0.71189892376514652
  0.72472135379064406  0.73712412072264533  0.74881303821038270  0.75985963452633354
  0.77050616768777269  0.78084213567184435  0.79110224085723713  0.80177343403503754
  0.81216371120380537  0.82093688383875552  0.83059897382878012  0.84029060101348729
  0.85012809900625119  0.86128859319919060  0.87245990008310548  0.88292771764559097
  0.89367248556342671  0.90437272520776690  0.91531943891433387  0.92577253300875761
  0.93598126874496967  0.94600830197953478  0.95536603971516232  0.96399496917572658
  0.97312891884559138  0.98143492956525913  0.99105886922855591  1.00000000000000000
 -0.00014116735215115  0.00137670887958452  0.00313455738582534  0.00468057412277847
  0.00621023236935251  0.00769121399730819  0.00913172826137605  0.01055186902429607
  0.01194035453874233  0.01327066497943395  0.01459077244014743  0.01591490731886027
  0.01722787927560263  0.01858856224151319  0.01997317317763309  0.02139890768226895
  0.02286276249977764  0.02429530162871503  0.02566082801024733  0.02700755721670530
  0.02824282799875442  0.02934749546467880  0.03049328815521890  0.03167619294216545
  0.03325790913853370  0.03496055163181138  0.03658192316237906  0.03820251149733890
  0.03984250809067520  0.04152900723332084  0.04297272632915326  0.04448067444807640
  0.04600273191950183  0.04748409432514730  0.04877002722581305  0.05011179514231679
  0.05151145908917810  0.05312285083827006  0.05470286323304815  0.05631082535104091
  0.05779194941984671  0.05905791209614150  0.06030145161670301  0.06144947507758956
  0.06241706408938388  0.06336146983555320  0.06444756180273190  0.06569879808317319
  0.06707790023639074  0.06851708984958002  0.07014997450303802  0.07193965522470819
  0.07440902520585004  0.07742183390042109  0.07867144437240826  0.07973021589798204
  0.08074614896603860  0.08200718661334891  0.08340661788395126  0.08472503053277129
  0.08604787941597090  0.08760745214370390  0.08927766700651082  0.09133193770578835
  0.09411818788372610  0.09623038400660763  0.09785127845161856  0.09898774618661979
  0.10009980541129136  0.10151795572315793  0.10289026286646014  0.10830522871904509
  0.11126254551401019  0.11363991836219026  0.11704202151404060  0.11980299138439290
  0.12134843498913249  0.12340378342219190  0.12546719678483034  0.12760029520058849
  0.13040564567907872  0.13297033051554175  0.13591683199841811  0.14067775253792897
  0.14518720438803565  0.14877073440593575  0.15222114002287732  0.15567154563981886
  0.16004042842967894  0.16460269748045872  0.16916496653123850  0.17519911170415792
  0.18172594148215071  0.18825277126014350  0.26324905525505959  1.00000000000000000
 -0.00304707609293612  0.01462215681605196  0.03067489026585734  0.04812436331544891
  0.06517616707830842  0.08106334050523242  0.09692497752216768  0.11181721516698244
  0.12567535430261093  0.13959201818177128  0.15369067239160344  0.16782496014761278
  0.18044083071464892  0.19143804451079102  0.20185439538072120  0.21205161247568483
  0.22167371037302414  0.23076018423157488  0.23967802236218155  0.24891019615805990
  0.25873440108146833  0.26858923194499923  0.27840905606982380  0.28860911700260583
  0.29911151049462836  0.31069354315949982  0.32144120604376036  0.33113783062107521
  0.34039406448376269  0.34921108058859102  0.35877015339196511  0.36851102882595588
  0.37790524161691535  0.38731932558621013  0.39647080658184020  0.40481335250767958
  0.41257761423298328  0.42116985580956867  0.43029418786208268  0.43970686865871483
  0.44776506530926213  0.45536068589654100  0.46308781610643868  0.46980187330475254
  0.47632228898807849  0.48292483878539599  0.48977911891015219  0.49711453608000411
  0.50412098964829999  0.51088299357453948  0.51790676876530783  0.52494992207417823
  0.53232301343214150  0.53968909696808542  0.54705380693470662  0.55490142987164137
  0.56361387655896122  0.57219093396068221  0.58028946250836178  0.58823614816259684
  0.59620866057526556  0.60512980372796477  0.61449356360470853  0.62338987203234864
  0.63159192107071205  0.63976154433496768  0.64804937604767288  0.65673225399429702
  0.66558889145305078  0.67421452371606982  0.68332345735883870  0.69337775013725655
  0.70444871545898069  0.71552257361464999  0.72691592198522403  0.73968975518716684
  0.75238750465866611  0.76342544178055038  0.77461565533731791  0.78744708953719922
  0.80124680600131815  0.81491423514847527  0.82756277447184046  0.84038109621750623
  0.85443186645451086  0.86790016374177292  0.87819036454223431  0.88825208360146846
  0.89835799851330733  0.91022778838212759  0.92558135545566389  0.94101836718947263
  0.95656855045830302  0.97305380310848288  0.98700543656478201  1.00000000000000000
  0.24722084403721070  0.63789046586693909  0.66974400970112657  0.69636850401422989
  0.71826322639846640  0.73791457767284163  0.75536081957919110  0.77040894712368646
  0.78397832426755498  0.79652752884996614  0.80736196533309323  0.81704362059975977
  0.82627065303468028  0.83512845823967319  0.84274148373929469  0.85008508109727698
  0.85688369017921850  0.86311808522876932  0.86939952605114390  0.87552899011789831
  0.88144054794375015  0.88685858424013209  0.89197396038073651  0.89666586734461695
  0.90102412621820860  0.90516415411226947  0.90916988030757140  0.91312695345296047
  0.91706649104811666  0.92061959420881212  0.92384614703158974  0.92684536400435291
  0.92992253432984062  0.93311658840305800  0.93620480705733644  0.93887268977663463
  0.94133712208573284  0.94369604007992869  0.94597704951280959  0.94817595733656201
  0.95026334538480473  0.95218193892106295  0.95409085850826703  0.95601745099364033
  0.95791807781721583  0.95948884744719221  0.96095352787720389  0.96243828887388971
  0.96389578451844660  0.96520986419119659  0.96642079580591844  0.96758507238031055
  0.96875141842887080  0.96995436137262769  0.97114108821500889  0.97228430756883311
  0.97337963883819201  0.97448338236838339  0.97559983812055251  0.97671569095730026
  0.97781156677259562  0.97885871056020535  0.97982338909388156  0.98078852584642218
  0.98178807896977038  0.98277931653721418  0.98376006973463714  0.98463641484396236
  0.98541779313134070  0.98616198314465520  0.98689067851505630  0.98759850059379550
  0.98831932145767010  0.98896768112203182  0.98954436441829108  0.99008427863632698
  0.99060176749997442  0.99111322004390245  0.99162690239691276  0.99216854601914506
  0.99271391181930324  0.99323529642058095  0.99375130157505132  0.99425768598257691
  0.99470063889299765  0.99509917542116577  0.99546132473109428  0.99580466657971178
  0.99617072003371498  0.99654869412144176  0.99695665260580935  0.99748874348482808
  0.99803612267320996  0.99864561065070101  0.99930860116928644  1.00000000000000000
   1.0412745836452346E-007  -1.0000000000000000     
 F F F F F F F F F F F F F F F F F F F F F F F F F F F F F F F F F F F F F F F F F F F F F F F F F F F F F F F F F F F F F F F F
  <DiscreteSampler_grid>
  grouped_processes
  1 # 1 for a reference and 2 for a running grid.
  10 # Attribute 'min_bin_probing_points' of the grid.
  1 # Attribute 'grid_mode' of the grid. 1=='default',2=='initialization'
  0.0000000000000000 # Attribute 'small_contrib_threshold' of the grid.
  0.5000000000000000 # Attribute 'damping_power' of the grid.
 # binID   n_entries weight   weight_sqr   abs_weight
    10   10   1.433286717112993E+002   8.644925919285990E+004   1.433286717112993E+002
  </DiscreteSampler_grid>
