  0.00300594444100521  0.01425334414221310  0.02283435961846828  0.03101973916259195
  0.03957776257667594  0.04870447058238145  0.06092148786597542  0.07646151834871708
  0.09007633329605001  0.10333658139351286  0.11602356231837248  0.12922669137447093
  0.14396015483464036  0.15853145129052901  0.17208692574844506  0.18451083528567641
  0.19626724268087889  0.20894533579249780  0.22154410579764111  0.23227424713019476
  0.24310821705423588  0.25509302615915869  0.26933076391704813  0.28317901250323035
  0.29470620405310388  0.30448698710157784  0.31391011720676815  0.32400969074879937
  0.33460009009017866  0.34504783625746221  0.35523413196017595  0.36640774696502648
  0.37888241270664486  0.39168885754103083  0.40438721030904728  0.41683003848148437
  0.42883792914859065  0.44145215465980125  0.45651436263247269  0.47083385316261051
  0.48327787549690004  0.49488215211594783  0.50608137822702548  0.51594174276574523
  0.52596555645507892  0.53568234771818968  0.54710004516135136  0.55753588521593478
  0.56703411333682463  0.57805908379674265  0.58999980985829370  0.60251518669232773
  0.61373637891581312  0.62384387353967485  0.63466017862871371  0.64629179087175148
  0.65920738251005528  0.67274522240064616  0.68513959776619715  0.69540257117176318
  0.70451368590693220  0.71348227750934989  0.72240223197732367  0.73113157197761425
  0.74018687528153682  0.74648631610349703  0.75446932742352446  0.76288606876093557
  0.77296813006100895  0.78321562002975720  0.79407346728301953  0.80429411879124046
  0.81500901647595470  0.82585974187350364  0.83754057229263812  0.84830861149441494
  0.85748400443604311  0.86627684450638487  0.87435147083341380  0.88022217620186760
  0.88640526067980141  0.89272400200140734  0.90030548550218537  0.90971364033884061
  0.91788563095505116  0.92675921021670804  0.93657538468712920  0.94682313364695481
  0.95469826404621128  0.96184219838345530  0.96906213615008618  0.97565659885862810
  0.98163590765485764  0.98723003943842957  0.99253486426186888  1.00000000000000000
  0.00000734259284870  0.00001175596338040  0.00001462259322700  0.00001819907774713
  0.00002286062783783  0.00002864319081463  0.00003470682001837  0.00004133842903811
  0.00004826115801033  0.00005545178974822  0.00006330281153134  0.00007263686309735
  0.00008325377326356  0.00009344893283967  0.00010355143134454  0.00011352708721266
  0.00012327590608740  0.00013380620658632  0.00014498255794738  0.00015981079723412
  0.00017387437654756  0.00018810036093953  0.00020202458108164  0.00021446458287667
  0.00022625276564667  0.00023868196735358  0.00025279033631007  0.00027208088777632
  0.00029312149974792  0.00031234968195633  0.00032920946397962  0.00034585725893286
  0.00036384386756139  0.00038370224057089  0.00040668320848891  0.00042959186342472
  0.00045350602221816  0.00047661176731976  0.00049912854555101  0.00052430355662521
  0.00055295630547095  0.00057913318631132  0.00060339660579460  0.00062883323851755
  0.00065403444397865  0.00068012606209129  0.00070661397031144  0.00073253308354036
  0.00076521715952694  0.00080105892441797  0.00084101008360564  0.00088629190183702
  0.00093613221104612  0.00099091945338998  0.00105209615259159  0.00112039861464153
  0.00119813943654944  0.00128405164931427  0.00137410188034410  0.00147091179278751
  0.00155994084731600  0.00164414905811358  0.00173733578084987  0.00184749143268409
  0.00196284033496219  0.00208290804917031  0.00222262627476408  0.00237642403196272
  0.00253293150073013  0.00268934865454709  0.00285464202775952  0.00305408558796455
  0.00331632543245054  0.00362331078434754  0.00392978072577404  0.00424723421411129
  0.00454174384251258  0.00484011303554036  0.00515886357444038  0.00558258318474926
  0.00610845493347224  0.00680237672447403  0.00776375968126643  0.00875768772897789
  0.00977895159906139  0.01093333612803082  0.01217661389948012  0.01373333145074389
  0.01616040821875223  0.01909699174268574  0.02327660858446709  0.03053723715258433
  0.06020017484970350  0.30145033402656651  0.59408694302159104  1.00000000000000000
  0.00000715566518420  0.00000750225580067  0.00000774800809189  0.00000804173484467
  0.00000838788850078  0.00000877271376051  0.00000923212881562  0.00000979019694544
  0.00001049179740124  0.00001127950047412  0.00001218314479759  0.00001316783729321
  0.00001415274464777  0.00001512482606366  0.00001610123120431  0.00001722611121412
  0.00001855570447600  0.00001996233618252  0.00002137174310987  0.00002277170178543
  0.00002430881427923  0.00002619463619650  0.00002837405653124  0.00003020639855656
  0.00003247786495244  0.00003448627885604  0.00003672293043227  0.00003948944701098
  0.00004284911663319  0.00004621077795756  0.00004990658869256  0.00005371129298765
  0.00005817728869316  0.00006385041395224  0.00007086373792563  0.00007920801463590
  0.00008707775627795  0.00009517067825587  0.00010302267279758  0.00011012350745254
  0.00011723795018735  0.00012611227752117  0.00013657247979281  0.00014765182268693
  0.00015964733289871  0.00017195873268487  0.00018326862522989  0.00019465587907387
  0.00020658554426067  0.00021942569164130  0.00023935581802382  0.00026400106361211
  0.00029171725525976  0.00032195506044303  0.00035330382986026  0.00038348807752555
  0.00041482431733374  0.00044810709618935  0.00048371577386048  0.00052074543128955
  0.00056143421067243  0.00061005725938964  0.00066967160545085  0.00073126117643744
  0.00079014643222699  0.00085348122168846  0.00093177092539621  0.00103204557352238
  0.00114177506814704  0.00125202784138959  0.00136788846776191  0.00148556878539450
  0.00162408847555050  0.00179379467799188  0.00197573941436006  0.00217967859419056
  0.00243439029627001  0.00284912116165151  0.00323816115495800  0.00350930152727272
  0.00386838709494109  0.00424010071006982  0.00461006698922864  0.00515564749155063
  0.00587245970569329  0.00700019783213320  0.00807694727654624  0.00920972873185161
  0.01034355110794055  0.01209679122071674  0.01432351672139051  0.01744703548431620
  0.02567593082589275  0.04143863098193898  0.06262857747095565  1.00000000000000000
 -0.00241356745276105  0.00874811083097370  0.01793754791178170  0.02925343585575260
  0.04537554350822685  0.06300843731747152  0.07946720342498650  0.09559507457224671
  0.11113790772416338  0.12661777323982382  0.14138864051954947  0.15767039508236472
  0.17574882757680219  0.19615855102616669  0.21569140614036905  0.23315707737036329
  0.24783186466422241  0.26043041190213012  0.27046706278950250  0.27971596463750859
  0.28882216999298482  0.30036612750928698  0.31429297317855531  0.32748143061405044
  0.34029618101983394  0.35366655762308757  0.36769332318155346  0.38069217208918382
  0.39190210868103775  0.40254039773882233  0.41489206438368181  0.42919625934014982
  0.44175695067331217  0.45409217945438385  0.46671524866901415  0.47719280245713691
  0.48536103186218998  0.49368870289799571  0.50212237807331073  0.51067055628115066
  0.51954827431849360  0.52919751541451399  0.53866214562791859  0.54850705436947045
  0.56020223520741841  0.57146788904390600  0.58251966823747126  0.59340248862930367
  0.60065241884509590  0.60773838041836159  0.61559323136276123  0.62302405159361496
  0.63173844743727903  0.64224163647543164  0.65270888312611652  0.66307793909603885
  0.67285184065758874  0.68325104902692191  0.69416511792725932  0.70491855546837068
  0.71536195622465504  0.72562613069262261  0.73696319582445702  0.74778410652793093
  0.75794353635965850  0.76701375737565902  0.77619332905345650  0.78426933388017606
  0.79168339686911138  0.79867187683390928  0.80574014828044593  0.81349732505208527
  0.82237566171530696  0.83146102350779960  0.84013092967035385  0.84900654394253705
  0.85741677441626174  0.86465380624090860  0.87205394833039751  0.87985580496137727
  0.88771287575245916  0.89564877299137113  0.90392880978763601  0.91255302007250361
  0.92020980058170254  0.92683848538326863  0.93378787654247930  0.94088779153171187
  0.94806679494151425  0.95508019363155994  0.96220449158273702  0.96980585659179697
  0.97758011014371060  0.98545622316909753  0.99301955200552128  1.00000000000000000
 -0.00287491960352979  0.01133713758670231  0.02346301244479242  0.03433671266356661
  0.04619284023872528  0.05709904688745009  0.06647212251352559  0.07488467590647443
  0.08381635763308241  0.09373922224993489  0.10301551094228852  0.11189704687843278
  0.12244557121825697  0.13352827280081001  0.14398633747551792  0.15365910742533193
  0.16294884426721076  0.17201702635723251  0.18128689092319145  0.19053360155704063
  0.19947850729012692  0.20903244270617791  0.21944520125137706  0.23164890008453926
  0.24614901614384069  0.25869877448271100  0.27008966822556812  0.28062496118374097
  0.29156326990379711  0.30180088176514602  0.31090002911712644  0.31965248645485511
  0.32852835356010068  0.33864253144504847  0.34777682243754421  0.35547519635707392
  0.36334950960766393  0.37161098336575082  0.38017801822235003  0.39032290326163399
  0.40175869555702526  0.41345861859759225  0.42634785347779808  0.43859737919244068
  0.45042887361579859  0.46174636440517530  0.47227261008679366  0.48224754791057362
  0.49217132317957923  0.50190132633844919  0.51093546797103007  0.51966669850511971
  0.52988097819938085  0.53995373234032207  0.54816881992386823  0.55626940794640245
  0.56588468288933147  0.57800969123871360  0.59078366311139718  0.60228712433417919
  0.61320776867540383  0.62342889510708155  0.63373842875122699  0.64522450468175052
  0.65716145892755873  0.66833286024271443  0.67729320626861389  0.68587419648601644
  0.69436172519163997  0.70399602429444907  0.71655321889269008  0.72866730732107932
  0.74132371725788726  0.75487454019403122  0.76917923875178018  0.78201247302604204
  0.79421655694629067  0.80684323499048594  0.81935697054414558  0.83242145460470340
  0.84460470045430791  0.85568637519569746  0.86366122003552237  0.87129395663439047
  0.87967399226392096  0.88742133814032009  0.89601466864047763  0.90623149768757172
  0.91659743199346388  0.92787540988935258  0.93887254693654743  0.94979108545423985
  0.96079746566026558  0.97368149050568520  0.98664504535508413  1.00000000000000000
 -0.00237619042921350  0.01170419560466007  0.02247655309319892  0.03335980608553726
  0.04501526424219244  0.05626157968542780  0.06756280584764335  0.07887430653661814
  0.08942709187084781  0.09979614102339492  0.10951334338210962  0.11954490834896593
  0.12925998283296627  0.13821420569457937  0.14716528544764002  0.15699702127938703
  0.16718794363813541  0.17636726484909235  0.18489519356670278  0.19386365857496696
  0.20478158358727080  0.21599315737572647  0.22630505894535466  0.23604350764050552
  0.24598655747295334  0.25663340173531102  0.26687858220689142  0.27869660651326611
  0.29018776378450534  0.30228049096059390  0.31461083557451458  0.32676357797971312
  0.33868428404531153  0.35017753239484539  0.36133900910742522  0.37291752437372777
  0.38618996948766682  0.39991076886826160  0.41312800911836683  0.42505234093216460
  0.43599827962429077  0.44475438167765291  0.45428880725329002  0.46548776863940194
  0.47387859340300137  0.48196953371472540  0.49030115003140518  0.49986083326556480
  0.51019794936838325  0.52051573255683181  0.53112404074252717  0.54134976135343027
  0.55158690150881573  0.56293092307030690  0.57479645921332767  0.58596562455594492
  0.59624435538154974  0.60644069875557560  0.61742785457869420  0.62930879606322054
  0.64128612659600026  0.65229181901593936  0.66297307404235284  0.67578931990569369
  0.68778790916107568  0.69937306475378336  0.71012711761374281  0.72027886591285517
  0.72995473839593594  0.73924908494310393  0.74945071348619741  0.75894116460167249
  0.76784105118836066  0.77574753577418021  0.78410104211256182  0.79304624260941925
  0.80149039234675079  0.81353179761463468  0.82692802945545429  0.83968648738408902
  0.84981481768581613  0.85951654523813947  0.86864475017203024  0.87812095471979590
  0.88969627467152645  0.90169767501522657  0.91138806152620755  0.91880759007219737
  0.92728214026360700  0.93559412638558592  0.94395377324883356  0.95491224185899393
  0.96584166107126102  0.97784681496860137  0.98889097111747415  1.00000000000000000
 -0.00040667889568486  0.00279546474500723  0.00568197324238636  0.00841670759885331
  0.01112709236243111  0.01383021653175402  0.01616804971723568  0.01811290649046224
  0.02009901976871822  0.02211777630036211  0.02413970886827355  0.02622549539653982
  0.02849779133900093  0.03096307625551397  0.03332306298888995  0.03530360942287010
  0.03719733134233968  0.03894439910313417  0.04075701637539712  0.04249923786503906
  0.04425565987344384  0.04590310944525094  0.04757414568921769  0.04929207607623759
  0.05105286310606511  0.05283647694389763  0.05466176346429148  0.05650459010583958
  0.05839801028955030  0.06059320671109328  0.06269583895852411  0.06467325858625425
  0.06651184580106201  0.06830922063243558  0.07018286143703391  0.07229774933462625
  0.07446110277440851  0.07611553291303964  0.07774619003470419  0.07935654006549596
  0.08095820049187089  0.08263401122527046  0.08447793566571293  0.08643775398486225
  0.08832584607540517  0.09020523982839923  0.09266925811047612  0.09537656380859179
  0.09783344791900071  0.10032902041133020  0.10307498323515750  0.10583025613120135
  0.10819807118939585  0.11027171545234297  0.11237935878113466  0.11463993892190839
  0.11684920079969985  0.11892578497143481  0.12105470664067811  0.12325144405857923
  0.12563461296958364  0.12831073790807510  0.13105396498611557  0.13336201029157357
  0.13586525034192631  0.13843220404852719  0.14106356640857126  0.14404157839707565
  0.14726829064021987  0.15053316058173158  0.15413386470026272  0.15830678709752774
  0.16178289802706469  0.16721694780766724  0.17967158299912930  0.18914388592903170
  0.19505604813419358  0.20143231185455682  0.21088777931771055  0.22201660672334564
  0.23431880658924778  0.24358896305754296  0.24969780837795241  0.25514553643606747
  0.26022092508676786  0.26837070587925554  0.27761367572999612  0.28222652871233239
  0.28762989407812461  0.29315585081870671  0.31199576768589948  0.34941922648980661
  0.39902321518830214  0.44630297076472636  0.52271375833299316  1.00000000000000000
 -0.00281409940716359  0.01100224532866625  0.02490042211171902  0.04423709739558078
  0.06375133408192898  0.07864726220871275  0.09443938510217370  0.10931571082432832
  0.12197649292178485  0.13312906373643144  0.14384567684450644  0.15559556752908818
  0.17055774931913981  0.18429198274238648  0.19766071043720532  0.20979200847472232
  0.21985671707538462  0.23019737933977122  0.24163504108945655  0.25337943759441905
  0.26348433506103691  0.27337703526901569  0.28437139569817210  0.29590915593428513
  0.30697234095968945  0.31735899005968987  0.32804020122207100  0.33945961825680748
  0.35101996629084792  0.36280566337616132  0.37400842897580178  0.38301187486488542
  0.39095009191457675  0.39837240696875648  0.40513776857562239  0.41224394874224091
  0.41987785465166921  0.42705711080874786  0.43354483367722296  0.43977177190809852
  0.44616516552771418  0.45307328134210634  0.46066704729477154  0.46740466051478968
  0.47414284398025669  0.48061051107457614  0.48724810691501652  0.49405234073613447
  0.50087230677907535  0.50801011913769067  0.51458658548698433  0.52187423768352126
  0.52851293645186004  0.53536576576438299  0.54207555349533065  0.54802565784487134
  0.55384810076652780  0.55954391474644238  0.56536926430129630  0.57247503979672698
  0.58016810435791832  0.58793486799952854  0.59501642868767080  0.60202694347844177
  0.61090705333923223  0.62027211851839781  0.63027866751772066  0.63967914019984606
  0.64922808713924640  0.65976508274346135  0.67049075622559284  0.68145294701230330
  0.69224273616771881  0.70079446666098177  0.70924527835930562  0.71775511066637843
  0.72678642309049135  0.73899385458093114  0.75365093395005978  0.76731779917239329
  0.78066705039893403  0.79423515147148338  0.80717304526321121  0.81884496244249427
  0.82917616778698877  0.83938205254373355  0.84986019745396235  0.86166290733230222
  0.87516390230221852  0.89039442271525415  0.90811960830293159  0.92855345803810041
  0.94862691670578703  0.96654483470084174  0.98317497330326609  1.00000000000000000
  0.47923628178379424  0.65361426905448183  0.70892866210550620  0.75081768266105109
  0.78179106530018860  0.80739219007091212  0.82872770119557859  0.84731154308220225
  0.86326673308188795  0.87708323939179478  0.88879972103233418  0.89868203746379061
  0.90692781136051281  0.91430122574763983  0.92091925893662407  0.92679285825011282
  0.93217176278606806  0.93692241132647380  0.94073550914302340  0.94428188692097181
  0.94789754335286758  0.95129177246801966  0.95448239618207509  0.95742621784987381
  0.95975482601958306  0.96181044392513004  0.96376023156942348  0.96567685176841789
  0.96754958683900560  0.96922757832105388  0.97074725744767421  0.97214672294700821
  0.97348661533697611  0.97476335126292646  0.97598769374992622  0.97714232660599931
  0.97826830011871502  0.97935384967876804  0.98033544207818213  0.98123811760373081
  0.98208106591683719  0.98289588299928610  0.98372407506972981  0.98455172384048184
  0.98533693583236515  0.98608692101937234  0.98675156068682124  0.98735682672056735
  0.98795234868349091  0.98850885890143114  0.98905736059258975  0.98965668571013354
  0.99024625756741624  0.99082229305924718  0.99137813710185174  0.99187608177635855
  0.99231063813445586  0.99272461943835055  0.99310733308867727  0.99346372825950036
  0.99378662312304289  0.99408463309088613  0.99437457316972455  0.99463860941620574
  0.99490624843489306  0.99516800013199602  0.99541666942962259  0.99566335043184140
  0.99589937328514000  0.99612375282867183  0.99635749502305371  0.99658187543109600
  0.99679563348747635  0.99701465545319334  0.99719959342954123  0.99734658249590002
  0.99749260318833255  0.99762608492653759  0.99774905985522577  0.99787246634769589
  0.99799929749833538  0.99811848790544488  0.99822363276280723  0.99832379962016149
  0.99844274818515011  0.99856998786450324  0.99870138346814674  0.99882881441213212
  0.99895747626538445  0.99908320746286805  0.99920244492499077  0.99932655668024395
  0.99945980182502481  0.99960633943349431  0.99978199998147699  1.00000000000000000
   2.1616416868202858E-006  -1.0000000000000000     
 F F F F F F F F F F F F F F F F F F F F F F F F F F F F F F F F F F F F F F F F F F F F F F F F F F F F F F F F F F F F F F F F
  <DiscreteSampler_grid>
  grouped_processes
  1 # 1 for a reference and 2 for a running grid.
  10 # Attribute 'min_bin_probing_points' of the grid.
  1 # Attribute 'grid_mode' of the grid. 1=='default',2=='initialization'
  0.0000000000000000 # Attribute 'small_contrib_threshold' of the grid.
  0.5000000000000000 # Attribute 'damping_power' of the grid.
 # binID   n_entries weight   weight_sqr   abs_weight
    10   10   4.170462506036311E+003   1.446865868168247E+008   4.170462506036311E+003
  </DiscreteSampler_grid>
