  0.00389901658792386  0.00788453264223254  0.01370558877784751  0.02034721351046164
  0.02743857728031229  0.03482246129118533  0.04268338863771862  0.05092081308761968
  0.05886760428308885  0.06654996916090503  0.07407825092217792  0.08132911515514193
  0.08948433165573053  0.09813472508253121  0.10734984347388822  0.11696574832183733
  0.12647571518913975  0.13681931924082225  0.14684287026721754  0.15762947275948053
  0.16812642388834587  0.17830703576495657  0.18874375609807725  0.19892562774759853
  0.20929522770940467  0.21993452531724075  0.23126974211027243  0.24321411515627461
  0.25504058885118869  0.26642068427698234  0.27753766160626375  0.28832652085608707
  0.29975466391032668  0.31161738605453010  0.32356230991061963  0.33528885131194491
  0.34688845456058265  0.35795341499064909  0.36937163089275843  0.38057292014773081
  0.39124091529360011  0.40105316944230124  0.41056746986434328  0.42020245390817901
  0.43043723528122174  0.44078522637585288  0.45186779185522014  0.46319297050979091
  0.47469096578564629  0.48623783303211121  0.49735004221039752  0.50883007050395046
  0.52132133503438582  0.53384247340702684  0.54558097663527583  0.55626396291013491
  0.56652074607731795  0.57723828804385446  0.58869690659127871  0.60088013087632464
  0.61298350733893525  0.62474059493787792  0.63677048929668068  0.64854293427804055
  0.65955187798344983  0.67024133200203073  0.68121574614970370  0.69219650956814816
  0.70278219642368422  0.71346688395628632  0.72470678728786309  0.73577787079473989
  0.74592194948224011  0.75585154606087690  0.76597129745676329  0.77625988985798411
  0.78635945640172455  0.79677454240902501  0.80725813144850289  0.81753947470384047
  0.82788117171796349  0.83890650598313665  0.85034721469212871  0.86182508598023466
  0.87318286893058550  0.88423872644810730  0.89478245522111866  0.90566867819765595
  0.91705094358683148  0.92932214017269665  0.94196316720356865  0.95498614043073837
  0.96718238417751623  0.97862871763144144  0.98932806070913115  1.00000000000000000
  0.00336980206164259  0.00407883440065693  0.00442519701786276  0.00473320840405726
  0.00513306366768436  0.00591251631926157  0.00665122326173095  0.00729457085831054
  0.00790903185998534  0.00849902752815064  0.00907828715412228  0.00965392843699763
  0.01024466453203419  0.01085946349463590  0.01149669878858836  0.01215900101466739
  0.01284144166012035  0.01350982084570895  0.01414801404004252  0.01476313490176301
  0.01536540765547905  0.01598049957245518  0.01659283723988374  0.01723805625878974
  0.01789915283149668  0.01858547804069113  0.01930099402184801  0.02004862360463196
  0.02077976847134897  0.02148432765289951  0.02217754881266072  0.02288601968366119
  0.02363231891693565  0.02441086413691867  0.02521853517621637  0.02603032833820944
  0.02691310555212563  0.02782441476342543  0.02876324315472114  0.02974873462843539
  0.03077606522783000  0.03183855202866111  0.03291935260899666  0.03400028865879395
  0.03511265053683224  0.03619450950181230  0.03713950276431625  0.03815611834821887
  0.03920694821372932  0.04040111437948538  0.04165841738715740  0.04296727563805319
  0.04436510152989401  0.04588342708113019  0.04758983438922430  0.04943117065550637
  0.05119490383905343  0.05285085174915413  0.05447650865293903  0.05621183139784247
  0.05801173213133735  0.05952826281797263  0.06084037302610398  0.06220751371493575
  0.06372412701070446  0.06551051383522451  0.06743607120625471  0.06942096136172235
  0.07137243911603322  0.07331010621429210  0.07538707744411038  0.07772735049434343
  0.08076948609506415  0.08411547332714828  0.08892659857187993  0.09323793810024204
  0.09589426864439983  0.09848203207790646  0.10137395970264976  0.10435725259926665
  0.10725019700834913  0.11002939420686018  0.11288561734427993  0.11585191632586267
  0.11916847603215491  0.12405955670348831  0.12988523270661351  0.13762167899546862
  0.14617620345719617  0.15554150875312983  0.16744663690611516  0.17630629559395819
  0.18756489466271556  0.20155286835034125  0.21939885455586827  1.00000000000000000
  0.00008417320894898  0.00008802136012462  0.00009178868797307  0.00009559075254044
  0.00009919454337661  0.00010314053005121  0.00010707222635390  0.00011109709143249
  0.00011569329815913  0.00012078130819817  0.00012610513675879  0.00013147987276723
  0.00013708533479712  0.00014275161836235  0.00014873985145589  0.00015505567293957
  0.00016177515272156  0.00016892175088826  0.00017672221219735  0.00018637606495882
  0.00019612925181533  0.00020592916315123  0.00021602533031742  0.00022671358591403
  0.00023815923270949  0.00025044761644730  0.00026371390667918  0.00027787314786173
  0.00029223047902890  0.00030786746649786  0.00032431841839239  0.00034125627939668
  0.00035851937822124  0.00037585310458312  0.00039372074606233  0.00041322540271484
  0.00043463857462990  0.00045765549253846  0.00048320757796835  0.00051025952591935
  0.00053912942731984  0.00056993606555518  0.00060319853932503  0.00063829903498291
  0.00067178465428349  0.00070581897352155  0.00074130574067523  0.00078021590180364
  0.00082233786138257  0.00086527830701561  0.00091067816572538  0.00096680120916967
  0.00102835544550273  0.00109094830701726  0.00115575771155408  0.00122664509963466
  0.00129850411780181  0.00137665842577839  0.00145634980400561  0.00155917180289405
  0.00166928756911730  0.00179206449394070  0.00191628349407256  0.00204614691257021
  0.00217929157490827  0.00232227459931570  0.00249136762226955  0.00269065911357136
  0.00292528363100214  0.00318235657440566  0.00347624086108914  0.00380356381752170
  0.00420581632377378  0.00470096698086300  0.00524195210969987  0.00581518250528542
  0.00644753526389194  0.00712425739130994  0.00786272347453318  0.00872719617186076
  0.00978832362436948  0.01098257970005044  0.01229397748311052  0.01385667322897646
  0.01554170787283106  0.01746605671072215  0.02002973995331185  0.02348340390709978
  0.02730306313761071  0.03229773814239183  0.03861694749497448  0.04676592391870672
  0.05941921332312830  0.10592839783793179  0.38143462921013760  1.00000000000000000
 -0.00408703618824388  0.02232044594438840  0.04230335102733877  0.06031568867743556
  0.07697998875519931  0.09332803822105801  0.10916860731213802  0.12323088479552821
  0.13611795813074798  0.14916750050725883  0.16341514690721132  0.18010485413913085
  0.19681753886090916  0.21216485612464708  0.22721977097783821  0.24178621662993557
  0.25566699517997177  0.26886753345177178  0.28204024307300596  0.29439243835398654
  0.30511502549918551  0.31585048285874551  0.32715796628690785  0.33883056514108956
  0.34987963397532712  0.36109553795298260  0.37228699769284418  0.38295151988024428
  0.39398305853868870  0.40515742869706423  0.41622012085940352  0.42689130488963084
  0.43763180789394568  0.44867580222400866  0.45952110763018733  0.46990491598402429
  0.48036013038027692  0.49124446224425383  0.50254896784047964  0.51361012578652332
  0.52405612455980854  0.53400394675503937  0.54410030339516735  0.55461617254856488
  0.56528243286824797  0.57570209045741616  0.58542338165806063  0.59439525516861236
  0.60281614943982831  0.61115621079305305  0.62005021227033608  0.62906728015965041
  0.63702689715039418  0.64492319183648339  0.65297424931974002  0.66128867532139579
  0.66981787014059202  0.67830406795771903  0.68676704181800119  0.69483710700478796
  0.70278496917315714  0.71096882512712178  0.71926885906925242  0.72764364122897074
  0.73594037538269386  0.74376546853198100  0.75183231233322623  0.76039614911322762
  0.76920279333751318  0.77815818576312101  0.78735799094334580  0.79681024082854379
  0.80618815904650110  0.81529867577067605  0.82398330307211687  0.83257445094334193
  0.84131871647058309  0.84971491199217897  0.85778550330612069  0.86559874000500048
  0.87400957485011010  0.88270098164075161  0.89166535460505070  0.90042224785167668
  0.90903558493913905  0.91773675889945938  0.92687685540147036  0.93530367468237707
  0.94310857459234554  0.95072402242018261  0.95848420555860925  0.96682456578019593
  0.97553571227306823  0.98390874554046603  0.99194312921479100  1.00000000000000000
 -0.00219837818615756  0.00870447271513956  0.01905294577059354  0.02969751950482891
  0.04021471537005383  0.05044920107183186  0.06025249657815127  0.07037432368992390
  0.08062267237573856  0.09136448981858888  0.10275901782006157  0.11391239625153793
  0.12431462039880982  0.13400382898618016  0.14354313388737455  0.15349474571768004
  0.16356066823351292  0.17423186391435161  0.18594558156360250  0.19805314987443354
  0.21025491635357796  0.22252623616337630  0.23443123155712714  0.24580959621940637
  0.25675462740238697  0.26725166131321632  0.27760096707441445  0.28764575516701141
  0.29779497856259846  0.30776584556643455  0.31769458354998575  0.32798663188017940
  0.33887129843797703  0.35021850808859789  0.36108852922575274  0.37198732323295364
  0.38365729797936593  0.39541786758719993  0.40656690725768452  0.41719510702678914
  0.42804350317427986  0.43867614994629672  0.44860139532306226  0.45810001146961821
  0.46777926161710687  0.47746492857997458  0.48738296154379035  0.49705032540025557
  0.50847898051561990  0.52021768125634571  0.53144831591208674  0.54179614140658916
  0.55236370148894576  0.56292965433631204  0.57424319248597777  0.58588416675321853
  0.59825644899371533  0.60982106980768580  0.62062522089520822  0.63156341573904395
  0.64253984866951497  0.65285610249245796  0.66247376920723955  0.67206498457798303
  0.68224712066491999  0.69201713345084426  0.70117729324205480  0.70990121295307784
  0.71927309577038445  0.72799447579913124  0.73624042726487338  0.74404760430782757
  0.75281220159197537  0.76318605303419196  0.77381493959228531  0.78456551177479350
  0.79510939958175808  0.80594613692243866  0.81716833924981169  0.82891465242326534
  0.84096877569044082  0.85325575511318674  0.86522176100722026  0.87583862181708294
  0.88531295209000183  0.89480805127608798  0.90466212391532896  0.91505512581436310
  0.92476108612801011  0.93406577257626822  0.94364126013192529  0.95423001524759177
  0.96579824419946392  0.97742264864621209  0.98864495110138217  1.00000000000000000
 -0.00316643342766130  0.01342574665338106  0.02642522448799497  0.03990418870643097
  0.05395641378896550  0.06946719085782242  0.08544729877661197  0.10157960280777119
  0.11822199522672551  0.13542615422752730  0.15322233732100943  0.17170841640922643
  0.19049284415461615  0.20945643224639790  0.22730897312868217  0.24455636657416813
  0.26212536834350553  0.27937995228707624  0.29636083165679750  0.31343895195650501
  0.33103044738880510  0.34852193381671165  0.36489607528281548  0.38180652046687014
  0.39902852291170054  0.41515302365581247  0.43104082971279400  0.44664296587876307
  0.46148746965983600  0.47583900333979223  0.49061483552070845  0.50566011990361392
  0.52079044653325324  0.53598129276964812  0.55079508745835115  0.56512522636994633
  0.57929401936124536  0.59250622747858961  0.60482280773505925  0.61673556071271340
  0.62875395912725285  0.63960882186859347  0.65011853121564389  0.66125492338842595
  0.67281116355154236  0.68442501031221659  0.69560359409394656  0.70634944536358490
  0.71653207144374320  0.72631926828062054  0.73575166852983409  0.74468977802519076
  0.75367211255530908  0.76292622051482861  0.77235349657645136  0.78212096946025988
  0.79173490030272564  0.80134928336604672  0.81051025144223710  0.81888377634321752
  0.82669816060323120  0.83453551344826926  0.84225669048676222  0.84990811430404989
  0.85716048580135340  0.86382311724191008  0.87021396217242730  0.87645851000699093
  0.88274899737179469  0.88908367795809828  0.89521982448287307  0.90180761282362620
  0.90805743589558163  0.91375122519033303  0.91980898305424852  0.92601468146578025
  0.93203075785812650  0.93754164677467211  0.94250782830689672  0.94724696287397780
  0.95200357431274207  0.95680488638861172  0.96055575920926550  0.96392150365667695
  0.96718588548698448  0.97027650595116754  0.97340935917031168  0.97666356529733400
  0.98000712145719748  0.98313783182510872  0.98634111937992808  0.98946902374663581
  0.99242832035602213  0.99508345209063731  0.99754237030637738  1.00000000000000000
 -0.00225803596963311  0.00884199228121109  0.01905506284256510  0.02903453228749218
  0.03888426146021933  0.04888284973730508  0.05868086029441790  0.06830194138706197
  0.07827665226897822  0.08973344070292080  0.10240717961852500  0.11421624680615533
  0.12547873329434062  0.13700490058468764  0.14822262273124126  0.15887953164397248
  0.16997965386518604  0.18135261698010446  0.19268784217681667  0.20396211763129779
  0.21599555423243127  0.22763300460515512  0.23870037350030610  0.24908935375230473
  0.25872355521042145  0.26773177725162001  0.27683097230256970  0.28523155772006148
  0.29335899246488339  0.30148046384808730  0.31005970119278897  0.32014986297498460
  0.33145415949510554  0.34317320696352754  0.35456086350202276  0.36534743583946344
  0.37569683731826364  0.38558870862429223  0.39535014666685858  0.40494370546530467
  0.41432342713741888  0.42340243404838446  0.43234988714969774  0.44152495625162202
  0.45154115925617921  0.46163688562366628  0.47220794906383678  0.48223003192963543
  0.49256357701703168  0.50299653492818197  0.51372878293008140  0.52424161918938572
  0.53465410378319211  0.54527732653879690  0.55597284031216876  0.56669229098737151
  0.57730010119932973  0.58830692825704978  0.60045986834443321  0.61335524806194364
  0.62590075222261510  0.63744607750834070  0.64865790631646569  0.66008735898517767
  0.67129099903721312  0.68176824514567602  0.69198607665343692  0.70268081018766182
  0.71335302253195620  0.72424082220417674  0.73557873776033511  0.74689449252458395
  0.75806842057603585  0.76895697736889390  0.77938333078918387  0.78950453888630701
  0.79992391207215208  0.81066454388774156  0.82141087289747339  0.83218348806825637
  0.84327279651204934  0.85442073532243801  0.86523899216044931  0.87584980063921680
  0.88647980017795558  0.89702561658957203  0.90712042648797475  0.91704351541570561
  0.92718614856285186  0.93718680741564298  0.94702522792658506  0.95678701867331284
  0.96724566735967277  0.97845747599977317  0.98908201467698087  1.00000000000000000
 -0.00290468892682985  0.00936675060442401  0.01995596030535336  0.03017466535165184
  0.04068977545867280  0.05189375400345444  0.06370294873503882  0.07522908055400945
  0.08636490708519608  0.09770538091724867  0.10894245199367378  0.11941290711865896
  0.12902842021815189  0.13831717960084164  0.14772955666466250  0.15695148497344683
  0.16614411048449268  0.17583757833746133  0.18576087069786412  0.19572657069118171
  0.20571010785026445  0.21681306499128311  0.22831703439785409  0.24067349379976297
  0.25370772010247139  0.26698019677480733  0.27889895591742592  0.29028983920912377
  0.30112770396013455  0.31184523016289739  0.32122798894117549  0.33001904800496434
  0.33879120930921602  0.34870859572499557  0.35790650041656791  0.36663902045675456
  0.37561229437197835  0.38502882290909529  0.39465631743805896  0.40437514420920390
  0.41423955468443718  0.42500202848899560  0.43621807726656725  0.44688489528983572
  0.45740870151763063  0.46780100139423364  0.47787755312185076  0.48787935202301203
  0.49795551877728206  0.50780812577040435  0.51729631524954756  0.52667389795679243
  0.53679962352263810  0.54777800643555619  0.55885543349707345  0.56955821294280007
  0.58007332091657826  0.59127685062014890  0.60320203920272597  0.61531758425912930
  0.62772699900933315  0.64000512591357628  0.65198136726894818  0.66351008607214201
  0.67503002708320792  0.68672616599516401  0.69767036613647149  0.70732013599291599
  0.71652321806103669  0.72573598905947390  0.73535444848397058  0.74567395549464577
  0.75606072291936732  0.76792573176769396  0.77987131089718820  0.79192893078004212
  0.80329331397896675  0.81376703828100438  0.82303132400654677  0.83188057291070860
  0.84056459824044993  0.84915487428796177  0.85796883819840020  0.86661422351095574
  0.87483656225686834  0.88405537328762429  0.89434303819115424  0.90537182462611487
  0.91677603628243032  0.92809396617362450  0.93990422799170537  0.95105103463669272
  0.96332079231479772  0.97508256662998793  0.98741051789398093  1.00000000000000000
  0.50381142320752326  0.55324104439063759  0.58637942414597488  0.60641069732571795
  0.62394401031697300  0.64177005634128803  0.66015105401837926  0.67774770621127667
  0.69354936666974576  0.70745414677940632  0.72040600561344381  0.73298365672010346
  0.74420472235813406  0.75442397680764672  0.76403815143696840  0.77338032650774802
  0.78186287104466834  0.78901754123578360  0.79563981577033727  0.80222266042857515
  0.80897142645939890  0.81517091974954869  0.82080751656845286  0.82622014669466537
  0.83158035055110802  0.83685689578641831  0.84218589807979638  0.84732648238787012
  0.85224381496345825  0.85685918455046328  0.86143735052648651  0.86590262638547644
  0.87006145447472738  0.87387912651202104  0.87743908551336225  0.88077886665103444
  0.88405536435967180  0.88731880991166057  0.89056791243206823  0.89381597414490510
  0.89699534267379666  0.90005917043988604  0.90308414547379967  0.90601632350005368
  0.90880076484707661  0.91139210928711445  0.91399404715447141  0.91646641088085179
  0.91886395232596629  0.92107795481924237  0.92321784412224739  0.92534371129429160
  0.92747262475789483  0.92961469811742514  0.93179705476894736  0.93401234291232837
  0.93618485251843564  0.93821858266187297  0.94006259599880948  0.94178986743636839
  0.94353165879211953  0.94523145751852256  0.94691169281350362  0.94858848391383055
  0.95016427449515584  0.95169523090543851  0.95319322842354937  0.95466820988707102
  0.95615832351336283  0.95769711938452751  0.95916712065670351  0.96061647883951939
  0.96204069449508034  0.96343172894554463  0.96486119342090748  0.96624359749503885
  0.96761490739915590  0.96897671670762475  0.97033442119926872  0.97167911419784136
  0.97296754139816199  0.97425996096878797  0.97552740155506013  0.97683945052781429
  0.97821087176714594  0.97961154443688059  0.98111132963454895  0.98252421120004962
  0.98399400803771653  0.98547705272711117  0.98698756391057352  0.98863898991919263
  0.99043381668150565  0.99243605597174500  0.99505744451852884  1.00000000000000000
   1.3819323581146694E-009  -1.0000000000000000     
 F F F F F F F F F F F F F F F F F F F F F F F F F F F F F F F F F F F F F F F F F F F F F F F F F F F F F F F F F F F F F F F F
  <DiscreteSampler_grid>
  grouped_processes
  1 # 1 for a reference and 2 for a running grid.
  10 # Attribute 'min_bin_probing_points' of the grid.
  1 # Attribute 'grid_mode' of the grid. 1=='default',2=='initialization'
  0.0000000000000000 # Attribute 'small_contrib_threshold' of the grid.
  0.5000000000000000 # Attribute 'damping_power' of the grid.
 # binID   n_entries weight   weight_sqr   abs_weight
    10   10   1.464601541593226E+001   1.726124172105464E+003   1.464601541593226E+001
  </DiscreteSampler_grid>
