  0.00274259790461515  0.01192652117990594  0.02046223168852774  0.02888093696582626
  0.03726889113723156  0.04513836337549268  0.05502547578034302  0.06510768778761684
  0.07615650959419751  0.08771764864386897  0.09873863037938431  0.11041277632969669
  0.12251799192036289  0.13380672249132830  0.14460272343344732  0.15545197575626429
  0.16853468256780940  0.18248286008173054  0.19592362467074073  0.20865356929840914
  0.22050686777523293  0.23202832380209348  0.24370945391684073  0.25552229942598886
  0.26758679331251667  0.27990412402225795  0.29162714583299482  0.30163213057358851
  0.31044306435084157  0.31885206519383769  0.32771272067940443  0.33711280264812438
  0.34679802796379561  0.35783622555910605  0.37066192531628905  0.38486424023718824
  0.39868488255030948  0.41018050776205034  0.42006118427623912  0.43021330476065484
  0.44091589481893312  0.45193904344414443  0.46309507642072290  0.47550442553679667
  0.48832289793999861  0.50010071415982382  0.50959550688640087  0.51955401012614422
  0.52854096479295276  0.53644461385646958  0.54512764631537258  0.55432459388702271
  0.56651618935473891  0.57989897422452585  0.59170395111850382  0.60195897328849979
  0.61095706909642844  0.61941363367385671  0.62702082894264388  0.63145182412787038
  0.63546627635116937  0.63968208317081454  0.64421192932447435  0.64984367533894360
  0.66016736613643057  0.67297745272660958  0.68570074547507875  0.69803580724962588
  0.71052471354174662  0.72269032057166716  0.73322811517101438  0.74208604416993618
  0.75046623574116311  0.75987487013232935  0.77122526383413526  0.78189095020402510
  0.79212456638594109  0.80281489774566350  0.81426178168756969  0.82337581955605588
  0.83419385841074301  0.84498744221611799  0.85460984273832985  0.86429061332380586
  0.87558271712759728  0.88807541731516970  0.90142966484287024  0.91434143597845663
  0.92748742534926887  0.94155758876632467  0.95633495257618673  0.96939776925395083
  0.97892863902808358  0.98671994503770455  0.99218294505366156  1.00000000000000000
  0.00000832264173054  0.00000847636100525  0.00000860954086432  0.00000877585462307
  0.00000898111767298  0.00000916720272934  0.00000934816994254  0.00000953209275193
  0.00000973558765259  0.00000996884738321  0.00001024448102841  0.00001054218273500
  0.00001085125479455  0.00001117017898632  0.00001151169312869  0.00001188892067054
  0.00001232326187997  0.00001287979012363  0.00001352802977517  0.00001425916811338
  0.00001492853012833  0.00001563467697194  0.00001632566392439  0.00001700235584579
  0.00001764789890672  0.00001834739032289  0.00001919381353535  0.00002021564463102
  0.00002133738332109  0.00002255614777305  0.00002386788511580  0.00002526424596253
  0.00002680231401314  0.00002856939983775  0.00003057578453347  0.00003269202888735
  0.00003481182955180  0.00003695175168395  0.00003927071978973  0.00004202343516498
  0.00004532338515563  0.00004905031324265  0.00005290638497375  0.00005685539596479
  0.00006091806652262  0.00006529487052156  0.00007053678144177  0.00007671714666913
  0.00008361746799131  0.00009050005423584  0.00009728536713740  0.00010459231568666
  0.00011286478697515  0.00012234045087399  0.00013526554048956  0.00015128473921089
  0.00016913776939115  0.00018555613843121  0.00019849601184914  0.00021114369660276
  0.00022467178924885  0.00023876381882422  0.00025273900275952  0.00027229057142847
  0.00030106575814828  0.00033271955128314  0.00036474413455322  0.00040987155679136
  0.00046690984304026  0.00053271667080438  0.00060501925234450  0.00068842309483754
  0.00077849827466170  0.00087604714100915  0.00097959522500911  0.00109788900989343
  0.00124033679679919  0.00140884469525541  0.00161499429913329  0.00184598728854972
  0.00213587689479704  0.00248603726751573  0.00290835596388611  0.00340621298840268
  0.00407785464735492  0.00493223718589693  0.00591725816025273  0.00715800501377820
  0.00880298760581328  0.01117243371839039  0.01509339532168884  0.02299601706839764
  0.04045654076051752  0.12426568107666255  0.61671504131119448  1.00000000000000000
  0.00000432823853639  0.00001157405539234  0.00002053273047812  0.00003300102574918
  0.00005048114365451  0.00007161025915971  0.00010144903984091  0.00014795544449406
  0.00020068439985211  0.00026081810093941  0.00032936612268517  0.00041078784587789
  0.00049978717435583  0.00059650192365216  0.00069468857423489  0.00080799889971189
  0.00093456081277321  0.00106134027681310  0.00119130947139346  0.00133447995549288
  0.00148360853659476  0.00163410404386724  0.00178666796277583  0.00194307005053455
  0.00209593706144331  0.00227719857387761  0.00248546994839415  0.00275157171923726
  0.00303476091569912  0.00331267625289340  0.00359317051726614  0.00388507130135316
  0.00415391029986710  0.00439357565380500  0.00464391128067835  0.00493028841569827
  0.00522467501384446  0.00548903284124989  0.00576270326224279  0.00612571626287285
  0.00657499808525873  0.00702321170820172  0.00741423128820739  0.00781393366694779
  0.00819204084885805  0.00853170182744202  0.00884546510843806  0.00923136334160249
  0.00971072432167856  0.01022959769633758  0.01055238037381668  0.01086677493544880
  0.01125493038471365  0.01175114453772609  0.01225818624890660  0.01278473619523778
  0.01322680079384016  0.01368372223869799  0.01415629131100037  0.01481565654183302
  0.01549772223797473  0.01675087087968913  0.01797185194817166  0.01913801041853048
  0.02058189157666097  0.02229320293968169  0.02388528574730149  0.02508826000112538
  0.02613350487438337  0.02715460787881713  0.02870880124120192  0.03032098798001375
  0.03199953109914150  0.03324549762997399  0.03438755617055243  0.03511187479998586
  0.03560170749090508  0.03608434613051396  0.03656845297224071  0.03717174590328436
  0.03765583208417130  0.03851165244953904  0.03995250108157063  0.04197662122449908
  0.04326496826912208  0.04454339223940455  0.04573521618376548  0.04676743345787011
  0.04801026727617209  0.04908878372073063  0.04976864654251723  0.05044850936430382
  0.11354158691526459  0.18558031419086937  0.25529842219651577  1.00000000000000000
 -0.00071297485269919  0.00407218075529148  0.00916335763898856  0.01515334796906658
  0.02221054940921698  0.02889582161002343  0.03539320672776526  0.04249706926181806
  0.05078082149087635  0.05889566048426135  0.06551836689291041  0.07200817315146406
  0.07870180062512404  0.08548814755538196  0.09440065011442134  0.10366375402310865
  0.11248646530213027  0.12161916992048477  0.13012204071210023  0.13801711991500862
  0.14669974654558945  0.15594532737880515  0.16553070711006834  0.17508995381919107
  0.18436365981651087  0.19346162403163364  0.20220984310574908  0.21030225650750006
  0.21812286844857959  0.22499862585481886  0.23203737756535828  0.23937563950343466
  0.24778310577752061  0.25693889406300569  0.26553343957770925  0.27416737717928163
  0.28307724814784868  0.29233282765711821  0.30220973950456087  0.31211250991676082
  0.32266721562273620  0.33360477778202863  0.34444276230409454  0.35535764898123351
  0.36589044494028100  0.37636834183454276  0.38665457358147953  0.39633145790718416
  0.40533911015522117  0.41386011824719177  0.42230048177622248  0.43131161870519569
  0.44014539840149436  0.44840210542528108  0.45725245734258163  0.46717429074819089
  0.47707042851683706  0.48599983301714561  0.49413074781986005  0.50270830690342783
  0.51160412483251028  0.52144240866700520  0.53267292581788539  0.54580429573389000
  0.56015530740494723  0.57422030699887627  0.58693250827435417  0.59866136408894277
  0.60926240563915257  0.61979508158260221  0.62983705590445915  0.64076401953786277
  0.65301028238814218  0.66351911339063085  0.67073668055829805  0.67827166349284695
  0.68568241314016898  0.69231321272444346  0.69820811720604214  0.70736128742507032
  0.71858022351557271  0.72921974644032328  0.74213894811989822  0.75482052014149625
  0.76841788620562357  0.78413681226279275  0.80433607847826305  0.82322529661078470
  0.83839572704759058  0.85637973819841351  0.87499483977196868  0.89381135636575437
  0.91315091443238727  0.93729856372810316  0.96837334055490720  1.00000000000000000
 -0.00261249327848270  0.00849483716784095  0.01769564084671555  0.02733466327340148
  0.03723143375866669  0.04651911581645615  0.05674050473189195  0.06394941517252108
  0.06914454696169280  0.07459653794836001  0.07986445679058296  0.08540997613307831
  0.09111817901153739  0.10094759450837443  0.11226729184985704  0.12290179060868656
  0.13424169122251212  0.14591133548880456  0.15779158459220527  0.16970419669214654
  0.18145570271665376  0.19373933601865370  0.20584889146948041  0.21710724452981731
  0.22737940720326250  0.23629563059800823  0.24522459420488407  0.25625263909143148
  0.26567895710968248  0.27441696735808652  0.28358306588548848  0.29218195972791106
  0.30188937657328652  0.31199991202024868  0.32186020866601162  0.33325224363336964
  0.34581985416319405  0.35879753774663714  0.37179301498892309  0.38328248479660315
  0.39352232940621812  0.40326606849771945  0.41359529550593632  0.42565817142018486
  0.43698223459186258  0.44609135382163428  0.45486276170870277  0.46396158041947838
  0.47367416623820152  0.48452793748168288  0.49431203037626487  0.50365693480376716
  0.51316359647860388  0.52373486306819972  0.53556517341766308  0.54791755829450561
  0.55860336070464300  0.56808544172038633  0.57769968318705001  0.58897928039933078
  0.60016441699124790  0.61181930939474294  0.62280051863850849  0.63468522213696399
  0.64606051411603049  0.65772577837841528  0.66910830455741477  0.68064816462456401
  0.69268490853036091  0.70552936310438197  0.71908975916916262  0.73292327912755229
  0.74665834103209872  0.76018937100242856  0.77344721324935184  0.78591730142252592
  0.79686295558198739  0.80668303519388196  0.81576373795935375  0.82442481621542607
  0.83385656457560553  0.84299859638299135  0.85130300598407205  0.85953076103940518
  0.86894605084438148  0.88004734070856172  0.89007302830943413  0.89915294561135994
  0.90806557932898935  0.92002828718016871  0.93440149688587737  0.94864220934743171
  0.96208745096699533  0.97527440461885639  0.98824011143971824  1.00000000000000000
 -0.00307446562449890  0.01209145825440496  0.02438230452014863  0.03636063340986219
  0.04781475546936705  0.05789729081140764  0.06795682060809792  0.07891639787930589
  0.09138234646810216  0.10389557804025702  0.11616744108249168  0.12789702210775392
  0.13799823309743237  0.14887047885927512  0.15915085237694035  0.16846683849935917
  0.17570221930744737  0.18295946473482175  0.19103283804050397  0.20330847631472532
  0.21611391037757435  0.22885254083045389  0.24054965229241210  0.25091950168735777
  0.26217238048324332  0.27319356076309992  0.28335193834108602  0.29276004315808463
  0.30211171245698681  0.31197306680376041  0.32279241506971745  0.33507658982188759
  0.34657067284952942  0.35879807529379554  0.36784592048220610  0.37692193289512571
  0.38504049990100325  0.39425353903469434  0.40437419086716997  0.41476810059295338
  0.42569863941905767  0.43640212678878365  0.44826585244768052  0.45468426582020577
  0.46083474539109154  0.46711363391257621  0.47380379300717718  0.47988024387069927
  0.48577437833657161  0.49620958916293645  0.50774575408188616  0.52031432228962837
  0.53291707902503560  0.54519362242314806  0.55713490057675685  0.56901850124381803
  0.57986092626400365  0.59148301210890841  0.60308560520096288  0.61438502979228893
  0.62623164402268294  0.63740400444620915  0.64710436830965934  0.65707505330086324
  0.66787468787330040  0.67776178943823329  0.68695416669668652  0.69650802541972801
  0.70733466761834785  0.71868027202872764  0.72923486588586073  0.74060518162254529
  0.75235718753530345  0.76380236392880563  0.77528041104248202  0.78586400854644201
  0.79625485260876283  0.80727683474123424  0.81860560392289872  0.82931667744866699
  0.83961495343066250  0.84999178115652918  0.86073586544327130  0.87134208833332172
  0.88155053978195153  0.89056171694201858  0.89865441968834225  0.90755109192722871
  0.91746847662070563  0.92869896984247635  0.93907480812651589  0.94874882313731479
  0.95952164350611369  0.97125304301764392  0.98397932127932097  1.00000000000000000
  0.00012599246187453  0.00062615932350254  0.00107218704500102  0.00146926971089861
  0.00182930631505014  0.00214727384153079  0.00246475565667091  0.00279267639297264
  0.00313191601233685  0.00350428040094923  0.00390694947057318  0.00432579598525466
  0.00472972319902314  0.00510478019361285  0.00547064009393463  0.00583439703748101
  0.00620318241841994  0.00661204400564138  0.00702813508421603  0.00745568992297050
  0.00789994637479636  0.00836387354815152  0.00881084570022168  0.00922121781912513
  0.00960281901785036  0.01000889946456574  0.01044237395128888  0.01087145934347635
  0.01130497343114997  0.01173340526737249  0.01218556076656804  0.01267850534200963
  0.01318766136413689  0.01369813825859991  0.01417998756225197  0.01462518456448495
  0.01508368619979436  0.01566872849112947  0.01633460474637969  0.01705701764444349
  0.01792771826026630  0.01872953655286869  0.01925220499327892  0.01983153249250967
  0.02045625082988655  0.02116768544043315  0.02177110156702263  0.02285932732690640
  0.02402900225225149  0.02519898730565037  0.02620717392122988  0.02717330669639968
  0.02804655098301239  0.02876050385665333  0.02963622220075101  0.03060458755648733
  0.03173743323339756  0.03364562284687161  0.03475328128153170  0.03533018985798098
  0.03597011147937466  0.03662685532234299  0.03730097979357543  0.03803259849263668
  0.03858757974814832  0.03916378905126813  0.04004395948173663  0.04086504541230353
  0.04184088924335824  0.04305254706672247  0.04454619393771837  0.04616976150875981
  0.04745234940590281  0.04784838331598743  0.04813251955269465  0.04831853696518976
  0.04850461008267302  0.04874556992592570  0.04917864031103424  0.04961853948008434
  0.05011132110397006  0.05062333057280482  0.05107661150136744  0.05136624211974260
  0.05158668005599014  0.05180920369573748  0.05203247780359701  0.05251026172785061
  0.05305095666617618  0.05851448017541389  0.06666239563025049  0.07606794568200956
  0.08391216341250286  0.09473653232415637  0.55477924947542412  1.00000000000000000
 -0.00612929865656702  0.02219120382583875  0.04191872433131268  0.06151932407128277
  0.08236422874164905  0.10138052594246068  0.11737137971135582  0.13096428335419666
  0.14510923775635423  0.16072251022076323  0.17578017998321666  0.18714091046194520
  0.19858633887740945  0.21163704874181932  0.22611869247716776  0.23955856716572940
  0.24935317907725735  0.25821292207189228  0.26686955907840093  0.27531347622109770
  0.28483391287809706  0.29368659167269962  0.30136084556256426  0.30895985966642719
  0.31630355402333826  0.32442198374356002  0.33337950719244136  0.34296871801683426
  0.35256823505621299  0.36200690826833831  0.37113554270079985  0.37947964343504009
  0.38781736373815706  0.39597838749598602  0.40411575293133017  0.41220538633557480
  0.42051268084003951  0.42891508288544167  0.43614405090027875  0.44274892402171212
  0.44877942290931955  0.45526875706005815  0.46217157421855343  0.46945565124020716
  0.47725182165139413  0.48564910621197188  0.49472028582236499  0.50449446964551892
  0.51529011365052935  0.52557237953834268  0.53404405851530301  0.54204906601834479
  0.54958592970933595  0.55650944480814313  0.56279108921056387  0.56942752560895660
  0.57682764191803604  0.58457128870793640  0.59284883418431822  0.59860445818948127
  0.60394167172625934  0.60963751550938561  0.61527046334340163  0.61991424698254516
  0.62517777066419722  0.63495494751487069  0.64487649673529379  0.65510418710295815
  0.66543629103802271  0.67581636588973670  0.68628437177936541  0.69676997838147081
  0.70660975474400833  0.71518933777000204  0.72319895474502316  0.73077683571432772
  0.73996944689055744  0.74950560615441719  0.75911138238439335  0.77061604911651760
  0.78211653706803752  0.79325814480392209  0.80546606847018987  0.81953148478971494
  0.83428504439582019  0.84676691158766759  0.85752536896771880  0.86894020595741683
  0.88330829327055094  0.90063443036591817  0.91462970655720088  0.92891292688303151
  0.94569906467023424  0.96390971157088745  0.98116479814071467  1.00000000000000000
  0.02918660011382021  0.51823337048093687  0.65117041065691916  0.68517331458846509
  0.71820669979751706  0.74329050220760629  0.76479471985215408  0.78415984706299191
  0.79969820444139328  0.81360163046245837  0.82597672756330887  0.83669053457552989
  0.84650040629169165  0.85594567589005188  0.86479394300147039  0.87302887459525891
  0.88001174040461938  0.88639672748397835  0.89277671258121449  0.89848198779544197
  0.90316509916112819  0.90712325602953392  0.91067550792042007  0.91448861211114341
  0.91840959978871795  0.92211589752757628  0.92562902081221399  0.92903288639890336
  0.93226102927809706  0.93525724400674681  0.93795651723167672  0.94040254360888487
  0.94270528765220718  0.94487736897812213  0.94698882593079925  0.94916320299198775
  0.95135541802901680  0.95342342229810662  0.95532984861522907  0.95707405648527277
  0.95875650766493470  0.96032229644266232  0.96176283866875834  0.96314274423874979
  0.96450435086022024  0.96585092752415425  0.96720304062151852  0.96868667296434041
  0.96994227013010315  0.97105195639455821  0.97210907566879612  0.97313382005580018
  0.97421395355468687  0.97532317100556642  0.97639440357687457  0.97734522311463268
  0.97825132285708138  0.97909415786588894  0.97992045434624908  0.98072391669746461
  0.98153161954749835  0.98235842895115899  0.98315877218492698  0.98392555551562477
  0.98465890224018382  0.98536433183944749  0.98607140768938117  0.98677358354845979
  0.98741006229369843  0.98796584296353107  0.98848372231647763  0.98898893206685035
  0.98946808878620085  0.98993549468547570  0.99042265745386204  0.99090600232301596
  0.99140130893576051  0.99190116378753490  0.99241005677004568  0.99294637688828957
  0.99349478391599710  0.99394556144717072  0.99426854716731461  0.99456812537809458
  0.99486208070134974  0.99515588419797441  0.99544998807840412  0.99575879196599992
  0.99606388149485359  0.99641181789982247  0.99683514106550075  0.99729102296951866
  0.99782218184173688  0.99841392421371866  0.99909620875777816  1.00000000000000000
   9.9108955094963411E-009  -1.0000000000000000     
 F F F F F F F F F F F F F F F F F F F F F F F F F F F F F F F F F F F F F F F F F F F F F F F F F F F F F F F F F F F F F F F F
  <DiscreteSampler_grid>
  grouped_processes
  1 # 1 for a reference and 2 for a running grid.
  10 # Attribute 'min_bin_probing_points' of the grid.
  1 # Attribute 'grid_mode' of the grid. 1=='default',2=='initialization'
  0.0000000000000000 # Attribute 'small_contrib_threshold' of the grid.
  0.5000000000000000 # Attribute 'damping_power' of the grid.
 # binID   n_entries weight   weight_sqr   abs_weight
    10   10   1.143538301286656E+001   8.913366259424065E+002   1.143538301286656E+001
  </DiscreteSampler_grid>
