  0.01078355446860733  0.01316596575101416  0.01554837703342099  0.01793078831582782
  0.02031319959823465  0.02525561093789000  0.03091302976585125  0.03657044859381250
  0.05261748132749313  0.16301174662362436  0.25262317054405042  0.26499533312987239
  0.27736749571569436  0.28973965830151643  0.30211182088733840  0.33020267698633304
  0.37663732811476414  0.37939281683098752  0.38214830554721091  0.38490379426343435
  0.38765928297965774  0.39041477169588112  0.39317026041210451  0.39590576272890154
  0.39806533277017925  0.40022490281145695  0.40238447285273471  0.40454404289401241
  0.40670361293529012  0.40886318297656787  0.41102275301784558  0.41318232305912328
  0.41534189310040098  0.41750146314167869  0.41966103318295639  0.42182060322423409
  0.42398017326551179  0.42613974330678950  0.42829931334806720  0.43045888338934490
  0.43261845343062255  0.43477802347190025  0.43693759351317796  0.43996682498535133
  0.44330228885852718  0.44663775273170309  0.44997321660487893  0.45330868047805478
  0.45664414435123069  0.47971352422954827  0.48150738521466396  0.48330124619977971
  0.48509510718489546  0.48688896817001115  0.48868282915512690  0.49047669014024264
  0.49227055112535834  0.49406441211047408  0.49585827309558983  0.49765213408070552
  0.49944599506582127  0.50123985605093702  0.50303371703605271  0.50482757802116851
  0.50662143900628420  0.50841529999139989  0.51020916097651570  0.51200302196163139
  0.51379688294674708  0.51559074393186288  0.51738460491697857  0.51917846590209427
  0.52097232688721007  0.52276618787232576  0.52456004885744156  0.52635390984255725
  0.52814777082767306  0.52994163181278875  0.53173549279790455  0.53352935378302024
  0.53532321476813605  0.53711707575325185  0.53891093673836754  0.54070479772348334
  0.59286748488136121  0.61012586412946601  0.61676455095784355  0.62340323778622120
  0.62945541579384068  0.63532184823907656  0.64118828068431244  0.66265758023698385
  0.66265758023699384  0.66265758023700383  0.66265758023701382  1.00000000000000000
  0.00022151904151689  0.00136941276893823  0.00144833378720768  0.00150491860692071
  0.00156150342663373  0.00162083832464874  0.00168545989638073  0.00175008146811273
  0.00181802306586837  0.00189023156380886  0.00196244006174934  0.00200769151516360
  0.00202932478215228  0.00205095804914096  0.00207259131612965  0.00209422458311833
  0.00211585785010701  0.00213749111709569  0.00215912438408437  0.00218075765107305
  0.00220239091806174  0.00222402418505042  0.00224743455489509  0.00227160768583156
  0.00229578081676803  0.00231995394770450  0.00234412707864097  0.00236830020957744
  0.00239247334051391  0.00241664647145038  0.00244081960238685  0.00246499273332332
  0.00248916586425979  0.00251579777421196  0.00254280896302489  0.00256982015183781
  0.00259683134065074  0.00262384252946367  0.00265085371827660  0.00267786490708952
  0.00270487609590245  0.00273188728471538  0.00275889847352831  0.00284741685894127
  0.00395431805153570  0.00408804590539174  0.00422177375924779  0.00435710877058683
  0.00450653700640561  0.00465596524222439  0.00480539347804318  0.00496694458962450
  0.00513391651817986  0.00530088844673522  0.00649540198305158  0.00952290670703130
  0.00971393396309300  0.00990496121915468  0.01009598847521637  0.01028701573127806
  0.01047804298733975  0.01068275031036581  0.01089620521182059  0.01110966011327536
  0.01132311501473014  0.01153656991618491  0.01175002481763969  0.01198367371198757
  0.01222218938715570  0.01246070506232383  0.01269922073749196  0.01293773641266008
  0.01319049234238390  0.01492638112465228  0.01517211864756760  0.01541785617048292
  0.01566359369339824  0.01590933121631356  0.01615506873922888  0.01640080626214421
  0.01663052111845355  0.01685609068320635  0.01708166024795914  0.01730722981271193
  0.01753279937746473  0.01775836894221752  0.01798393850697031  0.01820950807172311
  0.02135881931929993  0.04052823089775349  0.07695366668199699  0.07787794293830926
  0.07787794293831926  0.07787794293832927  0.07787794293833927  1.00000000000000000
  0.00046525847720939  0.00046666327405132  0.00046806807089326  0.00046947286773519
  0.00047087766457712  0.00047976449049512  0.00049412578958121  0.00050848708866730
  0.00052284838775340  0.00059984461856006  0.00062092577084838  0.00064200692313671
  0.00066371004304155  0.00068726623799001  0.00071082243293846  0.00073437862788691
  0.00076062530415340  0.00078694712531670  0.00081326894648000  0.00122536928885305
  0.00161127810964458  0.00163477901064706  0.00165827991164954  0.00168178081265202
  0.00170528171365450  0.00172878261465698  0.00175228351565946  0.00177578441666194
  0.00180074791467807  0.00182692150851946  0.00185309510236085  0.00187926869620224
  0.00190544229004364  0.00193161588388503  0.00195778947772642  0.00198396307156781
  0.00201177750933447  0.00204102402634630  0.00207027054335813  0.00209951706036996
  0.00212876357738180  0.00215801009439363  0.00218725661140546  0.00221650312841729
  0.00230852076759263  0.00245831879028848  0.00388355177782687  0.00440421228517274
  0.00448166497211789  0.00455911765906304  0.00463657034600819  0.00471402303295334
  0.00479147571989850  0.00486056677428610  0.00490072034822389  0.00494087392216167
  0.00498102749609946  0.00502118107003724  0.00506133464397503  0.00510148821791282
  0.00514164179185060  0.00518179536578839  0.00522194893972617  0.00526210251366396
  0.00530225608760175  0.00534240966153953  0.00538256323547732  0.00542252080150023
  0.00545760081776973  0.00549268083403923  0.00552776085030873  0.00556284086657823
  0.00559792088284773  0.00563300089911723  0.00566808091538673  0.00570316093165623
  0.00573824094792573  0.00577332096419523  0.00580840098046473  0.00584348099673423
  0.00587856101300372  0.00591364102927322  0.00594872104554272  0.00598380106181222
  0.00601888107808172  0.00605396109435122  0.01014123829074710  0.01799727258615473
  0.03192827651906471  0.05672277252858213  0.08272543479009555  0.08272543479010555
  0.08272543479011556  0.08272543479012556  0.08272543479013557  1.00000000000000000
  0.02045118411382036  0.02678040828008968  0.03272748322684610  0.03867455817360252
  0.04255234620554316  0.04433483770893246  0.04611732921232175  0.04789982071571104
  0.04968231221910034  0.05146480372248963  0.05324729522587893  0.05502978672926822
  0.05681227823265752  0.05859476973604681  0.06037726123943610  0.06215975274282540
  0.06397344644937264  0.06579450122813091  0.06761555600688915  0.06943661078564740
  0.07125766556440566  0.07307872034316391  0.07489977512192217  0.07672082990068042
  0.07854188467943868  0.08036293945819693  0.08218399423695519  0.08391871600579331
  0.08550571768082982  0.08709271935586632  0.08867972103090284  0.09026672270593936
  0.09185372438097586  0.09344072605601236  0.09502772773104888  0.09661472940608540
  0.09820173108112190  0.09978873275615842  0.10137573443119492  0.10296273610623144
  0.10498337823970634  0.10836688220289313  0.11175038616607991  0.11513389012926670
  0.11851739409245347  0.12190089805564025  0.12528440201882704  0.12866790598201383
  0.13205140994520059  0.13543491390838738  0.13881841787157417  0.14220192183476096
  0.14558542579794773  0.24934928849826296  0.27546561625498334  0.28120102987673601
  0.28693644349848874  0.29267185712024141  0.29840727074199402  0.30414268436374664
  0.30987809798549926  0.31561351160725187  0.32134892522900449  0.32708433885075711
  0.33281975247250972  0.43503124559940309  0.54179343551971870  0.54458925238978195
  0.54738506925984531  0.55018088612990868  0.55297670299997204  0.55577251987003540
  0.55856833674009865  0.56136415361016201  0.56415997048022537  0.56695578735028873
  0.56975160422035209  0.57254742109041534  0.57534323796047870  0.57813905483054207
  0.58093487170060543  0.58373068857066879  0.58652650544073215  0.58932232231079551
  0.59211813918085887  0.59491395605092223  0.59770977292098559  0.60050558979104895
  0.60330140666111232  0.68129744244480983  0.79299760942044484  0.90469777639607962
  0.96475582952915295  0.97711092667006605  0.98863809059968266  1.00000000000000000
  0.00254022677739460  0.06818538476594620  0.07387076953189238  0.07955615429783858
  0.08549366975629562  0.09193026283031533  0.09836685590433504  0.11481753975477994
  0.22247652257024511  0.33013550538571018  0.43779448820117545  0.52122907669442686
  0.52295958398319009  0.52469009127195321  0.52642059856071644  0.52815110584947955
  0.52988161313824278  0.53161212042700590  0.53334262771576912  0.53507313500453224
  0.53680364229329547  0.53853414958205859  0.54026465687082170  0.54199516415958493
  0.54372567144834805  0.54545617873711127  0.54718668602587439  0.54891719331463751
  0.55064770060340062  0.55237820789216385  0.55410871518092697  0.55583922246969009
  0.55756972975845331  0.55930023704721643  0.56103074433597955  0.56271325642535963
  0.56412584782579123  0.56553843922622293  0.56695103062665453  0.56836362202708612
  0.56977621342751783  0.57118880482794943  0.57260139622838113  0.57401398762881273
  0.57542657902924443  0.57683917042967603  0.57825176183010762  0.57966435323053933
  0.58107694463097093  0.58248953603140263  0.58440550160868143  0.58706821503971696
  0.58973092847075259  0.59239364190178823  0.59505635533282375  0.59771906876385938
  0.60038178219489502  0.60304449562593054  0.60570720905696618  0.60836992248800170
  0.61103263591903734  0.61369534935007286  0.61635806278110850  0.61902077621214402
  0.62168348964317954  0.62434620307421518  0.70622462785354234  0.81388361066900761
  0.86168791478474827  0.87370600433303769  0.88572409388132711  0.89774218342961654
  0.90976027297790607  0.91899839080283330  0.92448049894080464  0.92996260707877598
  0.93544471521674721  0.94092682335471856  0.94640893149268990  0.95189103963066124
  0.95737314776863258  0.96075605125186203  0.96369320937475511  0.96663036749764830
  0.96956752562054138  0.97250468374343457  0.97544184186632765  0.97837899998922073
  0.98113856732194649  0.98383305770452556  0.98652754808710463  0.98922203846968371
  0.99191652885226278  0.99461101923484185  0.99730550961742093  1.00000000000000000
  0.02781849702199302  0.33709375859432300  0.34085418385531274  0.34461460911630248
  0.34837503437729223  0.35213545963828202  0.35585780989053734  0.35953543575584779
  0.36321306162115824  0.36689068748646869  0.37056831335177914  0.37424593921708960
  0.37905891249164647  0.38416472034732674  0.38927052820300700  0.39437633605868727
  0.39948214391436754  0.40458795177004786  0.40969375962572818  0.41479956748140850
  0.47355139772690164  0.56322988883915071  0.64609487942947919  0.64941006030740700
  0.65272524118533481  0.65604042206326263  0.65935560294119044  0.66267078381911826
  0.66598596469704607  0.66808494060208845  0.66986967101520634  0.67165440142832422
  0.67343913184144211  0.67522386225456010  0.67700859266767799  0.67879332308079587
  0.68057805349391376  0.68236278390703164  0.68414751432014964  0.68593224473326753
  0.68771697514638541  0.68950170555950330  0.69128643597262118  0.69307116638573907
  0.69485589679885706  0.69664062721197495  0.69842535762509284  0.70021008803821072
  0.70199481845132861  0.70377954886444649  0.70556427927756449  0.70734900969068237
  0.70881179172916942  0.70987864833504510  0.71094550494092079  0.71201236154679648
  0.71307921815267217  0.71414607475854786  0.71521293136442354  0.71627978797029923
  0.71734664457617492  0.71841350118205061  0.71948035778792641  0.72054721439380209
  0.72161407099967778  0.72268092760555347  0.72374778421142916  0.72481464081730484
  0.72588149742318053  0.72694835402905622  0.72801521063493191  0.72908206724080760
  0.73011939739030596  0.73115418449781089  0.73218897160531571  0.73322375871282064
  0.73425854582032546  0.73529333292783039  0.73632812003533521  0.73736290714284014
  0.73839769425034496  0.73943248135784989  0.74046726846535471  0.74150205557285964
  0.74253684268036446  0.74357162978786939  0.74460641689537421  0.74564120400287914
  0.74667599111038396  0.74771077821788889  0.74874556532539371  0.74978035243289864
  0.82064301777549342  0.89641931510565831  0.89667594830195096  1.00000000000000000
  0.00385877149552261  0.00534471687669881  0.00683066225787501  0.00831660763905120
  0.00980255302022740  0.01128849840140360  0.01277444378257979  0.01426038916375599
  0.01574633454493219  0.01723227992610838  0.01871822530728458  0.02020417068846078
  0.02212918479391271  0.02437662094189769  0.02662405708988267  0.02887149323786765
  0.03111892938585264  0.03336636553383762  0.03561380168182260  0.03786123782980758
  0.04010867397779257  0.07402627330958221  0.10561327927805463  0.10763858360773276
  0.10966388793741090  0.11168919226708904  0.11371449659676716  0.11573980092644530
  0.11776510525612344  0.11979040958580157  0.12181571391547971  0.12384101824515785
  0.12586632257483599  0.12789162690451411  0.12991693123419226  0.13194223556387039
  0.13396753989354851  0.13599284422322666  0.13801814855290478  0.14004345288258294
  0.14206875721226106  0.14409406154193921  0.14611936587161733  0.14814467020129549
  0.15016997453097367  0.15219527886065182  0.15422058319032997  0.15624588752000812
  0.15827119184968627  0.16029649617936445  0.16232180050904260  0.16434710483872075
  0.16637240916839890  0.25682595315583767  0.36231125255611035  0.46779655195638287
  0.52207916800483034  0.52458481064792029  0.52709045329101023  0.52959609593410029
  0.53210173857719023  0.53460738122028018  0.53711302386337023  0.53961866650646018
  0.54212430914955012  0.54462995179264007  0.54713559443573001  0.54964123707881996
  0.55214687972190990  0.55465252236499984  0.55715816500808979  0.55966380765117973
  0.56216945029426968  0.56467509293735962  0.56718073558044957  0.56968637822353951
  0.57219202086662946  0.57469766350971940  0.57720330615280935  0.57970894879589929
  0.58221459143898924  0.64172060620458282  0.74720590560485545  0.81421660887839920
  0.81872199759386588  0.82322738630933245  0.82773277502479903  0.83223816374026571
  0.83622909669991563  0.84005481555439321  0.84388053440887068  0.84770625326334825
  0.85153197211782583  0.85389435688654580  0.85389435688655579  1.00000000000000000
  0.10644191106160489  0.12705684447038446  0.12911368894076894  0.13117053341115339
  0.13322737788153785  0.13528422235192233  0.13734106682230679  0.13939791129269125
  0.14145475576307570  0.14351160023346018  0.14556844470384464  0.14699133713596235
  0.14832051817031813  0.14964969920467391  0.15097888023902969  0.15230806127338548
  0.15363724230774126  0.15496642334209704  0.15629560437645282  0.15762478541080860
  0.15895396644516438  0.16028314747952016  0.16161232851387591  0.16294150954823169
  0.16427069058258748  0.16559987161694326  0.16698815164504185  0.16861671323412719
  0.17024527482321250  0.17187383641229781  0.17350239800138312  0.17513095959046843
  0.17675952117955374  0.17838808276863904  0.18001664435772435  0.18164520594680966
  0.18327376753589497  0.18490232912498028  0.18653089071406559  0.18813727059699964
  0.18971105297848234  0.19128483535996507  0.19285861774144777  0.19443240012293050
  0.19600618250441321  0.19757996488589591  0.19915374726737864  0.20072752964886134
  0.20230131203034407  0.20387509441182677  0.20544887679330948  0.20702265917479221
  0.20920003512651134  0.21438421370083746  0.21956839227516362  0.22475257084948974
  0.22993674942381587  0.23512092799814194  0.24030510657246801  0.24548928514679408
  0.26328568204581920  0.36555599898685120  0.37776468237622396  0.38081063911846258
  0.38385659586070126  0.38690255260293988  0.38994850934517850  0.39299446608741717
  0.39604042282965579  0.39908637957189447  0.40213233631413314  0.40517829305637182
  0.40822424979861049  0.41127020654084917  0.41431616328308785  0.41736212002532652
  0.42040807676756514  0.42345403350980376  0.42649999025204244  0.42954594699428106
  0.43259190373651973  0.43563786047875835  0.47724756460350554  0.57951788154453732
  0.60878829154398506  0.61487751743157315  0.62096674331916124  0.62681546076513694
  0.63219236556151326  0.63756927035788968  0.64294617515426600  0.69318904917689128
  0.79545936611792323  0.89772968305895506  0.93772036234537759  1.00000000000000000
  0.69807499249776206  0.69969751027193849  0.70132002804611493  0.70294254582029136
  0.70456506359446791  0.70618758136864435  0.70781009914282078  0.71092855281045797
  0.71475903822122777  0.71858952363199768  0.72242000904276760  0.72625049445353751
  0.73133598135345257  0.74042425469408124  0.74951252803470991  0.77414608128839024
  0.77878205515957066  0.78341802903075108  0.78805400290193139  0.79268997677311182
  0.79732595064429213  0.80196192451547255  0.80659789838665286  0.81123387225783328
  0.81586984612901359  0.82050582000019390  0.82514179387137432  0.82977776774255463
  0.83383988302999135  0.83601346055689441  0.83818703808379746  0.84036061561070041
  0.84253419313760347  0.84470777066450653  0.84688134819140959  0.84905492571831265
  0.85122850324521571  0.85340208077211877  0.85488052465223641  0.85598175594361114
  0.85708298723498588  0.85818421852636051  0.85928544981773525  0.86038668110910999
  0.86148791240048472  0.86258914369185946  0.86369037498323409  0.86479160627460883
  0.86589283756598356  0.86699406885735830  0.86809530014873304  0.86919653144010767
  0.87029776273148240  0.87139899402285714  0.87250022531423188  0.87360145660560662
  0.87470268789698125  0.87580391918835598  0.87690515047973072  0.87800638177110546
  0.87910761306248020  0.88020884435385482  0.88131007564522956  0.88241130693660430
  0.88351253822797904  0.88461376951935367  0.88571500081072840  0.88681623210210314
  0.88791746339347788  0.88901869468485262  0.89011992597622724  0.89122115726760198
  0.89232238855897672  0.89342361985035146  0.89452485114172620  0.89562608243310082
  0.89691685501222840  0.89825156882642909  0.89958628264062979  0.90092099645483048
  0.90225571026903129  0.90359042408323198  0.90492513789743267  0.90625985171163337
  0.90759456552583406  0.90892927934003476  0.91026399315423545  0.91159870696843615
  0.91293342078263684  0.91426813459683753  0.91560284841103834  0.93490903318648744
  0.96689582666613560  0.97847638580633922  0.98926334411824568  1.00000000000000000
   6.6338008752039772E-011  -1.0000000000000000     
 F F F F F F F F F F F F F F F F F F F F F F F F F F F F F F F F F F F F F F F F F F F F F F F F F F F F F F F F F F F F F F F F
  <DiscreteSampler_grid>
  grouped_processes
  1 # 1 for a reference and 2 for a running grid.
  10 # Attribute 'min_bin_probing_points' of the grid.
  1 # Attribute 'grid_mode' of the grid. 1=='default',2=='initialization'
  0.0000000000000000 # Attribute 'small_contrib_threshold' of the grid.
  0.5000000000000000 # Attribute 'damping_power' of the grid.
 # binID   n_entries weight   weight_sqr   abs_weight
    10   10   6.846451468676823E+000   2.838193218064636E+002   6.846451468676823E+000
  </DiscreteSampler_grid>
