  0.00344316864444162  0.01097814371415285  0.01891948978313363  0.02826023315469724
  0.03751122484971235  0.04728669868880568  0.05654746353284600  0.06569723808271577
  0.07481184128243742  0.08409525513135484  0.09372589767432130  0.10292213394910356
  0.11224311815405889  0.12165882184127227  0.13245652074300579  0.14432917651542695
  0.15668418755549779  0.16821403260291809  0.17999197982939918  0.19135544547600181
  0.20317102601013556  0.21459115784843061  0.22576576888255492  0.23672905587244944
  0.24820375577791781  0.25984357435884697  0.27085911567237497  0.28129467830713423
  0.29155806274489499  0.30209571145933228  0.31321994732198682  0.32473030534508124
  0.33601656778358452  0.34657408235812998  0.35655187481495687  0.36641593260130645
  0.37662630395126112  0.38754721772640732  0.39865038828082422  0.40880255883370531
  0.41831029438029094  0.42783195683882791  0.43752458093870500  0.44739713242085549
  0.45773265237152377  0.46956189999266296  0.48257200960754248  0.49572318639107182
  0.50791592376773609  0.51886866661234154  0.52973188491899659  0.54030851952150294
  0.55073891895153193  0.56081675959256327  0.57182236820607457  0.58406926947634541
  0.59614473512664445  0.60828113700118036  0.61977394878544889  0.63090160546337615
  0.64125299119473866  0.65110819977863565  0.66044909418690412  0.66948076673388457
  0.67837673736219994  0.68768746906959033  0.69821284285615981  0.70889446353053176
  0.71973676795943620  0.73092263322905993  0.74321791099607137  0.75497092556588008
  0.76596791410686083  0.77682889540917244  0.78793816153320739  0.79966878018859755
  0.81069930320650685  0.82010600933703659  0.82820434779753183  0.83614015834880862
  0.84401241388487869  0.85248325447572060  0.86144821064948307  0.87083996305804090
  0.88078492265374575  0.89090981809269276  0.90063635217142135  0.91044914478620187
  0.92026002047172306  0.93016659319929162  0.94134712679253996  0.95402770525528025
  0.96524115945296751  0.97564453415771368  0.98697666504234338  1.00000000000000000
  0.00306135629127283  0.00364214059422929  0.00413259785724554  0.00464055646886170
  0.00538558882825256  0.00634340635477763  0.00721948521310484  0.00802534720633365
  0.00879716604370828  0.00954517066309032  0.01026531640635886  0.01096316874800088
  0.01162461771432712  0.01226996136415234  0.01286486917774560  0.01342784548345678
  0.01401055615296924  0.01460792614788661  0.01520818636893526  0.01582216833892370
  0.01648013690717406  0.01714428659959615  0.01780372282004512  0.01850636953024623
  0.01923910902420879  0.01993091232152160  0.02056591662905752  0.02118198194132761
  0.02181275354363336  0.02249508174788126  0.02318867487139446  0.02389911322375012
  0.02466749347705476  0.02551836661625598  0.02639503478225805  0.02725220723167509
  0.02809100430124998  0.02884065546035619  0.02957749275537824  0.03034212745273399
  0.03107123374883410  0.03178582634680298  0.03254693427688748  0.03338945947901583
  0.03433126892423641  0.03540771923303421  0.03656056524732305  0.03769109117993297
  0.03877200240198011  0.03981972639754158  0.04087679646870368  0.04201357908052726
  0.04324875910528011  0.04449561423892587  0.04580257878682636  0.04705733437707813
  0.04831336209007543  0.04970849884953267  0.05115619442600147  0.05235534276619356
  0.05356031008154028  0.05480753495064241  0.05624601302722838  0.05781932774926045
  0.05940923153544249  0.06096883317396064  0.06245342040886010  0.06391132912425629
  0.06582080612854310  0.06801987320915710  0.07062895884480386  0.07339709643837129
  0.07611182887945192  0.07913776187696026  0.08254392149354509  0.08666018284297047
  0.09098820609283692  0.09575482669565707  0.10087768228117569  0.10597088026612744
  0.10980343513340740  0.11361488507284700  0.11869200914104880  0.12341754207152258
  0.12765806244439942  0.13163084273407294  0.13564588408264922  0.14154209247489777
  0.15132115848537439  0.16752546066703908  0.18670889026054693  0.20543342919994503
  0.24562101613262563  0.44762178416996479  0.61309674546083648  1.00000000000000000
  0.00009255496767033  0.00011894654547603  0.00014968513479881  0.00018647793433085
  0.00022965851521471  0.00027924851356734  0.00033470149119173  0.00039880342271240
  0.00047363122831587  0.00055058522337508  0.00063216900338046  0.00071990136637740
  0.00081110429630370  0.00090785854085008  0.00101370632550065  0.00113626740091117
  0.00126814756563689  0.00139745476696151  0.00152718259664879  0.00167015950560281
  0.00182121676131072  0.00197892743919387  0.00214374510423414  0.00230419773669679
  0.00248499219920359  0.00266485221180767  0.00287287660035577  0.00309701782377830
  0.00331415135915764  0.00351259786121870  0.00370236893155133  0.00389270183822532
  0.00408814218422287  0.00428775331066440  0.00447796377985581  0.00466808042908382
  0.00486688873635790  0.00508709170148821  0.00531658361020158  0.00555853820272886
  0.00581492939119065  0.00608008516118887  0.00636759371943918  0.00666550847411442
  0.00695285847303268  0.00723895353002891  0.00753714276473762  0.00785122754820510
  0.00815977368230786  0.00851372928976690  0.00887740337796970  0.00922211084357892
  0.00962572582353922  0.01008763266570415  0.01062511819767082  0.01123037772347318
  0.01186967155852203  0.01247906704034541  0.01307357499654576  0.01363628936773671
  0.01419781093807754  0.01479489549538742  0.01545015820771367  0.01614123890840645
  0.01683710586158464  0.01752560000179539  0.01825432492848591  0.01912374908442726
  0.01995323613436871  0.02085661439308062  0.02178203145499193  0.02292268927916987
  0.02418070421834499  0.02555601857761762  0.02707241701272193  0.02860327746051336
  0.03014270994073870  0.03173382985901582  0.03350189088987027  0.03557376234780858
  0.03803742571731477  0.04098805399886200  0.04476764572401892  0.04919413327097034
  0.05398803092249277  0.05996789596384565  0.06811407896243662  0.07648302251561589
  0.08454085500338711  0.09204654798510807  0.09999208410505453  0.11043774531025914
  0.13355537099800488  0.17615642704343926  0.63188191413204076  1.00000000000000000
 -0.00180528920013701  0.01510193765113386  0.03116123477763756  0.04755914414857776
  0.06288301670055506  0.07677610618976866  0.09010756517767959  0.10178489158278053
  0.11178231834838902  0.12041765004047500  0.12913754527307461  0.13744145200755659
  0.14584734123444293  0.15547485650968310  0.16583001641629136  0.17629628518646662
  0.18634575115098592  0.19857282603692250  0.20916485661662546  0.21861605377542392
  0.22828647047063996  0.23859494155139802  0.24889045251062600  0.25846373359716335
  0.26770329791414327  0.27768301323818223  0.28855218661330073  0.29980169976439641
  0.31079209030667593  0.32040232435028576  0.32937528637707814  0.33795830858613585
  0.34705409622666927  0.35609786103893670  0.36540667455003029  0.37378991731111333
  0.38211835720220866  0.39014840012890301  0.39799879684871203  0.40539865863009156
  0.41266663946670590  0.42012582751316124  0.42713313268148401  0.43429894424577808
  0.44108494252856600  0.44935758620673777  0.45808426031748328  0.46810745708607732
  0.47896624076935740  0.48923552583097824  0.49944677036969265  0.50838501000555414
  0.51723985034570630  0.52645753488357472  0.53611102193710813  0.54559243894904397
  0.55448732913699561  0.56357975234798574  0.57347683102926983  0.58408086002544601
  0.59439289807719775  0.60449282212557431  0.61491175627992622  0.62484309019317996
  0.63361349160937352  0.64208760501353657  0.65119188698218067  0.66006295537460213
  0.66909626547562140  0.67801426234061857  0.68727572970285034  0.69749078677654019
  0.70829848129658524  0.71847845399195220  0.72869910463448484  0.73870155375836422
  0.74894430614255270  0.75945877760137726  0.77047872750813862  0.78183358712149587
  0.79299082957698408  0.80387516408849302  0.81571585881452868  0.82834720823546526
  0.84155471825736972  0.85562636515403800  0.87089170176524311  0.88453479230238008
  0.89690235390146866  0.90979576393894468  0.92376332940092021  0.93826396882686969
  0.95368555828528312  0.96892616202658177  0.98446066780871833  1.00000000000000000
 -0.00237413989526965  0.01012568837476748  0.02103421563260698  0.03255818451015050
  0.04338943758675538  0.05424170247752833  0.06402745718026180  0.07581089186421701
  0.08710994124475889  0.10016931127450628  0.11074703738565726  0.12009968921950170
  0.12981087770800898  0.13973218480572663  0.14933580478729269  0.15801796542762381
  0.16659762114446369  0.17595650052883066  0.18610298840472753  0.19623302061218245
  0.20582070611174461  0.21486066522177596  0.22419200636285397  0.23496735614303399
  0.24678878189060577  0.25742369177517715  0.26717911152820401  0.27777586096450030
  0.28986552672718474  0.30191884146779346  0.31368834629862746  0.32495839614477368
  0.33596706062212800  0.34663967774048560  0.35674873981222632  0.36687573565043780
  0.37727380584346276  0.38757724263455845  0.39782620451193640  0.40833088261142536
  0.42026394890917429  0.43392471447747694  0.44791560390447743  0.46045150149429398
  0.47092476047842513  0.48123590277220929  0.49083749104422386  0.50079495492715365
  0.51034132025832624  0.52040869880724838  0.53105438645186975  0.54062223045299895
  0.55016553482916386  0.56013730316534205  0.57125119494704468  0.58406783522280348
  0.59773756816381829  0.60921274586621954  0.61997670380433434  0.62945361609641926
  0.63895715115325458  0.64966687973031712  0.66090306820578171  0.67263458442854784
  0.68352105750833514  0.69360021447271880  0.70419060994988147  0.71381778373576710
  0.72511966497027946  0.73659965870341781  0.74770645787087708  0.75757117417280384
  0.76694250662924890  0.77815014762679968  0.78999707217986825  0.80128991219089063
  0.81117812481078055  0.82049952256413794  0.82970303699245540  0.83872489752000745
  0.84818637983204181  0.85787473101394451  0.86751590039509785  0.87730216024245777
  0.88711405704365598  0.89674698350095783  0.90589071905219098  0.91527472369728502
  0.92569091541034565  0.93682390535393323  0.94743301509166122  0.95869299772202066
  0.96934612459414071  0.97962071588386179  0.98953380274744218  1.00000000000000000
 -0.00495357480737000  0.02912734389012632  0.06114354272965421  0.09197171586096858
  0.11931941539959776  0.14426350090165199  0.16729884160121747  0.19079489005935632
  0.21305277083216911  0.23267721908603126  0.24928772472398311  0.26679775216508328
  0.28488585478291750  0.30192967392684894  0.31786701574125775  0.33345760205540809
  0.35015601865208595  0.36511913482013897  0.37887330196696178  0.39259988921551153
  0.40696840573357906  0.42170161831718422  0.43688513206565949  0.45267889122720262
  0.46743742253130272  0.48114208056068414  0.49456264593679927  0.50714605516336531
  0.51989957023360089  0.53210579351982579  0.54426519667315210  0.55587879291894349
  0.56845726690102594  0.58063457035899357  0.59147318630127921  0.60211615390988904
  0.61263282084275605  0.62373847116773373  0.63363839411743661  0.64366783633767932
  0.65338423826711223  0.66330795620779603  0.67334760361019064  0.68321232682326050
  0.69233966388948964  0.70075320418657883  0.70884564286345930  0.71659584213990180
  0.72429432992351928  0.73232110160516772  0.74027255875997711  0.74852240573895745
  0.75625464813468302  0.76408621346299099  0.77193458431177464  0.78066455119075073
  0.78920156578170120  0.79786578692064491  0.80628791133973143  0.81392045567956428
  0.81982729693072653  0.82550198305535027  0.83113204886809289  0.83668089020634506
  0.84221996473290650  0.84818728620956296  0.85411137792712644  0.85971605559386766
  0.86530912795195614  0.87086616363475289  0.87640907610534236  0.88173452991982237
  0.88701584469544692  0.89249520601270338  0.89830164996515371  0.90439934211901729
  0.91054658663385279  0.91644336878077881  0.92131061948237314  0.92583119310148865
  0.93037730079712411  0.93551598137205449  0.94073891776003860  0.94658270189072091
  0.95250084292689019  0.95805028814363746  0.96301797191763916  0.96724798653735500
  0.97129699285781634  0.97531343140370730  0.97938270727020549  0.98362373218447874
  0.98781248045405812  0.99191208153611843  0.99596045577209147  1.00000000000000000
 -0.00322538315773162  0.01078042608470068  0.02224968325196543  0.03207560293625300
  0.04159982136261998  0.05116101633622907  0.06085607461300836  0.07039648493928662
  0.07984945675511521  0.08966466197530146  0.09963967322204785  0.11007758573723637
  0.12079970119202528  0.13200763012711661  0.14323854160538091  0.15410814834696596
  0.16467520286502119  0.17518649809890416  0.18604847948660377  0.19709019857384932
  0.20737483391766720  0.21731477741781224  0.22735364070786507  0.23851012413515549
  0.25041994334466366  0.26157373425468627  0.27246134267201061  0.28290797648495319
  0.29353593985411969  0.30409471011410788  0.31526408886594187  0.32797471482287172
  0.34214545683158432  0.35657067232580375  0.37024342408566624  0.38266605143538684
  0.39436073714842929  0.40575330371372237  0.41706957482845314  0.42814818368326141
  0.43885551417048907  0.44949320242770358  0.45979363980802601  0.47027224070792828
  0.48019054219880702  0.48859485756039833  0.49688426633741334  0.50564420412500333
  0.51409276142284221  0.52262204270768642  0.53150717561344218  0.54029549452285708
  0.55029125505529419  0.56298140087714932  0.57379846348015107  0.58497700266696984
  0.59574433481352451  0.60584898836299672  0.61590951997428078  0.62573704935175511
  0.63568642439568213  0.64541203326054786  0.65556623050225882  0.66587510503840808
  0.67500482417598107  0.68338133745968566  0.69173259392339559  0.69990059699170259
  0.70876776453681933  0.71784199119059056  0.72705397635930280  0.73797525870002667
  0.75028444077996237  0.76210192650440312  0.77395103904431162  0.78544278419492142
  0.79687620021521088  0.80672922257458124  0.81630979730145992  0.82611760250368971
  0.83666258219522027  0.84736288395518733  0.85777593490023374  0.86871175329486883
  0.87986921465839918  0.89129514178305891  0.90270783190330728  0.91477924587279136
  0.92690300328006614  0.93791479959407931  0.94922718458221389  0.95940616581349147
  0.96963554583001488  0.97984156014576906  0.98998531830344116  1.00000000000000000
 -0.00280836898319223  0.00875155510091279  0.01839326639331115  0.02845850254239500
  0.03997712588512406  0.05278601257920490  0.06683171965657947  0.07875603543363663
  0.08985403474520687  0.10083921922275875  0.11166318600196982  0.12167582855814388
  0.13241606998990096  0.14351264757953225  0.15435754987458875  0.16414543022572867
  0.17273750083114395  0.18166000273997451  0.19041034268502560  0.20053464017775177
  0.21043897466092959  0.22051494198535967  0.23038311533606579  0.24098957109735267
  0.25042325473573990  0.26048294587449844  0.27054655647433562  0.28129061316511556
  0.29205938927440278  0.30016017993539335  0.30857124961200677  0.31772404485180927
  0.32590572109477539  0.33433249811596316  0.34292556266994489  0.35283833696147521
  0.36496066658535820  0.37805953880093052  0.39107989275807492  0.40413672894064245
  0.41693201560268711  0.42900756370676413  0.44027145101888826  0.45063093660008524
  0.46059576382266659  0.47019695350176860  0.47961431201386046  0.48811354949178770
  0.49617952218105310  0.50500011195472794  0.51529004951104040  0.52660691912270075
  0.53941600160515690  0.55229455086084045  0.56423246532641458  0.57460429476401764
  0.58430548255389070  0.59462219549631667  0.60557767878105317  0.61760501434224813
  0.62880727933818115  0.63879361284467329  0.64940546879707228  0.65990273189641624
  0.66941131107006624  0.67769746210664339  0.68601442345071528  0.69519820905425067
  0.70495190826134446  0.71562818925537697  0.72588570733916091  0.73713494456981277
  0.74793580095544077  0.75865936110384613  0.76998439911028937  0.78156967032641966
  0.79295470642776056  0.80424869655262987  0.81516690024383964  0.82573152320947152
  0.83670579736015349  0.84742301450997226  0.85793541424969522  0.86804902188608746
  0.87858185389072119  0.89009902677563846  0.90154482031417127  0.91263446884348887
  0.92451861590315898  0.93584303450177642  0.94657001673048835  0.95677236118884446
  0.96694933029852803  0.97780164666181990  0.98866621049950876  1.00000000000000000
  0.54218278073656179  0.60054628989617087  0.64077113471169067  0.67641800407787711
  0.70467722969931301  0.72928937774205527  0.74876011741555770  0.76479284598613595
  0.77891497759358974  0.79202643406276896  0.80385433212383905  0.81390034948374324
  0.82320331527746116  0.83156517553817388  0.83880657048651908  0.84554441691015325
  0.85214944115477609  0.85796003603863269  0.86332609040194452  0.86868474653494820
  0.87380110382169385  0.87835892581812114  0.88262294112617679  0.88642074260927028
  0.88987281356921299  0.89313021846325802  0.89645390627915189  0.89961078804101069
  0.90261348836177091  0.90548771181026821  0.90831814864627203  0.91115057606990801
  0.91401946648305232  0.91665845156608261  0.91895678534723757  0.92106302378633198
  0.92306359987094533  0.92508708637150394  0.92712298861702858  0.92917853617376789
  0.93120325717644292  0.93314125767567024  0.93493200332890625  0.93665288024854509
  0.93820772170762268  0.93964830101523278  0.94102405663237476  0.94242711007353486
  0.94378243029901809  0.94514565698416375  0.94654088243303647  0.94800570707201115
  0.94952352379095728  0.95100257678818934  0.95241733913834459  0.95376975351970650
  0.95506051888646637  0.95633515219011067  0.95757622092414241  0.95879054680934217
  0.95995260197847587  0.96105444440521426  0.96213548164071483  0.96315241141549901
  0.96417871638374353  0.96524673520595294  0.96629766334209133  0.96733057106711051
  0.96829784855475565  0.96925668400983289  0.97019437264909469  0.97109058633271461
  0.97193634210535040  0.97277048926078880  0.97370949148558927  0.97468648235396627
  0.97566221702473888  0.97664862917406603  0.97772815485598441  0.97876306780533062
  0.97982989743193494  0.98085853883384722  0.98181183042277653  0.98267767864611744
  0.98355828592634387  0.98450840966872055  0.98551778590581518  0.98655732087274672
  0.98760510176595895  0.98862559015587292  0.98969946247639407  0.99086532984907882
  0.99218288055941040  0.99375964112285164  0.99591903985447505  1.00000000000000000
   4.8955689251629946E-010  -1.0000000000000000     
 F F F F F F F F F F F F F F F F F F F F F F F F F F F F F F F F F F F F F F F F F F F F F F F F F F F F F F F F F F F F F F F F
  <DiscreteSampler_grid>
  grouped_processes
  1 # 1 for a reference and 2 for a running grid.
  10 # Attribute 'min_bin_probing_points' of the grid.
  1 # Attribute 'grid_mode' of the grid. 1=='default',2=='initialization'
  0.0000000000000000 # Attribute 'small_contrib_threshold' of the grid.
  0.5000000000000000 # Attribute 'damping_power' of the grid.
 # binID   n_entries weight   weight_sqr   abs_weight
    10   10   7.706135679559061E-001   2.825062385793610E+000   7.706135679559061E-001
  </DiscreteSampler_grid>
