 -0.00268254742017799  0.00976255001808504  0.02081292263864734  0.03169298671469228
  0.04185587244550678  0.05159489545632900  0.06141517115247858  0.07185115168713896
  0.08236592662064052  0.09272082502924667  0.10305196223880575  0.11349975356066261
  0.12414292472129015  0.13491735901706434  0.14592222914693434  0.15651092815679110
  0.16652790939151016  0.17622405540745581  0.18610231125911947  0.19651597315092825
  0.20720268050120938  0.21766882769750037  0.22801160531695092  0.23789918001705040
  0.24762204796792320  0.25727528784798326  0.26657760672830205  0.27587583070610722
  0.28512632015066197  0.29485385260455121  0.30504184352484176  0.31517533458038538
  0.32550198783302858  0.33641835130195996  0.34783133303890451  0.35840201185178222
  0.36826857478047692  0.37821965381025380  0.38829089756590457  0.39799839902782269
  0.40787738439793442  0.41803374869561144  0.42831542062406558  0.43822215830949734
  0.44775346535328503  0.45723307358575105  0.46687994947703298  0.47640831483965007
  0.48603232246314609  0.49558371128826129  0.50526278835279193  0.51526312882019243
  0.52575678633696055  0.53619160022590373  0.54685622259518663  0.55745535276988234
  0.56811650797631197  0.57927890924025294  0.59080539921920738  0.60241731112056252
  0.61378949857866860  0.62482633495822804  0.63571651380474559  0.64621427352525251
  0.65668753040325611  0.66739691933794998  0.67846085146862201  0.68939228035427047
  0.70045923456748393  0.71115944935112640  0.72188764048536247  0.73256404788908325
  0.74257337985013094  0.75340012402302448  0.76444858332511734  0.77548655524572452
  0.78584197826802382  0.79607815181070463  0.80752623189225925  0.81878248471763149
  0.83011045153656171  0.84123363709062260  0.85264022929893646  0.86453387454465658
  0.87636170026777271  0.88801083462579544  0.89926469131627407  0.90979342037965005
  0.92047029208023134  0.93136116304696681  0.94231808508574944  0.95271236306344531
  0.96343641352971165  0.97469772221437989  0.98683779813533878  1.00000000000000000
  0.00679784430890410  0.01679480805392628  0.02913542795873898  0.04180193328987627
  0.05329399812929569  0.06521725204986727  0.07749188596076298  0.08970435682551220
  0.10121343628168278  0.11198198457983494  0.12237696460665520  0.13263762378732227
  0.14265727897462241  0.15274366048694862  0.16265557201202457  0.17273776298935387
  0.18325191706728317  0.19361591460671682  0.20402799196663007  0.21434239356708548
  0.22490549498739726  0.23633716810935362  0.24778846781989647  0.25876426930886870
  0.26948726674778650  0.28054241646808120  0.29136725658619556  0.30143429874848487
  0.31170333205587969  0.32230747352491207  0.33350296916084465  0.34422189981040180
  0.35437618085514444  0.36421834168845307  0.37391839824070222  0.38371835002537152
  0.39375476911770713  0.40435395508723981  0.41559932843799169  0.42667285062992949
  0.43729327817823321  0.44815961162048334  0.45897172116133461  0.46930113976919474
  0.47969365132485625  0.49008715499594946  0.50023888228194213  0.50983036061415754
  0.51983734036386831  0.53055268780885201  0.54155608656410259  0.55245863169684750
  0.56289483458345690  0.57285974293686470  0.58258665620422245  0.59191486502382529
  0.60100049603840244  0.61009442962619909  0.61934869222937838  0.62865558756015250
  0.63786541940840480  0.64721786444884022  0.65663083350789819  0.66589676307238088
  0.67488868655926126  0.68379558126393869  0.69287136608423339  0.70193814269250288
  0.71127517821681063  0.72119843875770873  0.73111604187329082  0.74192383825716746
  0.75299061335586748  0.76515583812916876  0.77655714431747491  0.78762911721829409
  0.79810557995101794  0.80838167783522452  0.81843717214249356  0.82832707321113574
  0.83805642031670302  0.84771724659774039  0.85763911006206484  0.86770530657682587
  0.87752184438936909  0.88727667845669156  0.89766068090679640  0.90881546295235838
  0.91985481316831719  0.93027100510227145  0.94076998227410347  0.95134153010524447
  0.96151411818982868  0.97131883401796715  0.98117396244422150  1.00000000000000000
  0.00000714674195786  0.00000747835196414  0.00000782714814371  0.00000826154328972
  0.00000876744584363  0.00000938072997477  0.00001017946687282  0.00001116444912478
  0.00001225462230002  0.00001342301296980  0.00001475083136540  0.00001635129993233
  0.00001829094785787  0.00002063409172104  0.00002336452508976  0.00002647540432149
  0.00003000672891370  0.00003404146310214  0.00003878858382186  0.00004415292174054
  0.00004972046864142  0.00005567761636498  0.00006237823179977  0.00007041782045904
  0.00008026901076945  0.00009186314468055  0.00010516695347712  0.00012044422262369
  0.00013809283704396  0.00015677398123129  0.00017833504075490  0.00020279871051579
  0.00023205856343044  0.00026552685523665  0.00030334152281416  0.00034758137559185
  0.00039535880512448  0.00044671655427701  0.00050290789742748  0.00056752284230068
  0.00064456365090509  0.00073656771722733  0.00083617889510799  0.00094194491461102
  0.00105654428264419  0.00118449593716003  0.00132859025396976  0.00148197476036453
  0.00165894598901309  0.00186182261794242  0.00207950705405204  0.00230877945822570
  0.00255605335302009  0.00283501596989723  0.00314414580848008  0.00347040436876400
  0.00382947645300325  0.00422745118116755  0.00472974534781991  0.00531007717106234
  0.00591067095757708  0.00652393635753525  0.00718352388309958  0.00793125157191356
  0.00872681251988053  0.00952960688900019  0.01037152151227866  0.01126728900500321
  0.01221055143050265  0.01329309794452103  0.01442424410083789  0.01560147801831561
  0.01690052885377102  0.01824823794930162  0.01977876195471260  0.02157697082308261
  0.02372410001708934  0.02575655952387645  0.02764051673889024  0.02968629364835113
  0.03188247539312884  0.03437947478550604  0.03722698436598125  0.04042623324373703
  0.04385278622051043  0.04738020079852876  0.05089559884428181  0.05504458842954733
  0.06116304473597008  0.06879002023819999  0.07659260104448838  0.08364020557277584
  0.09021063236182629  0.09730820767251905  0.12546895569764244  1.00000000000000000
 -0.00245004728913597  0.01066481778131748  0.02132861856075621  0.03230860236012798
  0.04391245860284363  0.05600498399641100  0.06769841903256912  0.07864829659328570
  0.08936819431893406  0.10018156911968668  0.11180026188952520  0.12343744735759529
  0.13473243193608758  0.14555613632822167  0.15614438865958202  0.16677768614569463
  0.17731657435702913  0.18763970866974411  0.19786274037332577  0.20833865853421832
  0.21942987807643421  0.23097486912923582  0.24226101988665719  0.25314130864716455
  0.26391316930955555  0.27475155380125338  0.28527675202262015  0.29534029255358440
  0.30502987892202432  0.31450574676146087  0.32412109342178641  0.33384209650270069
  0.34380138824695877  0.35442861460282143  0.36526093139344562  0.37680616317451021
  0.38742069280628721  0.39846125527663012  0.40944494399205428  0.42044889912972394
  0.43111018115798705  0.44185766606721677  0.45266570460901950  0.46342457777927382
  0.47426715039755513  0.48548140757565439  0.49707920052417592  0.50846489272445139
  0.51974083724792086  0.53094437070089862  0.54217911302532629  0.55336693434997986
  0.56430749008036618  0.57504418464751239  0.58580222921143332  0.59661503143504258
  0.60715872519486747  0.61730634866646217  0.62734930818428070  0.63732037434196143
  0.64684194181082866  0.65589647725893729  0.66477137468213188  0.67372326666393612
  0.68306961304109570  0.69298904704038411  0.70363230077716221  0.71440688601752045
  0.72514347651204447  0.73597385778397428  0.74667927007452906  0.75760059141954750
  0.76881458353546650  0.77916190495631543  0.78870013568957664  0.79787707581337919
  0.80743664879087695  0.81746329076352631  0.82760903306299416  0.83774142085970160
  0.84859909125593747  0.85923725039099430  0.86961456189968211  0.87998035012451614
  0.88982951414562605  0.89960209358527643  0.90900672722103026  0.91841066277820604
  0.92813293804414654  0.93795694741300129  0.94797897887965066  0.95799385801984516
  0.96832998935063985  0.97879536298791991  0.98925383451898652  1.00000000000000000
 -0.00234220435890233  0.00948704876936066  0.01961194192202801  0.03085712073569325
  0.04164552722240279  0.05207629754526799  0.06229441251464245  0.07208187325343865
  0.08172698205058034  0.09149230616439166  0.10183444304991623  0.11171761196584859
  0.12147935966109062  0.13125265626838678  0.14112910710489840  0.15100483275243004
  0.16094649691414781  0.17112615396548495  0.18111044712764887  0.19138693206940671
  0.20195208791004990  0.21224766610664353  0.22211783928357684  0.23274889603065013
  0.24397871360734597  0.25592302991744453  0.26766610311948857  0.27919885193052557
  0.29032357724802255  0.30144380411994653  0.31320569047090357  0.32598998366762250
  0.33900745277299260  0.35181067841695712  0.36320265008123281  0.37421505021319335
  0.38405456896213419  0.39389774633265312  0.40360226252805220  0.41418484996201310
  0.42488006410254464  0.43554200014527972  0.44615657305035150  0.45725696046024256
  0.46815768854354545  0.47884838303408972  0.48971754024492498  0.50106965407375359
  0.51255545235020006  0.52382450373593803  0.53420998591003099  0.54438653845691609
  0.55434467319373770  0.56431327952395682  0.57437339967965528  0.58469058353900394
  0.59576693534642355  0.60656739697877660  0.61743869183325384  0.62849576930430751
  0.63988226906824242  0.65143757755574916  0.66309114914147482  0.67468561636454150
  0.68562062436008597  0.69615312793244288  0.70637874305584214  0.71682088731354821
  0.72774755727769647  0.73927085357234834  0.75055136172205517  0.76100848122897802
  0.77104328368583763  0.78064392536560656  0.79009312628703932  0.79919300079160038
  0.80858403711156901  0.81816688264234094  0.82820043665614773  0.83854055209958756
  0.84833546146014038  0.85779740742374455  0.86723847803669496  0.87736369654394286
  0.88800277158444441  0.89860120149663780  0.90911835504422134  0.91972522625902331
  0.92972297993900654  0.93950455346793782  0.94898737992142101  0.95848884165978476
  0.96809250544318537  0.97813567169988058  0.98905742839650546  1.00000000000000000
 -0.00237986457384777  0.00898829804282640  0.01956325988477199  0.03069277642346201
  0.04217173408454208  0.05370460462675784  0.06492261617484014  0.07601906465398880
  0.08638021112723242  0.09606340281674111  0.10576410723333599  0.11538838864692227
  0.12568143432006426  0.13584669693690726  0.14594873884688550  0.15596298516869486
  0.16574679680225060  0.17573877671596738  0.18565065556860366  0.19604696355387111
  0.20672330629071378  0.21683916899724989  0.22672741350982295  0.23679960933011629
  0.24700099563491237  0.25662425268713995  0.26568653193324759  0.27519950604655119
  0.28513642460331512  0.29605917242043350  0.30633161936895492  0.31653024553579373
  0.32716578812951258  0.33760088523804027  0.34873351128538294  0.36020057012660656
  0.37255472701483550  0.38340752248452670  0.39426097964903040  0.40414485784445203
  0.41439814408764769  0.42350445746283283  0.43244559592923376  0.44170202922267915
  0.45172453010095304  0.46218754796941625  0.47265115561176135  0.48238891864891492
  0.49173932680146465  0.50119082765070455  0.51083910971871382  0.52062915078162653
  0.53067045015955483  0.54088498108214489  0.55104740789057149  0.56122518688957201
  0.57179485298038957  0.58316553848473973  0.59501323890580615  0.60655360447011430
  0.61732890727072154  0.62756111219802690  0.63772793632325564  0.64790198807902755
  0.65838367642889328  0.66984835068280824  0.68216829693801173  0.69449326067381578
  0.70629917475560933  0.71827824157748132  0.73003739215322638  0.74051810486868330
  0.75088556016404151  0.76135484776452522  0.77194480456810144  0.78236697025939261
  0.79306329030410938  0.80568192681487694  0.81715256951876114  0.82766240086336940
  0.83809165984638112  0.84822415190481537  0.85817021595558340  0.86791808101469226
  0.87823777206582299  0.88906677010968349  0.89989721904597020  0.91131012304080117
  0.92305475664587111  0.93495125105403842  0.94633699774052815  0.95709943622237315
  0.96840017676268986  0.97900851467452399  0.98985419819941323  1.00000000000000000
 -0.00281744094762403  0.00971146690938309  0.02085954037749328  0.03182562657151043
  0.04294306439423726  0.05433266036174965  0.06534820300341926  0.07602050148491063
  0.08685357510787278  0.09753268404349277  0.10759587650731942  0.11660933909217122
  0.12526792656980787  0.13496065889875400  0.14498305083651550  0.15509734099478284
  0.16494834650030551  0.17491278604477356  0.18490221503853788  0.19487738499126145
  0.20517947264491915  0.21611252400001496  0.22713647117897162  0.23803052265923275
  0.24850970334640843  0.25903532179530059  0.26955701192521292  0.28018078988096123
  0.29077328843879746  0.30053088585203763  0.31010883926959659  0.31961568762815223
  0.32960475328258010  0.34052544033812299  0.35042318630659219  0.36050969558521961
  0.37031306831556243  0.38054540042691654  0.39134922306465758  0.40307544286482350
  0.41515805715332993  0.42663805260835608  0.43835141439323144  0.45022679235928553
  0.46199610487750814  0.47322330509446969  0.48425655254061772  0.49539141058951808
  0.50691037216810653  0.51874209067578370  0.52996040258593025  0.54082429911411734
  0.55163126438618282  0.56185482056504188  0.57102095227539806  0.57997648536881574
  0.58946436716802353  0.59934028677984164  0.60920339983377036  0.61873547814707597
  0.62865377062966377  0.63940389803595332  0.64997072506187326  0.66004678987027998
  0.67017426192295482  0.68057248547436011  0.69139781802464417  0.70219410428461237
  0.71301621034796714  0.72369245857753561  0.73410626692549907  0.74434045910233215
  0.75462560753982777  0.76457228792474674  0.77448659503168449  0.78391131513848378
  0.79318019486542846  0.80263785888723227  0.81248626439320626  0.82268748942529557
  0.83281588576649868  0.84302380713258662  0.85356307648453922  0.86457700557992467
  0.87588693782856974  0.88752877053165413  0.89875105341442474  0.90932937531150926
  0.92004534680936034  0.93107350563285529  0.94205347094264458  0.95303987804551937
  0.96383107255160350  0.97582570674010216  0.98774387533726504  1.00000000000000000
 -0.00210485926770508  0.00815015864066239  0.01696866160426729  0.02718283893589738
  0.03771408179800316  0.04801625900962982  0.05845333830319338  0.06992884846922535
  0.08152023011678100  0.09251237519187380  0.10295998009274539  0.11239312217926267
  0.12143261603507631  0.13053665805474224  0.13995259363123025  0.14993825676386530
  0.15987572292708196  0.16996108229455764  0.18004887813475179  0.19018657977267356
  0.20062095761068183  0.21120344235294269  0.22202036573102379  0.23307267293090092
  0.24451553894935316  0.25605078868942543  0.26722815813879963  0.27789995309920701
  0.28765353621868117  0.29793382725017525  0.30834551677683480  0.31882869973617034
  0.32948115544856177  0.34049528984537714  0.35218014914044388  0.36315771560315868
  0.37426382516816631  0.38457604571063164  0.39470973085132388  0.40471721486523621
  0.41517278177196426  0.42658452157145277  0.43763854808490649  0.44914259752846963
  0.46065104978300381  0.47212370687837069  0.48336024845621672  0.49450428897680515
  0.50555988367602123  0.51679716897865069  0.52782929249956601  0.53876627654738873
  0.55005616185826489  0.56073580984127058  0.57053063606877830  0.57965500048217899
  0.58903771641760672  0.59853839810279208  0.60847026999466813  0.61890126507410681
  0.62938593543553234  0.63944128787056065  0.64977467663669652  0.66010721503130132
  0.67036651682868986  0.68063295394099432  0.69164657928229101  0.70277080498647659
  0.71441476055306075  0.72611109939557716  0.73811172068334241  0.74968461938403719
  0.76022797085275173  0.77054552393923081  0.78089399719734764  0.79094434257509172
  0.80078287342290433  0.81031575037798409  0.82019009173215029  0.83060794646863489
  0.84118619349514778  0.85217082118108667  0.86319233957043462  0.87403493415984002
  0.88482196536690227  0.89547751959365429  0.90598510525804388  0.91655883545114258
  0.92752644012607632  0.93893634108111701  0.95002687661392649  0.96047913844444910
  0.97057896324116599  0.98035673594634920  0.99014125517536500  1.00000000000000000
  0.00316950957666855  0.22554123907815657  0.25363479233083724  0.28012269461755951
  0.30617959600636291  0.33114467478196713  0.35533049846287124  0.37839651897213755
  0.40064987822569964  0.42183247501669507  0.44223425237670455  0.46211731340802670
  0.48175585012284367  0.50077094934267607  0.51914869562716892  0.53678672256134652
  0.55428534897509152  0.57124525644202762  0.58758040720519633  0.60351146911405362
  0.61909911857555755  0.63370296341729426  0.64802807835277909  0.66176973233947300
  0.67513317800066130  0.68806248068272879  0.70053266264779313  0.71251868832733167
  0.72417660199668821  0.73535923169391526  0.74609999091837875  0.75643398244198923
  0.76655302186693741  0.77636049322382483  0.78575060437883437  0.79491073592357364
  0.80378861359172216  0.81245645358105323  0.82073745267545561  0.82887003555272420
  0.83674814928471564  0.84415341526203314  0.85122113794267495  0.85803191218668973
  0.86465025712809540  0.87119068156716251  0.87747811152166899  0.88337890281151343
  0.88904464277758821  0.89454915831008464  0.90000052823579069  0.90521504929229868
  0.91023455220094485  0.91505394044971045  0.91944782689428284  0.92359494550239063
  0.92769452820093368  0.93173793881069655  0.93566813209996846  0.93936241278445431
  0.94274517589863249  0.94597072934420257  0.94911529645309178  0.95208214370336530
  0.95508332106097305  0.95778727768470451  0.96023520140136687  0.96250008978802304
  0.96465271949509301  0.96673319874178965  0.96873800437766866  0.97064288147142008
  0.97244563125467254  0.97416585122118848  0.97584184201098600  0.97748260303764356
  0.97906507160627543  0.98044045105889277  0.98177035853093919  0.98303874501284605
  0.98425469593127646  0.98542926100842665  0.98653077859742921  0.98759841369035617
  0.98863468394251519  0.98963595312584962  0.99063540358143531  0.99161668876561104
  0.99256603214139572  0.99347222243058053  0.99438862522440818  0.99532655461117048
  0.99634141766726592  0.99743917417756878  0.99865753707876226  1.00000000000000000
   5.0384204681335402E-010  -1.0000000000000000     
 F F F F F F F F F F F F F F F F F F F F F F F F F F F F F F F F F F F F F F F F F F F F F F F F F F F F F F F F F F F F F F F F
  <DiscreteSampler_grid>
  grouped_processes
  1 # 1 for a reference and 2 for a running grid.
  10 # Attribute 'min_bin_probing_points' of the grid.
  1 # Attribute 'grid_mode' of the grid. 1=='default',2=='initialization'
  0.0000000000000000 # Attribute 'small_contrib_threshold' of the grid.
  0.5000000000000000 # Attribute 'damping_power' of the grid.
 # binID   n_entries weight   weight_sqr   abs_weight
    10   10   3.576427523122886E+001   6.816745723231371E+003   3.576427523122886E+001
  </DiscreteSampler_grid>
