0.20380E-04 0.62564E-08 0.00000E+01 14471170 0 0 864809 0.42428E+11 0.00000E+01 0.20380E-04 0.00000E+01 0.00000E+01 0
1 2.0073e-05 2.8857e-07 1.4376 0.00036196 2.0073e-05
2 2.0186e-05 1.5432e-07 1.0812 0.00015794 2.0186e-05
3 2.0502e-05 9.0233e-08 0.88024 0.00019653 2.0502e-05
4 2.0514e-05 1.576e-07 1.0865 0.00021617 2.0514e-05
5 2.0393e-05 8.963e-08 0.87902 0.0001105 2.0393e-05
6 2.044e-05 5.4475e-08 0.7538 7.4896e-05 2.044e-05
7 2.0333e-05 2.9324e-07 1.4422 0.00023083 2.0333e-05
8 2.0447e-05 1.5384e-07 1.064 0.00015542 2.0447e-05
9 2.0405e-05 8.888e-08 0.87115 9.8377e-05 2.0405e-05
10 2.0346e-05 2.9743e-07 1.4619 0.00032794 2.0346e-05
11 2.0249e-05 1.5158e-07 1.0586 0.00013455 2.0249e-05
12 2.0404e-05 8.9474e-08 0.87703 0.00010388 2.0404e-05
13 2.0427e-05 1.545e-07 1.0697 0.00018106 2.0427e-05
14 2.0489e-05 8.9237e-08 0.87105 0.00011117 2.0489e-05
15 2.0412e-05 5.4048e-08 0.74893 9.1997e-05 2.0412e-05
16 2.0534e-05 1.538e-07 1.0592 0.00014339 2.0534e-05
17 2.0278e-05 8.7404e-08 0.86208 0.00010969 2.0278e-05
18 2.0347e-05 5.3607e-08 0.74517 8.3938e-05 2.0347e-05
19 2.0166e-05 2.8736e-07 1.425 0.0002625 2.0166e-05
20 2.0495e-05 1.563e-07 1.0785 0.00025417 2.0495e-05
21 2.0492e-05 8.9587e-08 0.87437 0.00011209 2.0492e-05
22 2.0594e-05 1.5374e-07 1.0557 0.00015814 2.0594e-05
23 2.0211e-05 8.7224e-08 0.86313 0.00016445 2.0211e-05
24 2.0385e-05 5.376e-08 0.74591 8.3706e-05 2.0385e-05
25 2.0617e-05 1.5826e-07 1.0856 0.00016056 2.0617e-05
26 2.0414e-05 8.9416e-08 0.87604 9.8255e-05 2.0414e-05
27 2.048e-05 5.4467e-08 0.75221 7.308e-05 2.048e-05
28 2.0506e-05 2.9346e-07 1.4311 0.00023488 2.0506e-05
29 2.0215e-05 1.552e-07 1.0858 0.00020333 2.0215e-05
30 2.0359e-05 8.9985e-08 0.88399 0.00010254 2.0359e-05
31 2.0289e-05 1.5485e-07 1.0794 0.00014179 2.0289e-05
32 2.0259e-05 8.817e-08 0.87045 9.7206e-05 2.0259e-05
33 2.0352e-05 5.4274e-08 0.75426 8.2928e-05 2.0352e-05
34 2.06e-05 1.5577e-07 1.0694 0.00015024 2.06e-05
35 2.0392e-05 8.8116e-08 0.86424 0.00018988 2.0392e-05
36 2.0388e-05 5.3541e-08 0.74279 7.4137e-05 2.0388e-05
37 2.0144e-05 2.9663e-07 1.4726 0.00032663 2.0144e-05
38 2.0462e-05 1.5561e-07 1.0754 0.00013693 2.0462e-05
39 2.0351e-05 8.9151e-08 0.87616 0.00015953 2.0351e-05
40 2.066e-05 1.5591e-07 1.0672 0.00014566 2.066e-05
41 2.0386e-05 8.756e-08 0.85901 0.00010721 2.0386e-05
42 2.0385e-05 5.3652e-08 0.7444 7.628e-05 2.0385e-05
43 2.0296e-05 1.5195e-07 1.0588 0.00016754 2.0296e-05
44 2.0396e-05 8.858e-08 0.8686 0.00010181 2.0396e-05
45 2.0403e-05 5.3934e-08 0.74766 8.8837e-05 2.0403e-05
46 2.0041e-05 2.8192e-07 1.4067 0.00025973 2.0041e-05
47 2.0387e-05 1.5381e-07 1.067 0.00013363 2.0387e-05
48 2.0501e-05 8.814e-08 0.85987 9.5684e-05 2.0501e-05
49 2.0133e-05 2.9848e-07 1.4826 0.00053623 2.0133e-05
50 2.0355e-05 1.5613e-07 1.0848 0.00017456 2.0355e-05
51 2.0439e-05 8.8782e-08 0.86875 9.9438e-05 2.0439e-05
52 2.0522e-05 1.5502e-07 1.0683 0.00015001 2.0522e-05
53 2.0456e-05 8.9067e-08 0.8708 0.00018359 2.0456e-05
54 2.0316e-05 5.3915e-08 0.75063 7.1335e-05 2.0316e-05
55 2.035e-05 2.962e-07 1.4555 0.00026134 2.035e-05
56 2.0266e-05 1.5411e-07 1.0754 0.00017739 2.0266e-05
57 2.0418e-05 8.9471e-08 0.8764 0.00016919 2.0418e-05
58 1.9748e-05 2.7955e-07 1.4156 0.00023424 1.9748e-05
59 2.0385e-05 1.5627e-07 1.0841 0.0001616 2.0385e-05
60 2.0267e-05 8.9795e-08 0.88612 0.00011855 2.0267e-05
61 2.0625e-05 3.0465e-07 1.4771 0.00031877 2.0625e-05
62 2.0335e-05 1.5238e-07 1.0597 0.00014029 2.0335e-05
63 2.048e-05 8.8593e-08 0.86517 0.0001027 2.048e-05
64 2.0618e-05 3.0429e-07 1.4758 0.00024012 2.0618e-05
65 2.0158e-05 1.5565e-07 1.092 0.00017764 2.0158e-05
66 2.031e-05 8.9103e-08 0.87745 0.0001164 2.031e-05
67 2.0329e-05 1.5229e-07 1.0595 0.00015015 2.0329e-05
68 2.0442e-05 8.9249e-08 0.87317 0.00012552 2.0442e-05
69 2.039e-05 5.4457e-08 0.7554 7.9695e-05 2.039e-05
70 1.9828e-05 2.88e-07 1.4525 0.0002443 1.9828e-05
71 2.0163e-05 1.5388e-07 1.0793 0.00016707 2.0163e-05
72 2.0383e-05 8.9982e-08 0.88292 0.00016169 2.0383e-05
73 2.041e-05 1.541e-07 1.0678 0.00016814 2.041e-05
74 2.0383e-05 8.9208e-08 0.87531 0.00010144 2.0383e-05
75 2.0373e-05 5.4356e-08 0.75464 8.0548e-05 2.0373e-05
76 2.0373e-05 1.5425e-07 1.0707 0.0001914 2.0373e-05
77 2.0207e-05 8.8133e-08 0.8723 0.00010437 2.0207e-05
78 2.0355e-05 5.3909e-08 0.74908 8.3954e-05 2.0355e-05
79 2.0314e-05 1.5488e-07 1.0783 0.00017738 2.0314e-05
80 2.0414e-05 9.0253e-08 0.88425 0.00010527 2.0414e-05
81 2.0348e-05 5.4753e-08 0.76109 8.1618e-05 2.0348e-05
82 2.0347e-05 1.5383e-07 1.0692 0.00014716 2.0347e-05
83 2.0387e-05 8.771e-08 0.86046 0.0001515 2.0387e-05
84 2.0386e-05 5.338e-08 0.74062 7.4205e-05 2.0386e-05
85 2.0516e-05 1.5606e-07 1.0757 0.00013987 2.0516e-05
86 2.0461e-05 8.9067e-08 0.87059 0.00010238 2.0461e-05
87 2.0383e-05 5.4038e-08 0.74984 8.3311e-05 2.0383e-05
88 2.0528e-05 2.8735e-07 1.3998 0.00027723 2.0528e-05
89 2.0197e-05 1.5236e-07 1.0668 0.00016655 2.0197e-05
90 2.044e-05 8.8625e-08 0.8672 0.00010532 2.044e-05
91 1.9842e-05 2.8927e-07 1.4578 0.00025891 1.9842e-05
92 2.027e-05 1.5496e-07 1.0811 0.00013758 2.027e-05
93 2.0553e-05 8.9585e-08 0.87174 0.00016791 2.0553e-05
94 2.0445e-05 2.9368e-07 1.4364 0.0002444 2.0445e-05
95 2.0203e-05 1.5165e-07 1.0616 0.00014296 2.0203e-05
96 2.0431e-05 8.8499e-08 0.86631 0.00010317 2.0431e-05
97 2.0502e-05 1.5616e-07 1.0772 0.00015745 2.0502e-05
98 2.0478e-05 8.9465e-08 0.87377 0.00011894 2.0478e-05
99 2.0395e-05 5.4321e-08 0.75334 8.6038e-05 2.0395e-05
100 2.0458e-05 1.5541e-07 1.0743 0.00014575 2.0458e-05
101 2.054e-05 8.9133e-08 0.86792 0.00010157 2.054e-05
102 2.0375e-05 5.3845e-08 0.74747 9.527e-05 2.0375e-05
103 2.097e-05 2.9898e-07 1.4257 0.00025197 2.097e-05
104 2.0373e-05 1.5552e-07 1.0795 0.00014654 2.0373e-05
105 2.0383e-05 9.0317e-08 0.88619 0.00010582 2.0383e-05
106 2.0369e-05 1.5395e-07 1.0689 0.00016815 2.0369e-05
107 2.0389e-05 8.9425e-08 0.8772 0.00017396 2.0389e-05
108 2.0417e-05 5.4395e-08 0.75356 7.6109e-05 2.0417e-05
109 2.0356e-05 2.934e-07 1.4414 0.00030963 2.0356e-05
110 2.034e-05 1.539e-07 1.07 0.00015071 2.034e-05
111 2.0451e-05 8.9224e-08 0.87256 9.6461e-05 2.0451e-05
112 2.0098e-05 1.5002e-07 1.0556 0.00015169 2.0098e-05
113 2.0503e-05 8.7896e-08 0.85741 0.00014758 2.0503e-05
114 2.0346e-05 5.3563e-08 0.74461 7.5715e-05 2.0346e-05
115 2.0237e-05 2.9881e-07 1.4765 0.00024076 2.0237e-05
116 2.0259e-05 1.5316e-07 1.0692 0.00015564 2.0259e-05
117 2.0242e-05 8.8134e-08 0.8708 9.9097e-05 2.0242e-05
118 2.0428e-05 1.5473e-07 1.0712 0.00015527 2.0428e-05
119 2.0436e-05 8.9527e-08 0.87617 0.00010469 2.0436e-05
120 2.0342e-05 5.4203e-08 0.75367 8.3511e-05 2.0342e-05
121 1.9915e-05 2.8941e-07 1.4533 0.00031612 1.9915e-05
122 1.9955e-05 1.5201e-07 1.0773 0.00015448 1.9955e-05
123 2.0316e-05 8.8629e-08 0.8725 9.5454e-05 2.0316e-05
124 2.045e-05 2.9716e-07 1.4531 0.00025307 2.045e-05
125 2.0423e-05 1.5367e-07 1.0641 0.00014982 2.0423e-05
126 2.0397e-05 8.8022e-08 0.86308 0.00010849 2.0397e-05
127 2.0121e-05 2.8788e-07 1.4307 0.0003292 2.0121e-05
128 2.0329e-05 1.506e-07 1.0476 0.00014699 2.0329e-05
129 2.0316e-05 8.7722e-08 0.86357 0.00010514 2.0316e-05
130 2.0032e-05 2.8706e-07 1.433 0.00023287 2.0032e-05
131 2.0262e-05 1.5451e-07 1.0784 0.00018813 2.0262e-05
132 2.0275e-05 8.8584e-08 0.87383 0.00010668 2.0275e-05
133 2.0332e-05 1.549e-07 1.0774 0.00016624 2.0332e-05
134 2.0265e-05 8.828e-08 0.87125 0.0001091 2.0265e-05
135 2.034e-05 5.4002e-08 0.75093 8.0865e-05 2.034e-05
136 2.0019e-05 2.8618e-07 1.4295 0.00025151 2.0019e-05
137 1.9977e-05 1.5169e-07 1.0738 0.00017376 1.9977e-05
138 2.046e-05 9.0581e-08 0.88545 0.00020755 2.046e-05
139 2.0511e-05 1.5503e-07 1.0689 0.00017501 2.0511e-05
140 2.0306e-05 8.8291e-08 0.86963 0.00010108 2.0306e-05
141 2.0376e-05 5.3935e-08 0.74867 8.4517e-05 2.0376e-05
142 2.0678e-05 3.0117e-07 1.4565 0.00029821 2.0678e-05
143 2.0418e-05 1.5522e-07 1.0751 0.00015709 2.0418e-05
144 2.0408e-05 8.9457e-08 0.87668 0.00015403 2.0408e-05
145 2.0114e-05 2.832e-07 1.408 0.00025499 2.0114e-05
146 2.0262e-05 1.4975e-07 1.0452 0.00014623 2.0262e-05
147 2.0456e-05 8.8895e-08 0.86913 0.000156 2.0456e-05
148 2.0202e-05 2.9259e-07 1.4483 0.00028615 2.0202e-05
149 2.0315e-05 1.5224e-07 1.0598 0.00014015 2.0315e-05
150 2.0437e-05 8.8752e-08 0.86854 0.00010062 2.0437e-05
151 2.067e-05 3.0297e-07 1.4658 0.00043812 2.067e-05
152 2.021e-05 1.5105e-07 1.057 0.00013429 2.021e-05
153 2.0425e-05 8.8986e-08 0.87136 9.2883e-05 2.0425e-05
154 2.026e-05 2.9169e-07 1.4397 0.00027621 2.026e-05
155 2.0425e-05 1.5559e-07 1.0773 0.00016506 2.0425e-05
156 2.0547e-05 9.0254e-08 0.87849 0.00011498 2.0547e-05
157 2.0401e-05 1.5547e-07 1.0778 0.00017037 2.0401e-05
158 2.0346e-05 8.9852e-08 0.88324 9.8907e-05 2.0346e-05
159 2.0414e-05 5.4586e-08 0.75631 7.4155e-05 2.0414e-05
160 2.0043e-05 2.9364e-07 1.4651 0.00029112 2.0043e-05
161 2.0361e-05 1.5538e-07 1.0792 0.00015493 2.0361e-05
162 2.0341e-05 8.9756e-08 0.88251 0.00016182 2.0341e-05
163 2.0195e-05 2.9121e-07 1.4419 0.00029662 2.0195e-05
164 2.0349e-05 1.5268e-07 1.0611 0.0001515 2.0349e-05
165 2.0369e-05 8.8775e-08 0.87165 0.00010962 2.0369e-05
166 2.0515e-05 1.587e-07 1.094 0.00017844 2.0515e-05
167 2.0314e-05 8.9698e-08 0.8831 0.00016813 2.0314e-05
168 2.0446e-05 5.4576e-08 0.755 7.9861e-05 2.0446e-05
169 2.0057e-05 2.9697e-07 1.4807 0.0002924 2.0057e-05
170 2.033e-05 1.5581e-07 1.0839 0.00021913 2.033e-05
171 2.0387e-05 8.945e-08 0.87752 9.673e-05 2.0387e-05
172 2.0839e-05 2.9908e-07 1.4352 0.00035474 2.0839e-05
173 2.0345e-05 1.5264e-07 1.061 0.00016418 2.0345e-05
174 2.0317e-05 8.7927e-08 0.86557 0.00011901 2.0317e-05
175 2.0473e-05 3.0409e-07 1.4853 0.00028625 2.0473e-05
176 2.0395e-05 1.5402e-07 1.068 0.00019955 2.0395e-05
177 2.0388e-05 8.8956e-08 0.87261 0.00010017 2.0388e-05
178 2.0508e-05 1.5527e-07 1.0707 0.00014229 2.0508e-05
179 2.0468e-05 8.9366e-08 0.87323 0.00010471 2.0468e-05
180 2.0446e-05 5.3982e-08 0.74676 7.7186e-05 2.0446e-05
181 2.0664e-05 2.9918e-07 1.4478 0.00026189 2.0664e-05
182 2.0359e-05 1.5481e-07 1.0754 0.00018784 2.0359e-05
183 2.0325e-05 8.9087e-08 0.87663 0.00010412 2.0325e-05
184 2.0117e-05 2.9022e-07 1.4427 0.00031774 2.0117e-05
185 2.0357e-05 1.5126e-07 1.0508 0.00014939 2.0357e-05
186 2.0424e-05 8.8084e-08 0.86254 9.5076e-05 2.0424e-05
187 2.0443e-05 1.5704e-07 1.0864 0.00015423 2.0443e-05
188 2.0394e-05 9.0279e-08 0.88533 0.00017314 2.0394e-05
189 2.0445e-05 5.4877e-08 0.75918 8.2947e-05 2.0445e-05
190 2.0249e-05 2.8996e-07 1.432 0.00023015 2.0249e-05
191 2.0438e-05 1.5498e-07 1.0724 0.00017245 2.0438e-05
192 2.0316e-05 8.836e-08 0.86985 0.00010079 2.0316e-05
193 2.0297e-05 1.5406e-07 1.0734 0.00016377 2.0297e-05
194 2.0342e-05 8.8445e-08 0.86958 0.00010045 2.0342e-05
195 2.0407e-05 5.4358e-08 0.7534 7.71e-05 2.0407e-05
196 2.0224e-05 2.9304e-07 1.449 0.00025485 2.0224e-05
197 2.0086e-05 1.5061e-07 1.0604 0.00015163 2.0086e-05
198 2.0272e-05 8.9142e-08 0.87944 0.00010192 2.0272e-05
199 2.022e-05 2.9234e-07 1.4458 0.00023631 2.022e-05
200 2.0252e-05 1.5442e-07 1.0783 0.00016896 2.0252e-05
201 2.0377e-05 9.0391e-08 0.88718 0.00012157 2.0377e-05
202 2.0012e-05 2.837e-07 1.4177 0.00025575 2.0012e-05
203 2.0581e-05 1.5609e-07 1.0726 0.00015732 2.0581e-05
204 2.0292e-05 8.9098e-08 0.87818 0.00010497 2.0292e-05
205 2.0624e-05 2.9849e-07 1.4473 0.00026277 2.0624e-05
206 2.0344e-05 1.5507e-07 1.078 0.00016789 2.0344e-05
207 2.0396e-05 8.9686e-08 0.87944 0.0001 2.0396e-05
208 2.0312e-05 1.5281e-07 1.0639 0.00016355 2.0312e-05
209 2.0475e-05 8.8551e-08 0.86497 0.00010477 2.0475e-05
210 2.026e-05 5.3359e-08 0.74494 7.3848e-05 2.026e-05
211 2.0388e-05 1.5467e-07 1.0729 0.00017048 2.0388e-05
212 2.0371e-05 8.8771e-08 0.87153 0.00010515 2.0371e-05
213 2.0361e-05 5.4098e-08 0.75149 9.4226e-05 2.0361e-05
214 2.0405e-05 3.0069e-07 1.4736 0.00027279 2.0405e-05
215 2.0158e-05 1.5403e-07 1.0806 0.0001857 2.0158e-05
216 2.0371e-05 8.8746e-08 0.87129 0.0001035 2.0371e-05
217 2.0806e-05 3.0842e-07 1.4823 0.00038385 2.0806e-05
218 2.0261e-05 1.5491e-07 1.0813 0.00015475 2.0261e-05
219 2.0239e-05 8.9168e-08 0.88117 0.000243 2.0239e-05
220 2.0988e-05 2.9638e-07 1.4122 0.00023919 2.0988e-05
221 2.0449e-05 1.5026e-07 1.0391 0.0001356 2.0449e-05
222 2.047e-05 8.7684e-08 0.85672 0.00018032 2.047e-05
223 2.03e-05 2.937e-07 1.4468 0.00031501 2.03e-05
224 2.0413e-05 1.5361e-07 1.0642 0.00015183 2.0413e-05
225 2.0237e-05 8.8711e-08 0.8767 0.00012362 2.0237e-05
226 2.0297e-05 2.9025e-07 1.43 0.00027628 2.0297e-05
227 2.0277e-05 1.5529e-07 1.083 0.00015614 2.0277e-05
228 2.0358e-05 8.9439e-08 0.87865 0.00011045 2.0358e-05
229 2.0607e-05 1.5616e-07 1.0717 0.00016065 2.0607e-05
230 2.0367e-05 9.004e-08 0.88419 0.00018572 2.0367e-05
231 2.0378e-05 5.4532e-08 0.75687 8.1919e-05 2.0378e-05
232 2.0521e-05 2.9803e-07 1.4523 0.00032048 2.0521e-05
233 2.0317e-05 1.5399e-07 1.0719 0.00015695 2.0317e-05
234 2.0366e-05 8.9588e-08 0.8798 0.00010309 2.0366e-05
235 2.0438e-05 1.5299e-07 1.0587 0.00014081 2.0438e-05
236 2.0394e-05 8.8941e-08 0.87223 0.00020718 2.0394e-05
237 2.0333e-05 5.3732e-08 0.74744 7.2991e-05 2.0333e-05
238 2.0377e-05 1.575e-07 1.0931 0.00018867 2.0377e-05
239 2.0399e-05 9.0118e-08 0.88357 0.00010268 2.0399e-05
240 2.0428e-05 5.4617e-08 0.75623 7.7868e-05 2.0428e-05
241 2.0598e-05 1.578e-07 1.0834 0.00016914 2.0598e-05
242 2.045e-05 8.8569e-08 0.86619 0.00011936 2.045e-05
243 2.0426e-05 5.4071e-08 0.74873 8.1548e-05 2.0426e-05
244 2.0891e-05 3.0367e-07 1.4536 0.00024516 2.0891e-05
245 2.034e-05 1.5543e-07 1.0807 0.00016367 2.034e-05
246 2.0374e-05 8.9884e-08 0.88234 9.9e-05 2.0374e-05
247 2.061e-05 1.5766e-07 1.0818 0.00018691 2.061e-05
248 2.0483e-05 9.0307e-08 0.88179 0.00015338 2.0483e-05
249 2.0442e-05 5.4229e-08 0.75034 8.4815e-05 2.0442e-05
250 2.0468e-05 1.5666e-07 1.0824 0.00014291 2.0468e-05
251 2.0374e-05 8.8633e-08 0.87004 0.00010052 2.0374e-05
252 2.0372e-05 5.3345e-08 0.74064 7.837e-05 2.0372e-05
253 2.0533e-05 3.0121e-07 1.467 0.00032735 2.0533e-05
254 2.0422e-05 1.5667e-07 1.085 0.00017227 2.0422e-05
255 2.0319e-05 8.9823e-08 0.88411 0.00010995 2.0319e-05
256 2.0474e-05 1.5685e-07 1.0834 0.00015715 2.0474e-05
257 2.0368e-05 8.9562e-08 0.87944 0.0001455 2.0368e-05
258 2.0364e-05 5.464e-08 0.75891 7.7073e-05 2.0364e-05
259 2.0483e-05 1.5792e-07 1.0903 0.00015203 2.0483e-05
260 2.0391e-05 8.9089e-08 0.8738 0.00010055 2.0391e-05
261 2.0395e-05 5.4148e-08 0.75093 7.7009e-05 2.0395e-05
262 2.0414e-05 1.5276e-07 1.0583 0.00015295 2.0414e-05
263 2.0473e-05 8.8082e-08 0.86046 9.7672e-05 2.0473e-05
264 2.0351e-05 5.3755e-08 0.7471 8.1185e-05 2.0351e-05
265 1.9752e-05 2.8768e-07 1.4565 0.00027893 1.9752e-05
266 2.0456e-05 1.5837e-07 1.0949 0.00015578 2.0456e-05
267 2.0534e-05 9.0391e-08 0.8804 0.00010093 2.0534e-05
268 2.0579e-05 2.9808e-07 1.4485 0.00029724 2.0579e-05
269 2.0362e-05 1.5706e-07 1.0909 0.00018417 2.0362e-05
270 2.0326e-05 8.9512e-08 0.88079 9.9513e-05 2.0326e-05
271 2.0524e-05 1.5716e-07 1.0829 0.00014816 2.0524e-05
272 2.04e-05 8.9001e-08 0.87257 0.0001645 2.04e-05
273 2.0402e-05 5.4313e-08 0.75295 0.0001502 2.0402e-05
274 1.9938e-05 2.8694e-07 1.4391 0.00033886 1.9938e-05
275 2.0475e-05 1.5574e-07 1.0757 0.0001586 2.0475e-05
276 2.0457e-05 8.8957e-08 0.86968 0.00010125 2.0457e-05
277 2.046e-05 1.5398e-07 1.0644 0.00016112 2.046e-05
278 2.0446e-05 8.8905e-08 0.86966 9.8346e-05 2.0446e-05
279 2.0417e-05 5.4001e-08 0.74809 8.167e-05 2.0417e-05
280 2.0377e-05 1.5557e-07 1.0797 0.00014268 2.0377e-05
281 2.0455e-05 8.9048e-08 0.87067 0.00011583 2.0455e-05
282 2.0392e-05 5.3751e-08 0.74555 7.2914e-05 2.0392e-05
283 2.0627e-05 2.95e-07 1.4302 0.00026581 2.0627e-05
284 2.0375e-05 1.5351e-07 1.0655 0.00014143 2.0375e-05
285 2.0269e-05 8.7993e-08 0.86823 0.00010002 2.0269e-05
286 2.059e-05 1.5758e-07 1.0824 0.00016255 2.059e-05
287 2.0364e-05 9.013e-08 0.88519 0.00010574 2.0364e-05
288 2.0388e-05 5.4457e-08 0.75549 8.3912e-05 2.0388e-05
289 2.018e-05 2.9202e-07 1.4471 0.00024813 2.018e-05
290 2.0183e-05 1.5311e-07 1.0728 0.00017852 2.0183e-05
291 2.0186e-05 8.8602e-08 0.87784 9.9979e-05 2.0186e-05
292 2.0398e-05 1.5444e-07 1.0707 0.00021788 2.0398e-05
293 2.0448e-05 8.9164e-08 0.8721 0.00015253 2.0448e-05
294 2.0402e-05 5.4178e-08 0.75109 8.0766e-05 2.0402e-05
295 2.0406e-05 1.5307e-07 1.0608 0.0001629 2.0406e-05
296 2.0303e-05 8.7608e-08 0.86301 0.00016459 2.0303e-05
297 2.0375e-05 5.3769e-08 0.7464 7.879e-05 2.0375e-05
298 2.0038e-05 2.7938e-07 1.3943 0.00025377 2.0038e-05
299 2.0234e-05 1.5331e-07 1.0715 0.0001546 2.0234e-05
300 2.0549e-05 9.0563e-08 0.88145 0.0001014 2.0549e-05
301 2.0677e-05 1.552e-07 1.0615 0.00017214 2.0677e-05
302 2.0413e-05 8.9216e-08 0.87409 0.00010277 2.0413e-05
303 2.0408e-05 5.3959e-08 0.74784 7.7292e-05 2.0408e-05
304 2.0247e-05 2.9234e-07 1.4439 0.00030631 2.0247e-05
305 2.0113e-05 1.5464e-07 1.0874 0.00014457 2.0113e-05
306 2.0339e-05 9.0131e-08 0.8863 0.00010265 2.0339e-05
307 2.0349e-05 1.5471e-07 1.0752 0.00015959 2.0349e-05
308 2.0479e-05 8.8928e-08 0.86846 0.00015965 2.0479e-05
309 2.0433e-05 5.3288e-08 0.73764 7.7132e-05 2.0433e-05
310 2.0567e-05 1.5482e-07 1.0646 0.00015823 2.0567e-05
311 2.0283e-05 8.8375e-08 0.87141 0.00019271 2.0283e-05
312 2.0402e-05 5.4019e-08 0.7489 8.1468e-05 2.0402e-05
313 2.0522e-05 1.5324e-07 1.056 0.00014807 2.0522e-05
314 2.0301e-05 8.8142e-08 0.86833 0.00011235 2.0301e-05
315 2.0445e-05 5.3967e-08 0.7466 7.5673e-05 2.0445e-05
316 2.0379e-05 2.9289e-07 1.4372 0.00026099 2.0379e-05
317 2.0163e-05 1.5276e-07 1.0714 0.00016709 2.0163e-05
318 2.0501e-05 8.9228e-08 0.87046 0.00010837 2.0501e-05
319 2.0323e-05 1.5227e-07 1.0596 0.00014197 2.0323e-05
320 2.0333e-05 8.754e-08 0.86108 0.00011371 2.0333e-05
321 2.0454e-05 5.3427e-08 0.7388 7.5452e-05 2.0454e-05
322 2.0431e-05 2.8969e-07 1.4179 0.00029924 2.0431e-05
323 2.0293e-05 1.5142e-07 1.0552 0.00016178 2.0293e-05
324 2.0394e-05 8.9168e-08 0.87444 0.00010277 2.0394e-05
325 2.0471e-05 2.8966e-07 1.415 0.00024957 2.0471e-05
326 2.0215e-05 1.4951e-07 1.0459 0.00018055 2.0215e-05
327 2.0486e-05 8.6912e-08 0.84852 0.00012953 2.0486e-05
328 2.0856e-05 2.9711e-07 1.4246 0.00025775 2.0856e-05
329 2.0178e-05 1.508e-07 1.0569 0.00016342 2.0178e-05
330 2.0469e-05 8.9671e-08 0.87615 0.0001808 2.0469e-05
331 2.0575e-05 1.5513e-07 1.0663 0.00017747 2.0575e-05
332 2.0479e-05 8.857e-08 0.865 0.00017368 2.0479e-05
333 2.0457e-05 5.3577e-08 0.74077 8.052e-05 2.0457e-05
334 2.0481e-05 1.5616e-07 1.0783 0.00015089 2.0481e-05
335 2.0422e-05 8.9213e-08 0.87368 0.00010782 2.0422e-05
336 2.0373e-05 5.3969e-08 0.74926 7.7424e-05 2.0373e-05
337 2.0432e-05 1.5481e-07 1.0715 0.00017303 2.0432e-05
338 2.0435e-05 8.9248e-08 0.87348 0.00016152 2.0435e-05
339 2.0448e-05 5.4422e-08 0.75279 7.7738e-05 2.0448e-05
340 2.0302e-05 2.9308e-07 1.4436 0.00025308 2.0302e-05
341 2.0403e-05 1.5336e-07 1.063 0.00014632 2.0403e-05
342 2.0529e-05 8.9863e-08 0.87547 9.837e-05 2.0529e-05
343 2.0426e-05 1.5423e-07 1.0678 0.00013879 2.0426e-05
344 2.0392e-05 8.8145e-08 0.86451 0.0001026 2.0392e-05
345 2.0431e-05 5.3498e-08 0.74062 7.1202e-05 2.0431e-05
346 2.057e-05 1.5415e-07 1.0598 0.00015062 2.057e-05
347 2.0327e-05 8.8158e-08 0.8674 0.00017996 2.0327e-05
348 2.0373e-05 5.3496e-08 0.74271 7.8394e-05 2.0373e-05
349 1.9981e-05 2.9495e-07 1.4761 0.0003858 1.9981e-05
350 2.0125e-05 1.5306e-07 1.0756 0.0001771 2.0125e-05
351 2.0168e-05 8.8712e-08 0.87972 0.00017353 2.0168e-05
352 2.0531e-05 3.0197e-07 1.4708 0.00034219 2.0531e-05
353 2.028e-05 1.5404e-07 1.0741 0.0001511 2.028e-05
354 2.0306e-05 8.8813e-08 0.87475 0.00011605 2.0306e-05
355 2.0487e-05 2.9234e-07 1.4269 0.00027214 2.0487e-05
356 2.0353e-05 1.5201e-07 1.0562 0.00015838 2.0353e-05
357 2.0445e-05 8.7738e-08 0.8583 9.9315e-05 2.0445e-05
358 2.045e-05 1.5684e-07 1.0846 0.00014265 2.045e-05
359 2.0384e-05 8.9302e-08 0.87619 0.00011596 2.0384e-05
360 2.0363e-05 5.3852e-08 0.748 7.8876e-05 2.0363e-05
361 2.0552e-05 1.5395e-07 1.0594 0.00013321 2.0552e-05
362 2.0504e-05 8.9703e-08 0.87499 9.6033e-05 2.0504e-05
363 2.0402e-05 5.4124e-08 0.75037 8.8309e-05 2.0402e-05
364 2.0485e-05 2.8906e-07 1.411 0.00026841 2.0485e-05
365 2.0402e-05 1.5276e-07 1.0589 0.00016041 2.0402e-05
366 2.0437e-05 8.8319e-08 0.86431 0.00012968 2.0437e-05
367 2.0534e-05 1.5375e-07 1.0589 0.00014649 2.0534e-05
368 2.0188e-05 8.6991e-08 0.86182 0.00015457 2.0188e-05
369 2.0317e-05 5.3601e-08 0.7462 7.7927e-05 2.0317e-05
370 2.0344e-05 2.856e-07 1.4039 0.00025402 2.0344e-05
371 2.0411e-05 1.5336e-07 1.0626 0.00014439 2.0411e-05
372 2.0246e-05 8.8028e-08 0.8696 0.00010916 2.0246e-05
373 2.0744e-05 3.0181e-07 1.4549 0.00037709 2.0744e-05
374 2.0136e-05 1.532e-07 1.076 0.00015224 2.0136e-05
375 2.0509e-05 8.8423e-08 0.86228 0.00011187 2.0509e-05
376 2.0344e-05 2.9027e-07 1.4268 0.00025985 2.0344e-05
377 2.0439e-05 1.5404e-07 1.0658 0.0001528 2.0439e-05
378 2.0267e-05 8.8708e-08 0.87539 0.00010864 2.0267e-05
379 2.0383e-05 2.9414e-07 1.4431 0.0003025 2.0383e-05
380 2.0293e-05 1.5256e-07 1.0632 0.00015492 2.0293e-05
381 2.0357e-05 8.9596e-08 0.88026 0.00010219 2.0357e-05
382 2.0149e-05 2.91e-07 1.4442 0.00033671 2.0149e-05
383 2.0609e-05 1.563e-07 1.0726 0.00016032 2.0609e-05
384 2.0495e-05 9.0307e-08 0.88124 0.00012229 2.0495e-05
385 2.0457e-05 1.5611e-07 1.0792 0.00014048 2.0457e-05
386 2.0284e-05 8.8819e-08 0.87575 0.00010219 2.0284e-05
387 2.0392e-05 5.3988e-08 0.74883 0.00013827 2.0392e-05
388 2.0626e-05 2.9412e-07 1.426 0.00035113 2.0626e-05
389 2.0434e-05 1.549e-07 1.072 0.00020381 2.0434e-05
390 2.0547e-05 8.9801e-08 0.87411 0.00015151 2.0547e-05
<lo_statistics>
<cumulated_time> 1184.529592 </cumulated_time>
</lo_statistics>