  0.00363693568752066  0.01002398743154934  0.01831777612633141  0.02717041305079468
  0.03654304206424623  0.04626567322343630  0.05650606622747809  0.06751949395975970
  0.07863561315974174  0.08980891796975334  0.10048330901202834  0.11138327895412609
  0.12274435672966615  0.13413984852835709  0.14569232796338907  0.15793031438327018
  0.16920161143404280  0.17994858346722961  0.19000874125107275  0.19995145217460944
  0.21034279499899738  0.22105135053668476  0.23154838918455464  0.24119483329734845
  0.25050833033044967  0.26016001296450703  0.27042346245111343  0.28089373025072528
  0.29123973002660342  0.30181188870962555  0.31291689295643776  0.32460379368432862
  0.33636164371875593  0.34792134513210804  0.35871890316296418  0.36907332955935590
  0.37945085052215699  0.38974016932217398  0.39997842617363594  0.41027746523672309
  0.42121592900601768  0.43199145684311657  0.44280673625705258  0.45333105895639736
  0.46405833694930432  0.47414727382632715  0.48426488293384556  0.49472721510599726
  0.50622815646824326  0.51742083616941204  0.52868202536506637  0.53891450155190557
  0.54963904623922366  0.55935288537728556  0.56972779352180636  0.57995843818317860
  0.59070025943613269  0.60135362748319132  0.61178540852616303  0.62264881518507709
  0.63307496798613982  0.64389508734754708  0.65435526361613627  0.66580901927873926
  0.67839544528196649  0.69059156178002368  0.70227047753292882  0.71328595680046747
  0.72485161941381260  0.73637852110481994  0.74777498008715437  0.75906395973962826
  0.76982070840440464  0.78099929616487729  0.79237885758786908  0.80326023240632893
  0.81334875109155813  0.82300556267726210  0.83264172743651121  0.84310671908482371
  0.85319003258387727  0.86417644780768110  0.87429515014127901  0.88400658457336379
  0.89435417755684632  0.90589595339814288  0.91713034360424417  0.92729026513289547
  0.93745508759035012  0.94793225929855152  0.95843726228236037  0.96765128756783891
  0.97675493797214807  0.98502947815471564  0.99251763192826903  1.00000000000000000
  0.00243169672351731  0.00444051966536945  0.00493532112779276  0.00536469730376718
  0.00583946342823438  0.00634124071191410  0.00678138003903191  0.00721705989912799
  0.00763637399517937  0.00806037393528738  0.00849751457739784  0.00895234073938781
  0.00940010647036992  0.00984131504648135  0.01028488833729062  0.01073009181641680
  0.01116924775051278  0.01162106230321257  0.01207884334333278  0.01255987825549688
  0.01305893859521351  0.01356987695098484  0.01410090073348537  0.01464855400702044
  0.01524913052796054  0.01587258330568225  0.01648965110968154  0.01708524122098542
  0.01767760413878615  0.01827784934909231  0.01888531567799033  0.01951940974251408
  0.02017632669225663  0.02084539275401046  0.02153906867644607  0.02227838757223690
  0.02306557141082974  0.02385950793797026  0.02462241760081906  0.02537446946643343
  0.02615554861981454  0.02697952758264401  0.02786648629015643  0.02880317574193372
  0.02975163136388257  0.03071015405581225  0.03168983357311914  0.03270375537555292
  0.03369059690356700  0.03459202618575075  0.03547203938184059  0.03635909988400864
  0.03729279673636955  0.03824007857324931  0.03919063458040305  0.04013345637477907
  0.04108142098360814  0.04215876846180905  0.04340523543111868  0.04474013636694840
  0.04587875444679550  0.04695155799365935  0.04802062473937059  0.04924165421030011
  0.05058862957828003  0.05199273023308515  0.05356779265220792  0.05513107093316134
  0.05652853226340151  0.05786844072874540  0.05930103955481099  0.06093866690539497
  0.06284003012848996  0.06481500135789547  0.06697448406443610  0.06940764055816957
  0.07201148443948599  0.07525184493344374  0.07906393754200663  0.08311331301293838
  0.08728370981426854  0.09121710468421018  0.09488272198796673  0.09853440883263147
  0.10270120821995213  0.10806592778816389  0.11422929946672693  0.12148410132808386
  0.13050026478171647  0.13885098874544613  0.14671053828239333  0.15716827104864350
  0.16873780151526141  0.19088687551934100  0.22012068073004717  1.00000000000000000
  0.00007750267918025  0.00007901129822684  0.00008140575154701  0.00008421690189892
  0.00008686988929044  0.00008985172111550  0.00009271753082154  0.00009557171141147
  0.00009847197768288  0.00010214997509414  0.00010626394839575  0.00011081372169008
  0.00011587782225955  0.00012080041499147  0.00012606202339645  0.00013188321239424
  0.00013771499761295  0.00014333921726764  0.00014875509309179  0.00015488274586462
  0.00016137787169531  0.00016811456002940  0.00017535368404408  0.00018303195699735
  0.00019117496242625  0.00019979112537374  0.00020876634121689  0.00021839768808844
  0.00022912491967507  0.00024034968012715  0.00025249599507241  0.00026521760400243
  0.00027931048841216  0.00029557120321894  0.00031340205492140  0.00033138787938471
  0.00034955109328248  0.00036892040797170  0.00038968901798761  0.00041106953246595
  0.00043463080506386  0.00045983634208960  0.00048610965524425  0.00051463789258774
  0.00054600384590905  0.00058024018635601  0.00061755143374761  0.00065885678684289
  0.00070410407862341  0.00075234156671621  0.00080427202346685  0.00085938024478512
  0.00092030141478213  0.00098455143895791  0.00105417354314901  0.00112866841895452
  0.00120734315646527  0.00129738810800715  0.00139646462428810  0.00150537076894805
  0.00161769931240196  0.00173327327966903  0.00186251669880756  0.00200192379827424
  0.00214120992749650  0.00229215853444156  0.00244967900636020  0.00261281645528859
  0.00278627508745021  0.00301039424613862  0.00326097695569629  0.00352749091833396
  0.00383396715228170  0.00414124766036897  0.00448497482675160  0.00485585278198422
  0.00529404837481170  0.00581970944942095  0.00645649054695342  0.00718467205788228
  0.00797826414752140  0.00886084314568464  0.00985431005465991  0.01097905148058181
  0.01227394412744230  0.01373288799046653  0.01561469129801016  0.01809450400478675
  0.02155650281335592  0.02766623623462440  0.03865776776582437  0.05282424307190179
  0.07549950976734733  0.14205371504853853  0.61345290162206845  1.00000000000000000
 -0.00123638378567160  0.00638607141628702  0.01383474389673472  0.02189321571978501
  0.02991305314902184  0.03754074175602778  0.04474215503345706  0.05183647390106011
  0.05909201429499152  0.06663855199855703  0.07445790275325659  0.08211105984058459
  0.08973348967608383  0.09731041940820337  0.10515491738214680  0.11242234305395582
  0.11957092308509372  0.12662227611201429  0.13390602547256583  0.14216840783022239
  0.14988794720409790  0.15713164490520476  0.16381998682803106  0.17064492909493520
  0.17759393648044988  0.18484061256471171  0.19250310926387723  0.20078066238099665
  0.20947423600359666  0.21843958112158657  0.22704545718689279  0.23475708822830951
  0.24232832854059666  0.25036588281705302  0.25865709091104055  0.26687262844456783
  0.27491374492320214  0.28291208186141065  0.29117483371467157  0.29965957074832900
  0.30827570843700725  0.31714488695712073  0.32631360625126549  0.33558736709317649
  0.34480936626230729  0.35390240681896690  0.36251619708026384  0.37099506971637741
  0.37977708692639828  0.38873415846466874  0.39790952240967858  0.40709705514280986
  0.41652205276330845  0.42601892912384953  0.43589282339067631  0.44560813430216029
  0.45586455991248331  0.46638987651697839  0.47640606629073168  0.48717098848943124
  0.49829116825967762  0.51061372183773701  0.52289432187579765  0.53488140843079746
  0.54588880521552408  0.55662283114629163  0.56726259606222018  0.57782828861563151
  0.58819748930332039  0.59854812020012105  0.60952267451415942  0.62163380576008287
  0.63519295579431978  0.64931506862396127  0.66307068317966422  0.67572666407902260
  0.68786774179100474  0.70018567449830715  0.71330330374130035  0.72715637698413393
  0.74048068685969759  0.75331432020020450  0.76745595836738434  0.78235179635091290
  0.79714927781037859  0.81097039423284201  0.82527271142746772  0.84084676740910191
  0.85757839342972175  0.87568149893270497  0.89508767090657071  0.91505148481013832
  0.93583050237513565  0.95650816160266916  0.97745308797988861  1.00000000000000000
 -0.00206993455286686  0.00941483024287926  0.01965131745439607  0.03008185394581799
  0.04121819907840956  0.05222063325579883  0.06367634518811408  0.07379048698125680
  0.08346360309108361  0.09403621368258258  0.10467350312041197  0.11643910944209766
  0.12781264251641525  0.13976002516076722  0.15133854413254008  0.16295164905204443
  0.17430463026398307  0.18543509465847904  0.19616107148515852  0.20699492874780495
  0.21673695801782467  0.22609734694943978  0.23525031613636202  0.24466349205359816
  0.25415450597512762  0.26337574999168328  0.27241993738029463  0.28147140745640348
  0.29085819262182233  0.30094118487407728  0.31139322931789531  0.32246672969879514
  0.33438757755762094  0.34615820554133819  0.35754580690574495  0.36855308475831611
  0.37964386016071522  0.39060488803184001  0.40120800251882094  0.41167153377213311
  0.42177807523970257  0.43167967982240701  0.44158952367186488  0.45167130814801021
  0.46156711536281431  0.47120509158507606  0.48083020994861936  0.49077988710643466
  0.50105691313120237  0.51164320545461861  0.52251245016571846  0.53307566458241429
  0.54326469362911078  0.55387207665569915  0.56509529052382779  0.57620506941665528
  0.58660823708759213  0.59743645108391907  0.60815695107726198  0.61887276133446945
  0.62937225233606120  0.63923101195876109  0.64906964759190666  0.65913983386295938
  0.66966921691957371  0.67986641324918384  0.68999183543949583  0.70081684592155347
  0.71183033007794871  0.72319642552817165  0.73336335688196841  0.74275014598462197
  0.75265610505346336  0.76404261866748890  0.77572860076164329  0.78620018912418266
  0.79684157048835802  0.80751388963431414  0.81785104645508899  0.82796037710335724
  0.83852492856130589  0.84982123438527835  0.86061850792431127  0.87190090949687615
  0.88236201217432786  0.89258681285104191  0.90264575969168293  0.91251595115021888
  0.92222509929392271  0.93275707848001632  0.94360524706054116  0.95553749023813672
  0.96648550399400068  0.97755488294999793  0.98865650770449143  1.00000000000000000
 -0.00087952661347755  0.00635577431723396  0.01329149929468044  0.02047125290402874
  0.02837342405557301  0.03680860915995416  0.04604534732736055  0.05619562599511180
  0.06612433536372363  0.07664572493365060  0.08754821653175723  0.09954124213533469
  0.11198924155918379  0.12475540694610342  0.13770456200253575  0.15055987355095182
  0.16318666083171765  0.17541971626610217  0.18829235932295052  0.20185252516170407
  0.21578004056343641  0.22998038123110898  0.24459170317144971  0.25959891682329156
  0.27459049878346831  0.28960724641875479  0.30579037649287111  0.32200377878532210
  0.33839378750607263  0.35499524440461605  0.37065096952689508  0.38511617419975797
  0.39897774704769651  0.41302148562656027  0.42789291564257170  0.44289372425116463
  0.45747165666085637  0.47172905400419629  0.48598466914080457  0.50051398823919047
  0.51556530346682672  0.52961339674935115  0.54343878229893772  0.55669012694862263
  0.56936045210538289  0.58176840351965631  0.59407260502693493  0.60641519787048181
  0.61860255574792211  0.63160496899208662  0.64521877867891253  0.65837715770619776
  0.67140867838051577  0.68447913566466378  0.69689386369499717  0.70889979779710699
  0.72084182974450017  0.73261638419875963  0.74405662550702567  0.75506502422257715
  0.76593557494753328  0.77661462246084989  0.78696876325796661  0.79688160867200564
  0.80649426674358415  0.81591501503107022  0.82510564324992608  0.83417354129256094
  0.84310104176286438  0.85174335891546638  0.85958767170500583  0.86703279353646379
  0.87416447016998899  0.88124187339569049  0.88829411207756803  0.89531036946995346
  0.90227956064473069  0.90926725611286807  0.91612099198817265  0.92273514379837007
  0.92955503945879325  0.93599538281687655  0.94160459971230814  0.94665122031614179
  0.95152803273114928  0.95629877381473205  0.96116105203686253  0.96570490664474884
  0.97001767704314534  0.97440390357257756  0.97877455411648950  0.98307013322208092
  0.98746447289742234  0.99178735602800661  0.99591079355489309  1.00000000000000000
 -0.00242618256061486  0.01067384472549621  0.02181962333894092  0.03317623814914999
  0.04441426963713538  0.05492667647075865  0.06573137575013387  0.07621202934088053
  0.08663688332801082  0.09764899460672935  0.10923015550623741  0.12069442067346813
  0.13159915539136721  0.14211452961453044  0.15244403078427868  0.16193664256402240
  0.17127577726262547  0.18118602850833854  0.19175045476644340  0.20263206115414709
  0.21347400624317775  0.22409351035256350  0.23404107119411022  0.24393970547241595
  0.25421584597463470  0.26535640445122494  0.27647339863932363  0.28712817591831086
  0.29728838726087786  0.30684836995179587  0.31663423728182638  0.32681411400204080
  0.33779984754838949  0.34948339694855657  0.36114539298108650  0.37138909861169633
  0.38113102883686756  0.39096678841339311  0.40164093096420028  0.41245422416106509
  0.42312123751057878  0.43376628022780811  0.44448377824478202  0.45567897139149460
  0.46713164621407988  0.47819252146359398  0.48828226077162484  0.49784771447365067
  0.50749653865883304  0.51737901895345251  0.52745949278542803  0.53723938296592255
  0.54746238313717255  0.55801331688948352  0.56894906644515220  0.58014402050045000
  0.59100221675235898  0.60173486173755064  0.61254518103691080  0.62371214512296402
  0.63513756063794924  0.64618235330942331  0.65672623152466658  0.66705570188367891
  0.67722178176999703  0.68738273473822442  0.69747948251693603  0.70724552056379741
  0.71611717232871830  0.72466222904756583  0.73360254275684222  0.74284650774327010
  0.75199237920848594  0.76087201184630271  0.76997811153395923  0.77986528045058889
  0.78985291684163905  0.79952310009600958  0.80948322950518048  0.81974293227943329
  0.83065812874848854  0.84150197058273257  0.85256159314487900  0.86416989011417988
  0.87529882591949992  0.88604894103442366  0.89678013165976800  0.90788483085435234
  0.91947272197263541  0.93101879833746481  0.94230806326728545  0.95351423366104049
  0.96450335284160305  0.97511073463236986  0.98736492878070303  1.00000000000000000
 -0.00239227728890942  0.00969733243962035  0.01983624469954208  0.03034692625019014
  0.04003827524842506  0.04999215328761972  0.06003435695334545  0.07086978831062928
  0.08133180849982989  0.09129544616426541  0.10137662398487365  0.11189553004727937
  0.12214492651492245  0.13186640430329102  0.14166990260434112  0.15190998190360108
  0.16280348349567675  0.17301185051956697  0.18331452538967433  0.19422546842794353
  0.20484090344282196  0.21553341998507014  0.22640201583307393  0.23804490752727403
  0.24883432460227281  0.25970501456116907  0.27060922747722693  0.28096331086955140
  0.29097671711329798  0.30121056389335016  0.31151836786937281  0.32081768737523131
  0.33007943800872869  0.33988363271921146  0.35036097192133098  0.36098853895210248
  0.37163180153473446  0.38203022224953803  0.39235399759255951  0.40293519615951207
  0.41396662997485295  0.42506896094915847  0.43583037160357252  0.44594511637508999
  0.45548469139971237  0.46488754344173860  0.47447661290068105  0.48473693175158072
  0.49565360989886709  0.50684644069628304  0.51855993171630921  0.52996008169640552
  0.54044131728751676  0.55029469089458694  0.56021775059021794  0.57041910391795136
  0.58063257713670913  0.59085945606390355  0.60093654164011412  0.61092810849151080
  0.62049588013848112  0.63025949558682559  0.64077883794752266  0.65201511714916605
  0.66426896969981530  0.67697073753005554  0.68883683430275100  0.69940179907874767
  0.70936032680381111  0.71934212399092390  0.72934521547408426  0.73962199174627685
  0.75008527337929809  0.76108090667759054  0.77210991694335129  0.78277649576530262
  0.79378127286306643  0.80489702617316805  0.81566320342828236  0.82630098247200234
  0.83636244233071444  0.84652107403074417  0.85678723847441085  0.86734766601376967
  0.87758016140748540  0.88761925729954727  0.89815132587097757  0.90950939792839358
  0.92129369282511242  0.93228423297928820  0.94294204190401842  0.95338340759076945
  0.96535340808507164  0.97735313773999977  0.98893088947257390  1.00000000000000000
  0.12049987023813971  0.59416789154595628  0.62205249145570685  0.64523476970332805
  0.66325441906280358  0.67764026523956333  0.69100716376892324  0.70358065513331358
  0.71545245451264827  0.72697787762095434  0.73775179244021760  0.74780259906996815
  0.75620280206031987  0.76403652258867105  0.77174143073101831  0.77917791826661675
  0.78622874650214170  0.79305795935743251  0.79965694531475429  0.80601108319543424
  0.81216453441414704  0.81786328703094735  0.82307090034487684  0.82820811973756192
  0.83309334192677276  0.83769427556725318  0.84223675230643980  0.84670481647897300
  0.85109735225692718  0.85515288113279198  0.85904821004749732  0.86294377512761455
  0.86681934312800901  0.87064538571188121  0.87440804691285934  0.87794456362060747
  0.88152104932328845  0.88508615049534323  0.88845331121223514  0.89164681592181017
  0.89474380812489929  0.89777689990249920  0.90075248849137579  0.90357586114670441
  0.90636911835214629  0.90914338580472376  0.91196755079889169  0.91469702419222021
  0.91716831289200751  0.91948814976189397  0.92173804473916243  0.92393343972292219
  0.92610442363080014  0.92825999514986557  0.93038129069453179  0.93244018492814584
  0.93442239654197967  0.93636387589295467  0.93819963502341630  0.93992295392340863
  0.94160089498679900  0.94330384562795566  0.94505389079004631  0.94682454318815390
  0.94867187821181587  0.95052719139011899  0.95227714954982512  0.95393361609315874
  0.95553462183554894  0.95711633145678110  0.95868719310307882  0.96026411883410945
  0.96178759032720129  0.96327361168522396  0.96470535877910679  0.96608443083325546
  0.96748568355676356  0.96886472163485260  0.97028446919168188  0.97170226678413885
  0.97309865879703539  0.97453613854786747  0.97588292483747641  0.97726385788483661
  0.97863684859908195  0.97999715932161713  0.98136066576669923  0.98274337384667243
  0.98435287779142955  0.98606048866846840  0.98796878677255706  0.99021807523358307
  0.99268790378257443  0.99511440985379918  0.99745704611151087  1.00000000000000000
   1.6086415193342075E-008  -1.0000000000000000     
 F F F F F F F F F F F F F F F F F F F F F F F F F F F F F F F F F F F F F F F F F F F F F F F F F F F F F F F F F F F F F F F F
  <DiscreteSampler_grid>
  grouped_processes
  1 # 1 for a reference and 2 for a running grid.
  10 # Attribute 'min_bin_probing_points' of the grid.
  1 # Attribute 'grid_mode' of the grid. 1=='default',2=='initialization'
  0.0000000000000000 # Attribute 'small_contrib_threshold' of the grid.
  0.5000000000000000 # Attribute 'damping_power' of the grid.
 # binID   n_entries weight   weight_sqr   abs_weight
    10   10   5.883089674364972E+001   1.242427979379094E+004   5.883089674364972E+001
  </DiscreteSampler_grid>
