  0.03085121135543933  0.19403873914855257  0.20057747829710515  0.20711621744565775
  0.21430579458164262  0.22164422578263246  0.22898265698362230  0.23448122519335207
  0.23993247265114992  0.24538372010894779  0.25083496756674567  0.25628621502454352
  0.26173746248234137  0.26718870994013927  0.27263995739793712  0.27809120485573507
  0.28354245231353298  0.28899369977133088  0.34716801480163623  0.43857756715915486
  0.44489773909355818  0.45121791102796144  0.45753808296236470  0.46385825489676802
  0.47017842683117139  0.47649859876557471  0.48281877069997803  0.48913894263438129
  0.49545911456878455  0.53065775296059714  0.54441089416848432  0.54746374339545378
  0.55051659262242325  0.55356944184939272  0.55662229107636230  0.55967514030333176
  0.56272798953030123  0.56578083875727070  0.56883368798424028  0.57188653721120974
  0.57493938643817921  0.57799223566514868  0.58104508489211826  0.58409793411908772
  0.58715078334605719  0.59020363257302677  0.59325648179999635  0.59630933102696582
  0.59936218025393539  0.60241502948090486  0.65058248871516289  0.73084476415229260
  0.73687296222789567  0.74290116030349862  0.74892935837910168  0.75495755645470475
  0.76098575453030781  0.76701395260591088  0.77133141236413016  0.77269074570032514
  0.77405007903652023  0.77540941237271521  0.77676874570891030  0.77812807904510528
  0.77948741238130037  0.78084674571749535  0.78220607905369044  0.78356541238988542
  0.78492474572608051  0.78628407906227549  0.78764341239847058  0.78900274573466556
  0.79036207907086065  0.79171009867254150  0.79278851268290984  0.79386692669327830
  0.79494534070364664  0.79602375471401499  0.79710216872438333  0.79818058273475168
  0.79925899674512013  0.80033741075548848  0.80141582476585682  0.80249423877622517
  0.80357265278659351  0.80465106679696197  0.80572948080733031  0.80680789481769866
  0.80788630882806700  0.80896472283843535  0.81004313684880380  0.81112155085917215
  0.81219996486954049  0.89110114111117578  0.96276825932938381  1.00000000000000000
  0.00004650913633412  0.00004710989459306  0.00004771065285200  0.00004831141111093
  0.00004891216936987  0.00005027058428769  0.00005216180012728  0.00005405301596687
  0.00005594423180647  0.00009733338214462  0.00011403924049795  0.00011612072681810
  0.00011820221313825  0.00012028369945840  0.00012236518577855  0.00012444667209870
  0.00012652815841885  0.00012860964473900  0.00013094556852898  0.00013333454712827
  0.00013572352572756  0.00013811250432685  0.00014050148292613  0.00014289046152542
  0.00014527944012471  0.00014766841872400  0.00014922797250385  0.00015064392431271
  0.00015205987612157  0.00015347582793044  0.00015489177973930  0.00015630773154817
  0.00015772368335703  0.00015913963516589  0.00016055558697476  0.00016197153878362
  0.00016338749059248  0.00016480344240135  0.00016621939421021  0.00016763534601908
  0.00016905129782794  0.00017070153371138  0.00017268991321959  0.00017467829272780
  0.00017666667223601  0.00017865505174422  0.00018064343125243  0.00018263181076064
  0.00018462019026885  0.00018660856977706  0.00018859694928527  0.00019058532879348
  0.00019257370830169  0.00019456208780990  0.00019678176264268  0.00019906388001544
  0.00020134599738820  0.00020362811476096  0.00020591023213372  0.00020819234950648
  0.00021047446687924  0.00021275658425199  0.00021503870162475  0.00021732081899751
  0.00021960293637027  0.00022188505374303  0.00025276125355631  0.00034653980825264
  0.00036023076783721  0.00037392172742177  0.00038761268700633  0.00040322109921509
  0.00041893458680067  0.00043464807438625  0.00045105167850227  0.00046908647661683
  0.00048712127473139  0.00050515607284594  0.00082161892107076  0.00092514150406878
  0.00096726125290465  0.00100938100174052  0.00105198879986868  0.00109473610003164
  0.00113748340019461  0.00141351515442216  0.00293087471423438  0.00606758475855524
  0.01259881621124056  0.02441750981107470  0.02458116837772674  0.02458116837773674
  0.02458116837774674  0.02458116837775674  0.02458116837776674  1.00000000000000000
  0.00001663045203285  0.00001724063643716  0.00001785082084148  0.00001846100524580
  0.00001896481477345  0.00001937969469685  0.00001979457462024  0.00002020945454364
  0.00002062433446704  0.00002103921439044  0.00002145409431384  0.00002194658367846
  0.00002245043697126  0.00002295429026407  0.00002345814355687  0.00002396199684967
  0.00002446585014248  0.00002501187023681  0.00002559015639802  0.00002616844255922
  0.00002674672872043  0.00002732501488164  0.00002790330104285  0.00003480282638343
  0.00004414235927862  0.00004593449202326  0.00004772662476790  0.00004957172491097
  0.00005162860452270  0.00005368548413444  0.00005574236374618  0.00005800262409785
  0.00006036336090702  0.00006272409771618  0.00007226334505904  0.00015776663847515
  0.00022947197732312  0.00023982672329271  0.00025018146926229  0.00026108089815073
  0.00027296532241186  0.00028484974667299  0.00029702097174118  0.00031066104948267
  0.00032430112722415  0.00033794120496564  0.00040569209510578  0.00042756642256004
  0.00044999483751358  0.00047510059951457  0.00050020636151557  0.00052734803493643
  0.00055616260246857  0.00058497717000071  0.00102112697352878  0.00103196656756437
  0.00104280616159996  0.00105364575563556  0.00106448534967115  0.00107532494370674
  0.00108616453774234  0.00109700413177793  0.00110784372581353  0.00111868331984912
  0.00112952291388471  0.00114036250792031  0.00115120210195590  0.00116204169599150
  0.00117248940049133  0.00118216229468360  0.00119183518887588  0.00120150808306815
  0.00121118097726043  0.00122085387145270  0.00123052676564498  0.00124019965983726
  0.00124987255402953  0.00125954544822181  0.00126921834241408  0.00127889123660636
  0.00128856413079863  0.00129823702499091  0.00130790991918318  0.00131758281337546
  0.00132725570756774  0.00133692860176001  0.00195347017339203  0.00426288592398589
  0.00928157170717425  0.02028122367143591  0.02364218159552408  0.02364218159553408
  0.02364218159554407  0.02364218159555407  0.02364218159556407  1.00000000000000000
  0.12249213059743247  0.29616346268072458  0.30066025869478241  0.30515705470884019
  0.30965385072289803  0.31438776809643959  0.31953054508286527  0.32467332206929095
  0.32981609905571663  0.33520839718570067  0.34114059150811182  0.34707278583052298
  0.35300498015293413  0.43319963214295987  0.53147824898724316  0.58575858521293367
  0.59089284336606773  0.59602710151920180  0.60116135967233586  0.60629561782546981
  0.61142987597860377  0.61656413413173772  0.62169839228487178  0.62683265043800573
  0.63196690859113969  0.63710116674427364  0.64223542489740770  0.67524173483807248
  0.75032380319562797  0.75167679870461701  0.75302979421360616  0.75438278972259520
  0.75573578523158436  0.75708878074057340  0.75844177624956255  0.75979477175855170
  0.76114776726754074  0.76250076277652989  0.76385375828551894  0.76520675379450809
  0.76655974930349724  0.76791274481248628  0.76926574032147543  0.77061873583046447
  0.77184728813078263  0.77305238185010683  0.77425747556943114  0.77546256928875545
  0.77666766300807966  0.77787275672740397  0.77907785044672828  0.78028294416605248
  0.78148803788537680  0.78269313160470111  0.78389822532402531  0.78510331904334962
  0.78630841276267394  0.78751350648199814  0.78871860020132245  0.78992369392064676
  0.79112878763997097  0.79233388135929528  0.79353897507861948  0.79474406879794379
  0.79594916251726799  0.79715425623659231  0.79835934995591651  0.79956444367524082
  0.80076953739456513  0.80197463111388934  0.80317972483321365  0.80438481855253785
  0.80558991227186216  0.80679500599118636  0.80800009971051068  0.80920519342983488
  0.81041028714915919  0.81161538086848339  0.81327588570426101  0.81619348049863993
  0.81911107529301874  0.82202867008739755  0.82494626488177636  0.82786385967615517
  0.83078145447053409  0.84565240381660012  0.91823804640730133  0.92390232979650089
  0.92956661318570044  0.93523089657490011  0.94049071257287531  0.94548021054574638
  0.95046970851861756  0.95545920649148863  0.96189892689386991  1.00000000000000000
  0.00224780639012654  0.02188110374246881  0.02292887415160437  0.02397664456073993
  0.02502441496987548  0.02607218537901104  0.02711995578814659  0.02816772619728215
  0.02921549660641770  0.03026326701555326  0.03131103742468881  0.03235880783382437
  0.03340657824295992  0.03445434865209548  0.03550211906123104  0.03654988947036659
  0.03759765987950215  0.03864543028863771  0.03969320069777326  0.04074097110690882
  0.04182367455604414  0.04317127581321684  0.04451887707038953  0.04586647832756223
  0.04721407958473493  0.04856168084190763  0.04990928209908033  0.05125688335625303
  0.05260448461342573  0.05395208587059842  0.05529968712777113  0.05664728838494382
  0.05799488964211652  0.05934249089928922  0.06069009215646192  0.06203769341363462
  0.13208272930203865  0.14841526279372738  0.15138238917215988  0.15434951555059240
  0.15731664192902489  0.16028376830745739  0.16325089468588991  0.16621802106432240
  0.16918514744275490  0.17215227382118736  0.17511940019961983  0.17808652657805232
  0.18105365295648479  0.18402077933491726  0.18698790571334975  0.18995503209178222
  0.19292215847021468  0.19588928484864718  0.19885641122707964  0.20182353760551211
  0.20479066398394460  0.20775779036237707  0.29370711205277589  0.31836852146050532
  0.32550286449966648  0.33263720753882769  0.33763331687959525  0.34239823184223450
  0.34716314680487381  0.35192806176751312  0.35669297673015238  0.36145789169279163
  0.36622280665543083  0.37098772161807009  0.37583702570457522  0.38113620515727370
  0.38643538460997218  0.39173456406267065  0.41982696903864880  0.52574624832158423
  0.63166552760451977  0.73758480688745531  0.79453468469977850  0.80039489930818186
  0.80625511391658522  0.81211532852498858  0.81797554313339194  0.82383575774179529
  0.82969597235019865  0.83514925561439657  0.83993665778889881  0.84472405996340116
  0.84951146213790341  0.85431618944776644  0.85973100363279409  0.86514581781782174
  0.87056063200284939  0.89408072071704903  0.96058375040690092  1.00000000000000000
  0.00636595090230304  0.02166565756948596  0.02249798180563866  0.02333030604179136
  0.02416263027794406  0.02499495451409676  0.02582727875024946  0.02665960298640216
  0.02749192722255486  0.02832425145870756  0.02915657569486026  0.02998889993101296
  0.03082122416716566  0.03165354840331836  0.03248587263947106  0.03331819687562376
  0.03415052111177646  0.03498284534792916  0.03581516958408186  0.03664749382023456
  0.03747981805638726  0.03831214229253996  0.03914446652869266  0.03997679076484536
  0.04080911500099806  0.04164143923715076  0.04270054380978934  0.04376673685670668
  0.04483292990362402  0.04589912295054135  0.04696531599745869  0.04803150904437603
  0.04909770209129337  0.05016389513821070  0.05123008818512804  0.05229628123204538
  0.05336247427896271  0.05442866732588005  0.05549486037279738  0.05656105341971472
  0.05762724646663206  0.05869343951354940  0.05975963256046674  0.06082582560738407
  0.06189201865430140  0.06506233506651272  0.07102452203057752  0.07698670899464233
  0.08294889595870712  0.08891108292277197  0.09487326988683684  0.10083545685090170
  0.14472516730545010  0.23663678422954176  0.32854840115363321  0.42046001807772487
  0.51237163500181637  0.56482603564458744  0.56994267179096048  0.57505930793733340
  0.58017594408370643  0.58485042828784983  0.58881237044769263  0.59277431260753544
  0.59673625476737813  0.60069819692722093  0.60466013908706373  0.60862208124690653
  0.61258402340674922  0.61654596556659202  0.62050790772643472  0.62446984988627741
  0.62922230539476787  0.63409688098980554  0.63897145658484333  0.64384603217988101
  0.70027377789221479  0.79218539481630645  0.87529702907240403  0.87829806096036811
  0.88129909284833230  0.88430012473629638  0.88730115662426057  0.89030218851222465
  0.89330322040018884  0.89604106760949120  0.89736489877108039  0.89868872993266957
  0.90001256109425865  0.90133639225584783  0.90266022341743690  0.90398405457902609
  0.90530788574061527  0.90663171690220434  0.90675527254740396  1.00000000000000000
 -0.00407321428854431  0.00056971143517785  0.00113942287035569  0.00170913430553354
  0.00227884574071138  0.00284855717588922  0.00341826861106707  0.00398798004624491
  0.00455769148142276  0.00512740291660060  0.00569711435177845  0.00626682578695629
  0.00683653722213414  0.00740624865731198  0.00797596009248982  0.00854567152766766
  0.00911538296284551  0.00968509439802335  0.01025480583320119  0.01082451726837904
  0.01139422870355688  0.01196394013873472  0.01253365157391257  0.01310336300909041
  0.01367307444426825  0.01424278587944610  0.01481249731462394  0.01538220874980178
  0.01595192018497963  0.01652163162015747  0.01709134305533531  0.01766105449051316
  0.01823076592569100  0.01880047736086884  0.01937018879604669  0.01993990023122453
  0.02050961166640237  0.02115400713863598  0.02189668654007978  0.02263936594152359
  0.02338204534296739  0.02412472474441120  0.02486740414585500  0.02561008354729881
  0.02635276294874262  0.02709544235018642  0.02783812175163023  0.02858080115307404
  0.02932348055451784  0.03006615995596165  0.03080883935740545  0.03155151875884925
  0.03229419816029307  0.03303687756173687  0.03377955696318068  0.03452223636462448
  0.03526491576606829  0.03600759516751209  0.03675027456895590  0.03749295397039970
  0.03823563337184351  0.03897831277328732  0.03972099217473112  0.04046367157617493
  0.04120635097761873  0.06797266155672567  0.13716328231165920  0.20635390306659271
  0.27554452382152628  0.33379459528464078  0.33659371202680211  0.33939282876896337
  0.34219194551112470  0.34499106225328602  0.34779017899544734  0.35058929573760866
  0.35338841247976999  0.35549841861909409  0.35734304143954976  0.35918766426000542
  0.36103228708046109  0.36287690990091681  0.36472153272137248  0.36656615554182814
  0.36841077836228386  0.37019449869791676  0.37019449869792675  0.37019449869793675
  0.37019449869794674  0.37019449869795673  0.37019449869796672  0.37019449869797671
  0.37019449869798671  0.37019449869799670  0.37019449869800669  1.00000000000000000
  0.03395378192265835  0.03556027428900701  0.03716676665535567  0.03877325902170433
  0.04037975138805299  0.04265865405585667  0.04764530744688344  0.05263196083791021
  0.05761861422893699  0.06463968158215681  0.10736638723586961  0.11261156483554648
  0.11785674243522336  0.12310192003490023  0.12834709763457711  0.13359227523425396
  0.13883745283393084  0.14408263043360772  0.14932780803328460  0.15457298563296154
  0.15981816323263848  0.16506334083231541  0.23704283114403060  0.33840211352406091
  0.43976139590409125  0.46029447914428090  0.46269557477258511  0.46509667040088937
  0.46749776602919357  0.46989886165749783  0.47229995728580210  0.47470105291410630
  0.47710214854241056  0.47950324417071477  0.48190433979901898  0.48430543542732318
  0.48670653105562744  0.48910762668393165  0.49150872231223586  0.49390981794054006
  0.49631091356884427  0.49871200919714848  0.50057482226346495  0.50181478025510895
  0.50305473824675284  0.50429469623839684  0.50553465423004085  0.50677461222168485
  0.50801457021332874  0.50925452820497275  0.51049448619661675  0.51173444418826075
  0.51297440217990475  0.51421436017154865  0.51545431816319265  0.51669427615483665
  0.51793423414648065  0.51917419213812466  0.52041415012976855  0.52183757009517462
  0.52335468711245248  0.52487180412973033  0.52638892114700830  0.52790603816428616
  0.52942315518156413  0.53094027219884199  0.53245738921611996  0.53397450623339782
  0.53549162325067579  0.53700874026795364  0.53852585728523161  0.54004297430250947
  0.54156009131978744  0.54305134718101022  0.54454064906828459  0.54602995095555884
  0.54751925284283320  0.54900855473010757  0.55049785661738182  0.55198715850465618
  0.55347646039193055  0.55496576227920480  0.55645506416647916  0.55794436605375342
  0.55943366794102778  0.56092296982830214  0.56241227171557640  0.56761868710759389
  0.57305776669228414  0.57849684627697429  0.59456287047986645  0.69592215285989678
  0.79728143523992723  0.89592410875229656  0.89650696913401273  1.00000000000000000
  0.64042996962865184  0.64134348541605268  0.64225700120345353  0.64317051699085437
  0.64408403277825521  0.64499754856565605  0.64618115519400654  0.65026885096922860
  0.65435654674445065  0.65844424251967282  0.66253193829489487  0.66661963407011693
  0.67202361472416494  0.67744291669872725  0.68286221867328956  0.70105436332005011
  0.73112349879583005  0.73391537821314046  0.73670725763045097  0.73949913704776149
  0.74229101646507190  0.74508289588238241  0.74787477529969293  0.75063097801128498
  0.75327344715993283  0.75591591630858068  0.75855838545722853  0.76120085460587639
  0.76384332375452424  0.76648579290317209  0.76912826205181994  0.77177073120046780
  0.77441320034911565  0.77705566949776361  0.77969813864641146  0.78234060779505932
  0.78498307694370728  0.78762554609235513  0.79026801524100299  0.79398274316083184
  0.79890320744482402  0.80382367172881608  0.80874413601280815  0.81280344067135790
  0.81408548481116205  0.81536752895096631  0.81664957309077058  0.81793161723057473
  0.81921366137037899  0.82049570551018325  0.82177774964998740  0.82305979378979166
  0.82434183792959592  0.82562388206940007  0.82690592620920433  0.82818797034900860
  0.82947001448881275  0.83075205862861701  0.83203410276842116  0.83331614690822542
  0.83459819104802968  0.83588023518783394  0.83716227932763809  0.83844432346744235
  0.83972636760724662  0.84100841174705088  0.84229045588685503  0.84357250002665929
  0.84485454416646355  0.84613658830626781  0.84741863244607207  0.84870067658587622
  0.84998272072568049  0.85126476486548475  0.85254680900528901  0.85382885314509316
  0.85512041218146384  0.85641537532341472  0.85771033846536560  0.85900530160731636
  0.86030026474926724  0.86159522789121812  0.86289019103316900  0.86418515417511976
  0.86548011731707064  0.86677508045902152  0.86807004360097240  0.86936500674292316
  0.87065996988487404  0.87195493302682492  0.87324989616877569  0.87454485931072656
  0.93595538677804835  0.97020636710248664  0.98538014991054779  1.00000000000000000
   1.0241787370627430E-010  -1.0000000000000000     
 F F F F F F F F F F F F F F F F F F F F F F F F F F F F F F F F F F F F F F F F F F F F F F F F F F F F F F F F F F F F F F F F
  <DiscreteSampler_grid>
  grouped_processes
  1 # 1 for a reference and 2 for a running grid.
  10 # Attribute 'min_bin_probing_points' of the grid.
  1 # Attribute 'grid_mode' of the grid. 1=='default',2=='initialization'
  0.0000000000000000 # Attribute 'small_contrib_threshold' of the grid.
  0.5000000000000000 # Attribute 'damping_power' of the grid.
 # binID   n_entries weight   weight_sqr   abs_weight
    10   10   1.481979337944929E+001   1.428613252714525E+003   1.481979337944929E+001
  </DiscreteSampler_grid>
