  0.10828313547250207  0.10947354564678152  0.11066395582106098  0.11185436599534043
  0.11304477616961989  0.11423518634389934  0.11542559651817880  0.11661600669245825
  0.11780641686673771  0.11899682704101716  0.12018723721529662  0.12137764738957606
  0.12256805756385551  0.12375846773813497  0.12494887791241442  0.12679006228451112
  0.12866044816931368  0.13053083405411625  0.13240121993891879  0.13427160582372136
  0.13614199170852392  0.13801237759332649  0.13988276347812906  0.14175314936293162
  0.14362353524773419  0.14549392113253676  0.14771201662420705  0.15000719827623268
  0.15230237992825829  0.15459756158028393  0.15689274323230953  0.15918792488433517
  0.16148310653636080  0.16377828818838641  0.16607346984041205  0.17133902365453546
  0.17763984835513913  0.18394067305574277  0.19024149775634641  0.19654232245695008
  0.20284314715755372  0.20914397185815736  0.21544479655876109  0.22174562125936481
  0.22804644595996854  0.32386197106391762  0.43903358303798479  0.54208058669466241
  0.54588261477478850  0.54968464285491458  0.55348667093504078  0.55728869901516687
  0.56109072709529295  0.56420587943911304  0.56691647916759613  0.56962707889607933
  0.57233767862456242  0.57504827835304562  0.57775887808152870  0.58046947781001190
  0.58318007753849499  0.58589067726697819  0.58860127699546139  0.59131187672394458
  0.59402247645242767  0.59673307618091087  0.59944367590939407  0.60215427563787727
  0.60508807509743490  0.60866518527002100  0.61224229544260722  0.61581940561519333
  0.61939651578777943  0.62297362596036565  0.64685185213270968  0.65088356251412471
  0.65491527289553986  0.65894698327695500  0.66297869365837003  0.66701040403978518
  0.67104211442120021  0.67507382480261535  0.67910553518403038  0.68313724556544542
  0.68716895594686056  0.69120066632827559  0.69523237670969062  0.69926408709110566
  0.70329579747252080  0.70732750785393583  0.79477209228284074  0.90994370425690796
  0.96538687990372019  0.97755136339758031  0.98884254241875025  1.00000000000000000
  0.00837792922477355  0.00987686390001081  0.01137579857524807  0.01287473325048533
  0.01437366792572259  0.01587260260095984  0.01737153727619710  0.01887047195143436
  0.02036940662667162  0.02293392196582511  0.02597606776107386  0.02901821355632260
  0.03206035935157134  0.03510250514682008  0.03814465094206883  0.04118679673731757
  0.04441536322690050  0.04767884308651118  0.05094232294612187  0.05420580280573255
  0.05746928266534324  0.06073276252495393  0.11706202671662258  0.23606819652316202
  0.33402899685682574  0.33783692315999614  0.34164484946316648  0.34545277576633687
  0.34926070206950721  0.35306862837267761  0.35687655467584795  0.36068448097901828
  0.36449240728218862  0.36830033358535891  0.37210825988852925  0.37591618619169959
  0.37972411249486993  0.38353203879804026  0.38733996510121055  0.39114789140438089
  0.39495581770755123  0.41906934915479255  0.42311090419433484  0.42715245923387718
  0.43119401427341952  0.43523556931296187  0.43927712435250421  0.44331867939204656
  0.44736023443158890  0.45140178947113124  0.45544334451067353  0.45912721286386382
  0.46191342504199723  0.46469963722013063  0.46748584939826399  0.47027206157639739
  0.47305827375453074  0.47584448593266415  0.47863069811079750  0.48205746036263614
  0.48563679040516589  0.48921612044769569  0.49279545049022544  0.49637478053275524
  0.49995411057528499  0.50353344061781480  0.50711277066034455  0.51069210070287430
  0.51427143074540405  0.51785076078793379  0.54067442739087568  0.65968059719741501
  0.77868676700395445  0.89586897552231737  0.89814991360756580  0.90043085169281423
  0.90271178977806255  0.90499272786331098  0.90727366594855940  0.90955460403380783
  0.91183554211905626  0.91411648020430469  0.91639741828955312  0.91786541405845334
  0.91922460408137863  0.92058379410430402  0.92194298412722930  0.92330217415015459
  0.92466136417307987  0.92602055419600515  0.92737974421893055  0.92873893424185583
  0.93009812426478111  0.93145731428770639  0.93210268101415128  1.00000000000000000
  0.00020152498309857  0.00020615434201503  0.00021078370093150  0.00021541305984796
  0.00022302534786699  0.00023186199629181  0.00024069864471662  0.00044398256574887
  0.00066407872926354  0.00067778672893881  0.00069149472861409  0.00070520272828936
  0.00071891072796463  0.00073261872763990  0.00074765435468565  0.00076297174854950
  0.00077828914241335  0.00079360653627720  0.00080892393014105  0.00082458502089154
  0.00084170076063026  0.00085881650036897  0.00087593224010768  0.00089304797984639
  0.00091016371958510  0.00093095909672225  0.00095467729739823  0.00097839549807420
  0.00100211369875018  0.00102587222715815  0.00105237507440808  0.00107887792165800
  0.00110538076890793  0.00113188361615785  0.00115985404393972  0.00118946847051232
  0.00121908289708492  0.00124869732365752  0.00127831175023011  0.00130761883703992
  0.00133690237108200  0.00136618590512407  0.00139546943916615  0.00142475297320822
  0.00145677070895896  0.00148949229017237  0.00152221387138579  0.00155493545259921
  0.00158765703381262  0.00162292079600842  0.00165948406994823  0.00169604734388805
  0.00173261061782786  0.00176917389176767  0.00262963753588627  0.00392935009383476
  0.00402392894077863  0.00411850778772249  0.00421308663466635  0.00430766548161021
  0.00440933933666343  0.00451502225788797  0.00462070517911252  0.00472638810033707
  0.00483207102156162  0.00494787296880899  0.00506596364340965  0.00518405431801031
  0.00530214499261098  0.00542023566721164  0.01119182243120547  0.02317819104716699
  0.04809531278701037  0.06291661026017693  0.06382238611668731  0.06472816197319770
  0.06563393782970807  0.06653971368621844  0.06744548954272882  0.06835126539923919
  0.06925704125574957  0.07011052350291379  0.07092335847765791  0.07173619345240201
  0.07254902842714611  0.07336186340189021  0.07417469837663433  0.07498753335137844
  0.07580036832612254  0.07661320330086666  0.07742603827561076  0.09373199430948981
  0.09373199430949981  0.09373199430950982  0.09373199430951983  1.00000000000000000
 -0.00036508242289225  0.08629136654041945  0.08924939974750565  0.09220743295459184
  0.09516546616167804  0.09812349936876423  0.10108153257585042  0.10403956578293662
  0.10758072057955970  0.11114805589231194  0.11471539120506419  0.11828272651781645
  0.12185006183056871  0.14019632186551198  0.18998738775706939  0.19389971871328540
  0.19781204966950142  0.20172438062571743  0.20563671158193345  0.20954904253814946
  0.21346137349436550  0.21737370445058157  0.22128603540679762  0.22519836636301366
  0.22911069731922973  0.23302302827544574  0.23693535923166173  0.24084769018787774
  0.24476002114409376  0.24867235210030977  0.33580343094291959  0.37808408238388280
  0.38250125471403168  0.38691842704418050  0.39133559937432932  0.39575277170447815
  0.40016994403462702  0.40458711636477590  0.40900428869492478  0.41342146102507366
  0.41783863335522253  0.42225580568537135  0.42667297801552023  0.43109015034566905
  0.43550732267581788  0.45995015497407749  0.46411216335753930  0.46827417174100111
  0.47243618012446292  0.47659818850792474  0.48076019689138655  0.48492220527484831
  0.48908421365831012  0.49324622204177188  0.49740823042523363  0.50157023880869545
  0.50573224719215715  0.50989425557561896  0.51405626395908077  0.51821827234254247
  0.56910647212129339  0.60598738821879727  0.60848135236193257  0.61097531650506798
  0.61346928064820327  0.61596324479133868  0.61845720893447398  0.62095117307760939
  0.62344513722074468  0.62593910136388009  0.62843306550701539  0.63092702965015079
  0.63342099379328609  0.63591495793642150  0.63840892207955680  0.64090288622269220
  0.64339685036582750  0.64589081450896291  0.64838477865209831  0.65087874279523361
  0.65337270693836902  0.65586667108150443  0.65836063522463983  0.66085459936777524
  0.66334856351091054  0.66584252765404595  0.75362550544900209  0.87545473017322550
  0.88240064049262623  0.88934655081202707  0.89623546657163411  0.90231913526100627
  0.90840280395037842  0.91448647263975058  0.94275117317835488  1.00000000000000000
  0.06350260575612386  0.06532234831864840  0.06714209088117293  0.06896183344369747
  0.07078157600622201  0.07260131856874653  0.07442106113127107  0.07624080369379561
  0.07806054625632014  0.07988028881884468  0.08170003138136922  0.08357752073245213
  0.08596089741241961  0.08834427409238710  0.09072765077235458  0.09311102745232205
  0.09549440413228955  0.09787778081225702  0.10026115749222451  0.10264453417219199
  0.15054124612335340  0.21053428912873215  0.21453836244590305  0.21854243576307394
  0.22254650908024484  0.22655058239741574  0.23055465571458661  0.23455872903175745
  0.23856280234892832  0.24256687566609916  0.24657094898327003  0.25057502230044087
  0.25457909561761172  0.25858316893478256  0.26258724225195340  0.26659131556912430
  0.27059538888629514  0.39154229737958102  0.44022984700936779  0.44448264922031339
  0.44873545143125898  0.45298825364220457  0.45724105585315022  0.46149385806409582
  0.46574666027504147  0.46999946248598712  0.47425226469693277  0.47850506690787842
  0.48275786911882407  0.48701067132976966  0.49126347354071526  0.49551627575166085
  0.49976907796260650  0.62136691401005772  0.67101776001547797  0.67774257513275682
  0.68446739025003567  0.69119220536731452  0.69791702048459336  0.70464183560187221
  0.71136665071915117  0.71809146583643002  0.72481628095370898  0.73049457044794130
  0.73425543501875401  0.73801629958956660  0.74177716416037931  0.74553802873119190
  0.74929889330200450  0.75305975787281720  0.75682062244362980  0.76058148701444250
  0.76434235158525510  0.76810321615606780  0.77186408072688040  0.77562494529769310
  0.77938580986850581  0.78314667443931840  0.78690753901013111  0.79066840358094381
  0.79418263941277456  0.79760775621410707  0.80103287301543957  0.80445798981677208
  0.80788310661810470  0.81130822341943720  0.81434736201479929  0.81718053119170664
  0.82001370036861410  0.82284686954552155  0.82568003872242901  0.82851320789933636
  0.83134637707624381  0.87166462998280292  0.95687622229258218  1.00000000000000000
  0.10792135794957484  0.35714169581197519  0.36011672495728358  0.36309175410259203
  0.36606678324790043  0.36904181239320888  0.37201684153851727  0.37499187068382572
  0.37854262059751820  0.38209494798818122  0.38564727537884425  0.38919960276950727
  0.39275193016017029  0.41108240946217667  0.41955562368186611  0.42259198614496135
  0.42562834860805659  0.42866471107115189  0.43170107353424714  0.43473743599734238
  0.43777379846043762  0.44081016092353287  0.44384652338662811  0.44688288584972335
  0.44991924831281860  0.45295561077591384  0.45599197323900909  0.45902833570210433
  0.46206469816519963  0.46510106062829493  0.46813742309139017  0.47117378555448547
  0.47421014801758071  0.47724651048067601  0.52145264071710706  0.54536990623608583
  0.54986266000175577  0.55435541376742570  0.55884816753309563  0.56334092129876556
  0.56783367506443549  0.57232642883010543  0.57681918259577536  0.58131193636144529
  0.58580469012711522  0.59029744389278527  0.59479019765845520  0.59928295142412524
  0.60377570518979518  0.64699491234421214  0.64910399622572112  0.65121308010723022
  0.65332216398873921  0.65543124787024820  0.65754033175175730  0.65964941563326629
  0.66175849951477528  0.66386758339628438  0.66597666727779337  0.66808575115930235
  0.67019483504081134  0.67230391892232033  0.67441300280382932  0.67652208668533831
  0.67863117056684741  0.68074025444835640  0.68284933832986539  0.68495842221137437
  0.68706750609288336  0.68917658997439235  0.69128567385590134  0.69339475773741033
  0.69550384161891932  0.69761292550042830  0.69972200938193740  0.70183109326344639
  0.70394017714495538  0.70604926102646437  0.70815834490797336  0.81381805087068215
  0.83610297505769937  0.83943851055680163  0.84277404605590389  0.84610958155500615
  0.84944511705410841  0.85278065255321067  0.85579067525935326  0.85856927433071317
  0.86134787340207319  0.86412647247343322  0.86690507154479324  0.86968367061615315
  0.87246226968751317  0.88497149052481272  0.90460277001063027  1.00000000000000000
  0.10104983647664396  0.10692394680890982  0.10968122695115290  0.11243850709339596
  0.11519578723563904  0.11795306737788212  0.12071034752012520  0.12346762766236827
  0.12647837517153640  0.12980621297934261  0.13313405078714882  0.13646188859495501
  0.13978972640276122  0.14311756421056740  0.16832338951224129  0.21270444040878442
  0.21920134503038402  0.22569824965198365  0.23219515427358325  0.23869205889518280
  0.24518896351678235  0.25168586813838190  0.25818277275998147  0.26467967738158099
  0.27729366631383634  0.39957285013929356  0.44034504936684832  0.44446931641969400
  0.44859358347253975  0.45271785052538549  0.45684211757823118  0.46096638463107692
  0.46509065168392272  0.46921491873676846  0.47333918578961420  0.47746345284246000
  0.48158771989530574  0.48571198694815143  0.48983625400099717  0.49396052105384286
  0.49808478810668860  0.56549562830731093  0.68777481213276814  0.77157844330155634
  0.77390149020277599  0.77622453710399553  0.77854758400521507  0.78087063090643472
  0.78319367780765425  0.78551672470887379  0.78783977161009344  0.79016281851131298
  0.79248586541253252  0.79480891231375217  0.79713195921497171  0.79945500611619125
  0.80177805301741079  0.80410109991863032  0.80642414681984986  0.80874719372106940
  0.81107024062228894  0.81326739644455082  0.81526305616844219  0.81725871589233368
  0.81925437561622505  0.82125003534011642  0.82324569506400791  0.82524135478789928
  0.82723701451179066  0.82923267423568214  0.83122833395957352  0.83322399368346489
  0.83700554763524515  0.84089062010027693  0.84477569256530871  0.84866076503034049
  0.85254583749537216  0.85643090996040394  0.86031598242543561  0.86420105489046728
  0.86808612735549906  0.87197119982053073  0.90195040495469370  0.96030089712484623
  0.96395197096689322  0.96760304480894033  0.97125411865098732  0.97490519249303442
  0.97855626633508141  0.98170593266327844  0.98475494388606544  0.98780395510885233
  0.99085296633163922  0.99390197755442611  0.99695098877721300  1.00000000000000000
  0.03280031283696498  0.33565635109767827  0.33797936886202329  0.34030238662636830
  0.34262540439071332  0.34494842215505833  0.34727143991940335  0.34959445768374836
  0.35191747544809338  0.35425527516588207  0.35704342021042645  0.35983156525497090
  0.36261971029951534  0.36540785534405978  0.36819600038860423  0.37098414543314862
  0.37377229047769306  0.42870076488624104  0.46162523586536908  0.46638803211452956
  0.47115082836369010  0.47591362461285064  0.47992680708535373  0.48232480932050031
  0.48472281155564689  0.48712081379079347  0.48951881602594005  0.49191681826108657
  0.49431482049623315  0.49671282273137973  0.49911082496652631  0.50112418861637609
  0.50291087884293573  0.50469756906949537  0.50648425929605490  0.50827094952261453
  0.51005763974917417  0.51184432997573381  0.51363102020229334  0.51541771042885298
  0.51720440065541262  0.51899109088197226  0.52077778110853179  0.52265586911142370
  0.52453689006929194  0.52641791102716018  0.52829893198502842  0.53017995294289666
  0.53206097390076490  0.53394199485863314  0.53582301581650138  0.53770403677436962
  0.53958505773223786  0.54146607869010610  0.54401050328025968  0.54663411626633462
  0.54925772925240957  0.55188134223848440  0.55450495522455934  0.55712856821063428
  0.55975218119670922  0.56237579418278416  0.62549121832718924  0.62712162863811471
  0.62875203894904008  0.63038244925996556  0.63201285957089104  0.63364326988181641
  0.63527368019274189  0.63690409050366736  0.63853450081459273  0.64016491112551821
  0.64179532143644369  0.64342573174736906  0.64505614205829453  0.64651263962595829
  0.64781072128751116  0.64910880294906415  0.65040688461061702  0.65170496627216989
  0.65300304793372288  0.65430112959527575  0.65559921125682863  0.65689729291838161
  0.65819537457993449  0.65949345624148747  0.66079153790304035  0.66208961956459322
  0.66338770122614621  0.66468578288769908  0.66598386454925196  0.71214666795498349
  0.80809777863665222  0.89924064354035926  0.90447372595469155  1.00000000000000000
  0.37218278249104819  0.38036663730182624  0.38573327460365248  0.39109991190547871
  0.39655693657085633  0.40268962573080491  0.40882231489075344  0.41495500405070196
  0.50028800645687599  0.61628452422708724  0.62859569479363264  0.63248350262305664
  0.63637131045248063  0.64025911828190474  0.64414692611132873  0.64803473394075273
  0.65192254177017683  0.65581034959960094  0.65969815742902493  0.66358596525844904
  0.66747377308787303  0.67136158091729714  0.67524938874672114  0.67913719657614513
  0.68302500440556912  0.68691281223499323  0.71063624015324123  0.71407668147978864
  0.71751712280633606  0.72095756413288348  0.72439800545943078  0.72783844678597820
  0.73061983073360670  0.73298678222913094  0.73535373372465507  0.73772068522017931
  0.74008763671570355  0.74245458821122778  0.74482153970675191  0.74718849120227615
  0.74955544269780039  0.75192239419332452  0.75428934568884876  0.75665629718437299
  0.75902324867989712  0.76139020017542136  0.76375715167094560  0.76612410316646984
  0.76849105466199397  0.77086601160092805  0.77400095366409960  0.77713589572727115
  0.78027083779044282  0.78340577985361437  0.78654072191678592  0.78967566397995748
  0.79300280132922019  0.79666445057557633  0.80032609982193237  0.80398774906828840
  0.80764939831464455  0.81131104756100059  0.81497269680735662  0.81863434605371277
  0.82229599530006880  0.82595764454642495  0.82961929379278099  0.83328094303913702
  0.83694259228549317  0.84060424153184932  0.84426589077820535  0.84792754002456150
  0.85158918927091765  0.88851188950854498  0.95920348760575080  0.96138940431143083
  0.96357532101711085  0.96576123772279099  0.96794715442847101  0.97013307113415104
  0.97231898783983106  0.97450490454551109  0.97669082125119111  0.97887673795687113
  0.98068933890944032  0.98244485355403666  0.98420036819863299  0.98595588284322933
  0.98771139748782566  0.98946691213242199  0.99122242677701822  0.99297794142161455
  0.99473345606621089  0.99648897071080722  0.99824448535540355  1.00000000000000000
   1.7448750505451805E-013  -1.0000000000000000     
 F F F F F F F F F F F F F F F F F F F F F F F F F F F F F F F F F F F F F F F F F F F F F F F F F F F F F F F F F F F F F F F F
  <DiscreteSampler_grid>
  grouped_processes
  1 # 1 for a reference and 2 for a running grid.
  10 # Attribute 'min_bin_probing_points' of the grid.
  1 # Attribute 'grid_mode' of the grid. 1=='default',2=='initialization'
  0.0000000000000000 # Attribute 'small_contrib_threshold' of the grid.
  0.5000000000000000 # Attribute 'damping_power' of the grid.
 # binID   n_entries weight   weight_sqr   abs_weight
    10   10   4.093111129857036E+000   9.153346325570510E+001   4.093111129857036E+000
  </DiscreteSampler_grid>
