  0.00364823067581496  0.00934362760934111  0.01712515045506433  0.02540636053058844
  0.03442743168064539  0.04400716647756784  0.05329378207707362  0.06231696463764666
  0.07153904235451580  0.08084258461503015  0.09044069987529220  0.10005015602470431
  0.10963513755185589  0.11904402791977510  0.12836146708094937  0.13781362627246671
  0.14794617883113068  0.15863568838303127  0.16896208966866944  0.17907906663270129
  0.18924465271674851  0.19949940567387900  0.20991816099198846  0.22087229893115856
  0.23100506259916395  0.24171876855882307  0.25219528805393537  0.26324152622388669
  0.27450396812808936  0.28513623695998380  0.29606667267118253  0.30739375131229651
  0.31887643123049914  0.33078460539566962  0.34222043937060509  0.35279422533416482
  0.36299010093869433  0.37287650880249890  0.38360325633750775  0.39439195621064654
  0.40659831003550095  0.41836963561012075  0.43002598294681132  0.44031103395623594
  0.45035605579152194  0.45959390042828879  0.46963066829362088  0.47941696197490974
  0.48918681917939338  0.49894620083420022  0.50898818655530986  0.51943206640617690
  0.52987002173759690  0.53973433816552097  0.54915674266039138  0.55860449892739461
  0.56801449048609265  0.57820550218530720  0.58855443475536295  0.59939124351887141
  0.61091972926920490  0.62259096004969627  0.63375176773485642  0.64454201246520038
  0.65539662990926828  0.66649448632808017  0.67814515124005204  0.68900052347996910
  0.69913671951186773  0.70938437250123099  0.72032915671441022  0.73119937426526049
  0.74153330746564206  0.75181564825373537  0.76333877053347798  0.77506197593717985
  0.78627246444399279  0.79707797947030412  0.80758773398057726  0.81935072096376271
  0.83117994267437911  0.84191848056821039  0.85085535297309478  0.86010024397031093
  0.86988637033029770  0.88033197868637914  0.89242611060544819  0.90505803996024881
  0.91806991455019349  0.93119965527851412  0.94315543882772879  0.95418226413329499
  0.96399241582603867  0.97400364731063693  0.98339319168006667  1.00000000000000000
  0.00328959202480227  0.00449131177245884  0.00476323445593200  0.00514222811355062
  0.00564947908085454  0.00616608074681001  0.00664425146240374  0.00711859580020004
  0.00759228273597940  0.00805261616005846  0.00848989097412729  0.00892215125116760
  0.00936314569217273  0.00981472020723375  0.01027896845527660  0.01074329610978838
  0.01118602928670593  0.01163890303484794  0.01210146262820298  0.01257661767797059
  0.01306238472232813  0.01357014615407787  0.01411726196282550  0.01468738217255647
  0.01524319741374624  0.01578971641436749  0.01636221815125171  0.01695325167383074
  0.01757382199457458  0.01823499033977886  0.01890253168814093  0.01956837297562741
  0.02025133030936754  0.02093599506041167  0.02161953228662288  0.02233972866707288
  0.02307240723282623  0.02381714560637720  0.02460528604308875  0.02539355308692447
  0.02619841689140748  0.02705161021178548  0.02787337974146705  0.02874502556414671
  0.02971014247323118  0.03077743669210620  0.03184246326695801  0.03289215860511349
  0.03392539668401594  0.03492937226780355  0.03592827126905535  0.03690259905845013
  0.03804162640036222  0.03940874964822432  0.04077421175454510  0.04202225382559387
  0.04321234842421742  0.04445570444791187  0.04572315048946864  0.04705747082956349
  0.04847411940582066  0.04991593246581070  0.05146099447683285  0.05320112315382074
  0.05506743439780797  0.05713820016062758  0.05927360525276228  0.06128750352195081
  0.06334673870461392  0.06531354772560378  0.06738613918683348  0.06941033703077350
  0.07136550221230942  0.07337722625104555  0.07566949316691503  0.07832948277783264
  0.08176345303737231  0.08590128186724601  0.08984659029152652  0.09437743041761466
  0.09973395626406588  0.10570527005615721  0.11173345143046212  0.11776871621066232
  0.12455556373483236  0.13198285538251403  0.14211429017972280  0.15575071573227142
  0.16971504526790873  0.18447472553363414  0.20572647220232052  0.22987632726854726
  0.29138385740248590  0.32542168463613241  0.56673312924633978  1.00000000000000000
  0.00007771978124546  0.00008270795503346  0.00008689499679508  0.00008967917905291
  0.00009278215025983  0.00009612681129562  0.00009959311542137  0.00010313743726874
  0.00010659845688124  0.00011010951190999  0.00011405537250960  0.00011833325601669
  0.00012292714184921  0.00012819972397350  0.00013389064167838  0.00013985472370860
  0.00014582368563621  0.00015173102418864  0.00015767606700552  0.00016385175313165
  0.00017029532394092  0.00017734011005817  0.00018493100990203  0.00019280442241642
  0.00020155733288511  0.00021118669259309  0.00022160901442548  0.00023357175310678
  0.00024571539795355  0.00025813905823610  0.00027100567824877  0.00028433912412515
  0.00029839418764933  0.00031363552295411  0.00033023843476880  0.00034690844215926
  0.00036314837672454  0.00037988903280225  0.00039703898121308  0.00041469072942590
  0.00043401413981128  0.00045505669209275  0.00047994216606294  0.00050831909140795
  0.00053890856395403  0.00057227001406330  0.00060795473651043  0.00064657300437495
  0.00068683728662642  0.00072699385265531  0.00076831161943316  0.00081062654402218
  0.00086072345953350  0.00091455316841253  0.00097964472789185  0.00104748647181958
  0.00112110962874227  0.00119955535569046  0.00128776988009528  0.00139140372401507
  0.00150746070068738  0.00162959811852304  0.00174877828462905  0.00187857877226297
  0.00202443986649057  0.00219518595368002  0.00238818848107958  0.00259698054777941
  0.00282565932692543  0.00308052001087478  0.00336229169060064  0.00365819396703965
  0.00397239597467686  0.00432103825885553  0.00469789672398436  0.00514802477330003
  0.00573459827325646  0.00637483304693773  0.00707461852806838  0.00777402989406931
  0.00852525569769946  0.00944399443268777  0.01060945217868459  0.01204063873877481
  0.01367903866616633  0.01540514694397526  0.01754599988825530  0.02019767531806522
  0.02361912014044652  0.02831384901468399  0.03576674133208268  0.04513727889618757
  0.05859990862269471  0.08952873984401954  0.60578113946330303  1.00000000000000000
 -0.00200339455647558  0.00647277992724101  0.01444250627141211  0.02225140557661355
  0.03027325197092337  0.03818496208278743  0.04579728089166882  0.05331194841887027
  0.06081327661551107  0.06816023987904195  0.07522561712941403  0.08212907044397885
  0.08930210659501020  0.09702557816064428  0.10503570386946808  0.11359156635496374
  0.12180794780085988  0.13005339413432612  0.13803149490504504  0.14611155214944105
  0.15420058527790551  0.16212758844028230  0.16926708717182656  0.17565799288885228
  0.18182021471024828  0.18795907169482845  0.19457700821053858  0.20172207154076816
  0.20910772918920925  0.21672071671293083  0.22474105591810126  0.23311691002534302
  0.24242459359146074  0.25150023835530266  0.26042714050326748  0.26900330702745068
  0.27713021116632619  0.28555742932384826  0.29442275393689105  0.30342583650514565
  0.31232761486127586  0.32110352429318700  0.33005450384614121  0.33949880871428917
  0.34935547617083940  0.35916698117306844  0.36899338778324969  0.37909184379858207
  0.38949303980063893  0.40005713241298330  0.41045236565317761  0.42006404763630695
  0.42939492714034494  0.43913179276079878  0.44983719748571210  0.46061676546265967
  0.47083722322752736  0.48151010907146052  0.49265782499655181  0.50315608927499345
  0.51281002005651799  0.52278244868416379  0.53303451019263581  0.54304080132005961
  0.55263578776562106  0.56218972824687719  0.57194693167348298  0.58228517534525348
  0.59382214413608803  0.60630498803169219  0.61816655128871656  0.62980439761653007
  0.64208221880842009  0.65525354564258342  0.66913027208590958  0.68267990555359193
  0.69571843228960628  0.70905087418315027  0.72369765295268529  0.73945464456862686
  0.75415592225545292  0.76865415098355139  0.78224405227018534  0.79591319280721440
  0.80829382460367927  0.82110617701219824  0.83414224120439739  0.84787417520103758
  0.86334745596753826  0.88065995153224186  0.89751226367803194  0.91594411255472663
  0.93419509176022097  0.95368740170240296  0.97559101615123767  1.00000000000000000
 -0.00266597155837250  0.01154554943305348  0.02277227872464846  0.03390285614818768
  0.04482757297009134  0.05522759172060326  0.06511610434400654  0.07482692549272936
  0.08484693807704878  0.09499209504149836  0.10511977483273079  0.11539306282098166
  0.12552337525621832  0.13624008669462823  0.14695495267479763  0.15846064173756999
  0.16970732450441670  0.18095205573057471  0.19246996971779903  0.20441127270541759
  0.21661848171191894  0.22826129079737878  0.23890236186239294  0.24876505205114183
  0.25815750617904448  0.26728800397790081  0.27702504935170824  0.28727346224320077
  0.29719504314504464  0.30712146691629510  0.31788419120081074  0.32909396347129838
  0.33976593086038448  0.34982618460318737  0.35962430479996671  0.36926053939007158
  0.37895491355317190  0.38909399587415611  0.39996462494603507  0.41161195833654884
  0.42375136002787100  0.43572177437070625  0.44632158782742659  0.45606238269106941
  0.46575134785348965  0.47583955095639463  0.48594986435073106  0.49566337013299655
  0.50543098833925248  0.51561767972985251  0.52596536351866041  0.53572961016909759
  0.54591409368707533  0.55705823073717775  0.56931999316714010  0.58060770417637786
  0.59273457910488958  0.60516526538067250  0.61736981315809181  0.62970167364132923
  0.64247703068545692  0.65492719193345428  0.66682469388430610  0.67830885731717927
  0.68984122512935508  0.70200305785506811  0.71398073515574156  0.72471248676689937
  0.73479861541247449  0.74473475885373008  0.75499840449209832  0.76554125883921231
  0.77664731900479123  0.78784139808515574  0.79834258155944182  0.80726445527586876
  0.81581579852622366  0.82423129455088606  0.83334334075850347  0.84353063788803939
  0.85381430686232973  0.86418588687303999  0.87451715940243269  0.88452481762498925
  0.89436247025209936  0.90462774659245659  0.91540267278364418  0.92598311775647590
  0.93662240888104087  0.94637856146977140  0.95574008660215626  0.96429317788174274
  0.97273216180311506  0.98144848757713965  0.99059276251233819  1.00000000000000000
 -0.00017528722624244  0.00407254619587136  0.00807652399012345  0.01255315853591035
  0.01895086992472568  0.02676719942409577  0.03463140426708133  0.04247655097899931
  0.05063705677021410  0.05861453721728868  0.06757067121829417  0.07708024499460112
  0.08851409577870591  0.10068801668843252  0.11295091135351104  0.12578338949391282
  0.13982106662946703  0.15456417236555103  0.16951107374395538  0.18572351298393719
  0.20120918527094298  0.21516026861489074  0.22803461533742619  0.24136861254507855
  0.25558808829814000  0.27074915644724978  0.28600892286162571  0.30183986771787852
  0.31808422635876427  0.33411273969842215  0.34969091108102379  0.36435986181798052
  0.37858514101787122  0.39287621993493010  0.40715959563178528  0.42163425366474599
  0.43630405647825632  0.45217472578862494  0.46764473090107367  0.48205294105657698
  0.49671723824923608  0.51157425639175247  0.52647980185741894  0.54161410073759286
  0.55646681595885772  0.57127297062129245  0.58556189532575309  0.59860615844096510
  0.61137700884265933  0.62407993657960192  0.63693773959056732  0.64982283594606227
  0.66215479884952533  0.67375255266793799  0.68509047042791760  0.69619497090411142
  0.70695776611638017  0.71831100362878908  0.72930100148458810  0.74080405709632380
  0.75203384070324852  0.76394751800921423  0.77521282810025960  0.78563200383043974
  0.79589439136403806  0.80556877014010964  0.81545017118785190  0.82550614559627467
  0.83556154256857851  0.84546470402332297  0.85450727363557599  0.86229735250236883
  0.86922443311364006  0.87626586620777458  0.88306740111604420  0.89029471902257018
  0.89754575732535258  0.90417497138370251  0.91046233204925764  0.91667421453936349
  0.92347767151673932  0.93037610964641193  0.93662052048662270  0.94242747468714216
  0.94800238686384475  0.95355510180718428  0.95915268149733401  0.96453084948465651
  0.96940356237400116  0.97427490068340716  0.97898688369975118  0.98354610372379769
  0.98783755646790639  0.99203148459152202  0.99612211870620038  1.00000000000000000
 -0.00205070231178537  0.00996426184471541  0.01920144116869724  0.02903754309577814
  0.03931170327067913  0.05015888116965364  0.06133020753685879  0.07162036039720431
  0.08207615064082284  0.09206697003817574  0.10176563796383130  0.11138387232986852
  0.12133201299091123  0.13158824509992154  0.14223908539848015  0.15291315532116395
  0.16360766531616067  0.17339191131219917  0.18299640704516623  0.19216453178224693
  0.20127483417889036  0.21058498847836607  0.22079050696311711  0.23142064591177053
  0.24337132309769161  0.25495673457340806  0.26615010242866577  0.27717805052496292
  0.28725515143533398  0.29705754522648653  0.30714190795046270  0.31676790682688288
  0.32592010532175353  0.33516131562857948  0.34457209491305985  0.35406262174854403
  0.36338786095917419  0.37293816528025492  0.38348904101327369  0.39317734416181471
  0.40247485659245752  0.41161622527737363  0.42080389064315182  0.43102470291961975
  0.44148963248795636  0.45202031777734464  0.46256774129731082  0.47313781324700094
  0.48374591680094448  0.49510568045633968  0.50637617713973448  0.51744454012119157
  0.52815516849667732  0.53952221269469480  0.55153090061064913  0.56323916571858590
  0.57455475611395512  0.58544057438514840  0.59581227035091022  0.60592682755315286
  0.61641767891719734  0.62744479941479292  0.63898780226002638  0.65070049450553014
  0.66178616488299158  0.67280092120586066  0.68343031723813474  0.69445975363004253
  0.70544273605501018  0.71704042004988700  0.72898990745264247  0.74069104436186073
  0.75231186817966988  0.76380297041867440  0.77505708369833159  0.78628264229950295
  0.79752730004375261  0.80866865319287773  0.81926745404190982  0.82926891966059768
  0.83918521652934164  0.84933495638948031  0.85964795754678358  0.87024353797763798
  0.88112942667212746  0.89267992476385705  0.90508781966769480  0.91748769976835376
  0.92858564628057882  0.93864878171893251  0.94850448178238167  0.95804162988843800
  0.96827012832546666  0.97833685229509271  0.98908441264963376  1.00000000000000000
 -0.00307423274059276  0.01075056901309434  0.02228214583003021  0.03353174940991123
  0.04437134281420543  0.05509259408559929  0.06493762669255233  0.07403948243495180
  0.08316322212685415  0.09199703106852247  0.10043393840612901  0.10884008852218315
  0.11744820148878506  0.12603360270757685  0.13648997567288060  0.14687346866960033
  0.15649186841682627  0.16601357923782606  0.17596406420583191  0.18613567087249325
  0.19503471281176257  0.20394375282645746  0.21386896079721768  0.22446091673231389
  0.23445852903644421  0.24385795415053454  0.25372036320380131  0.26430334319188398
  0.27482815613067857  0.28503489184434938  0.29500374618274139  0.30499787833344116
  0.31492881943990420  0.32489981719256078  0.33527404631335334  0.34606219170043773
  0.35700647036506494  0.36781057334357725  0.37847991417576449  0.38878584530128651
  0.39919953846652734  0.40980140089152300  0.41989619142630003  0.42945550814516681
  0.43893577676096651  0.44867725652749424  0.45890922459425004  0.47004392735351541
  0.48057227748032150  0.49139643626932156  0.50255310204268522  0.51397495232918999
  0.52479616318113442  0.53486387745978237  0.54472603191852598  0.55457503396150376
  0.56412414853830850  0.57391854334023162  0.58402270908434140  0.59487004736825588
  0.60558167244126093  0.61633339230907724  0.62685425250258064  0.63773042977948180
  0.64902471706414278  0.66114877878428924  0.67294848478595293  0.68454193713059830
  0.69692731497770344  0.70960294536130575  0.72107497008032362  0.73134077563603639
  0.74139404428136735  0.75246720090336894  0.76435900101620646  0.77547181770213747
  0.78583303841470153  0.79624183711551555  0.80725384433074088  0.81865647856606449
  0.82978769472341729  0.84089828126123189  0.85257155939011064  0.86433851338857148
  0.87584992010267126  0.88697660900308273  0.89818470423328689  0.91012158003172328
  0.92198517902086796  0.93262823951538087  0.94316856651464553  0.95400275746172425
  0.96564498743019866  0.97715610372932493  0.98862218761615617  1.00000000000000000
  0.38035856957698988  0.58938128716634830  0.61299898675996256  0.63459962333863107
  0.65288268576571995  0.66932388660954456  0.68464540657295170  0.69907369171751133
  0.71206987516945541  0.72369630079755587  0.73441365517826329  0.74450949604945693
  0.75407428994459080  0.76278151305623920  0.77069435689158949  0.77779534109093018
  0.78464158445221621  0.79150598444003406  0.79790483547411395  0.80446288562167245
  0.81063259775888785  0.81655580181154086  0.82229216817628714  0.82797435228088845
  0.83323761267625052  0.83805935562325684  0.84282522933815052  0.84749421862230023
  0.85194230395344073  0.85603827695758605  0.86001114167163795  0.86400337090085599
  0.86793346790920634  0.87169497111822525  0.87515085859299024  0.87833480605683312
  0.88139113988779361  0.88453968095538582  0.88784421189361240  0.89108910915726958
  0.89423855490939896  0.89717936270461107  0.89987926919838856  0.90260303001452880
  0.90538871668554088  0.90817687273091363  0.91098440036106221  0.91366706007186305
  0.91618780268679467  0.91849923224024366  0.92071262506759644  0.92289691259590079
  0.92510550758404786  0.92730488036991854  0.92941175887810479  0.93148682717717191
  0.93351673999351459  0.93550470988192203  0.93743448588773182  0.93921721054487473
  0.94096673833460331  0.94277180575082919  0.94459606348763459  0.94644196887802234
  0.94827120813606014  0.95004154669828156  0.95175471721579585  0.95340656141890201
  0.95497537972644875  0.95652457235059107  0.95807101104728365  0.95963962569912953
  0.96122567566642414  0.96277476111816696  0.96423202410232645  0.96565676245316179
  0.96707506092784457  0.96838140429451625  0.96967009516117042  0.97099164251431402
  0.97233395778954834  0.97368343935451318  0.97507562122060221  0.97650704593386473
  0.97801220575579240  0.97950611213018590  0.98101287838975759  0.98254520636320464
  0.98404624365202165  0.98559815202349732  0.98729955567831251  0.98929532902034167
  0.99176101955367968  0.99454484662228126  0.99732262119959425  1.00000000000000000
   8.5248414303090296E-010  -1.0000000000000000     
 F F F F F F F F F F F F F F F F F F F F F F F F F F F F F F F F F F F F F F F F F F F F F F F F F F F F F F F F F F F F F F F F
  <DiscreteSampler_grid>
  grouped_processes
  1 # 1 for a reference and 2 for a running grid.
  10 # Attribute 'min_bin_probing_points' of the grid.
  1 # Attribute 'grid_mode' of the grid. 1=='default',2=='initialization'
  0.0000000000000000 # Attribute 'small_contrib_threshold' of the grid.
  0.5000000000000000 # Attribute 'damping_power' of the grid.
 # binID   n_entries weight   weight_sqr   abs_weight
    10   10   2.955551927910776E-001   2.688196069849482E-001   2.955551927910776E-001
  </DiscreteSampler_grid>
