  0.00514796562735778  0.00606737361996843  0.00698678161257908  0.00790618960518973
  0.00882559759780038  0.00974500559041104  0.01066441358302169  0.01158382157563234
  0.01250322956824300  0.01342263756085365  0.01434204555346430  0.01526145354607495
  0.01618086153868561  0.01710026953129626  0.01801967752390691  0.01893908551651756
  0.01985849350912821  0.02077790150173887  0.02228908863606223  0.02383824371811914
  0.02538739880017605  0.02693655388223296  0.02848570896428986  0.03003486404634677
  0.03158401912840367  0.03313317421046058  0.03468232929251749  0.03623148437457439
  0.03778063945663130  0.03932979453868821  0.04087894962074511  0.09220513858227278
  0.16740280065009902  0.17007174147415441  0.17274068229820982  0.17540962312226521
  0.17807856394632063  0.18074750477037604  0.18341644559443143  0.18608538641848685
  0.18875432724254226  0.19142326806659765  0.19409220889065307  0.19676114971470846
  0.19943009053876387  0.20209903136281929  0.20476797218687467  0.20743691301093009
  0.21010585383498551  0.21277479465904095  0.21544373548309637  0.21811267630715181
  0.22078161713120725  0.22345055795526267  0.22611949877931811  0.22878843960337356
  0.27260862415991666  0.27652714479307111  0.28044566542622562  0.28436418605938008
  0.28828270669253458  0.29220122732568904  0.29611974795884349  0.30003826859199789
  0.30395678922515235  0.30787530985830680  0.31179383049146125  0.31571235112461571
  0.31963087175777011  0.32354939239092456  0.32746791302407902  0.33138643365723341
  0.38506824632538328  0.48788939117497176  0.59071053602456014  0.62686574780573090
  0.62966501265578112  0.63246427750583134  0.63526354235588156  0.63806280720593178
  0.64086207205598200  0.64366133690603222  0.64635307207719594  0.64867247210458401
  0.65099187213197207  0.65331127215936002  0.65563067218674809  0.65795007221413615
  0.66026947224152421  0.66258887226891217  0.66490827229630023  0.69153656545122744
  0.79435771030081603  0.89717885515040441  0.96275672109378452  1.00000000000000000
  0.00063664904703088  0.00545623002470869  0.00549129450221645  0.00552635897972420
  0.00556142345723196  0.00559648793473972  0.00563155241224747  0.00566661688975523
  0.00570168136726299  0.00573674584477074  0.00577181032227850  0.00580687479978626
  0.00584193927729401  0.00587700375480177  0.00591206823230953  0.00594713270981729
  0.00598219718732504  0.00601726166483280  0.00605232614234056  0.00609370856655795
  0.00613621947377112  0.00617873038098430  0.00622124128819748  0.00626375219541066
  0.00630626310262384  0.00634877400983702  0.00639128491705020  0.00643379582426338
  0.00647630673147656  0.00651881763868974  0.00656132854590292  0.00660383945311610
  0.00664635036032927  0.00668886126754245  0.00673137217475563  0.00678061991484255
  0.00687992098161106  0.00697922204837958  0.00707852311514809  0.00717782418191661
  0.00727712524868513  0.00737642631545364  0.00747572738222216  0.00757574935207401
  0.00768128106068890  0.00778681276930379  0.00789234447791868  0.00799787618653357
  0.00810340789514846  0.00820893960376334  0.00831447131237823  0.00842000302099312
  0.00863826883128497  0.00890458236942002  0.00917089590755506  0.00943720944569011
  0.00956411435012688  0.00968748339251040  0.00981085243489392  0.00993422147727744
  0.01005759051966096  0.01018095956204448  0.01030432860442800  0.01042769764681152
  0.01055106668919504  0.01068064825647980  0.01081030544903452  0.01093996264158924
  0.01106961983414395  0.01119927702669867  0.01132893421925339  0.01145859141180811
  0.01158824860436283  0.01171790579691754  0.01184275673725487  0.01196130292712675
  0.01207984911699862  0.01219839530687050  0.01231694149674237  0.01243548768661425
  0.01255403387648613  0.01267258006635800  0.01279112625622988  0.01290967244610175
  0.01302821863597363  0.01314676482584550  0.01916278399814594  0.03140491442616060
  0.05151263590677595  0.08446373726948250  0.10280818675486189  0.10280818675487190
  0.10280818675488190  0.10280818675489191  0.10280818675490191  1.00000000000000000
  0.00030315666879795  0.00074993279813512  0.00076484692244033  0.00077976104674554
  0.00079467517105075  0.00080958929535596  0.00082553141723151  0.00084525241922452
  0.00086497342121754  0.00088469442321055  0.00090441542520356  0.00113752769520217
  0.00162479002512747  0.00167860067212875  0.00173241131913003  0.00178622196613131
  0.00181792698468081  0.00184954838377130  0.00188116978286178  0.00191279118195227
  0.00194441258104275  0.00197603398013324  0.00200900490657022  0.00204433883098435
  0.00207967275539848  0.00211500667981260  0.00215034060422673  0.00218567452864086
  0.00222100845305499  0.00226232423948951  0.00230584373119070  0.00234936322289189
  0.00239288271459308  0.00243640220629427  0.00247992169799546  0.00280359815207487
  0.00283766848544545  0.00287173881881604  0.00290580915218663  0.00293987948555721
  0.00297394981892780  0.00300802015229839  0.00304209048566898  0.00307616081903956
  0.00311023115241015  0.00314809460576077  0.00318616498274300  0.00322423535972523
  0.00326230573670747  0.00330037611368970  0.00333844649067193  0.00337651686765417
  0.00341458724463640  0.00345265762161863  0.00349229762668623  0.00353483767429318
  0.00357737772190013  0.00361991776950707  0.00366245781711402  0.00370499786472097
  0.00374753791232791  0.00379007795993486  0.00383261800754181  0.00387515805514876
  0.00640532174388233  0.01240291203093801  0.02401564872883399  0.04473054944248609
  0.04562423388599775  0.04651791832950941  0.04741160277302107  0.04830528721653273
  0.04919897166004439  0.05011246831513002  0.05111107620362864  0.05210968409212726
  0.05310829198062588  0.05410689986912451  0.05510550775762313  0.05614155273917679
  0.05725740265937142  0.05837325257956606  0.05948910249976069  0.06060495241995533
  0.06172080234014997  0.08402251788895937  0.10055770269721012  0.10490108260586904
  0.10923914597472095  0.11354731926259236  0.11785549255046375  0.13522058549956875
  0.13522058549957874  0.13522058549958874  0.13522058549959873  1.00000000000000000
  0.08691310485204061  0.23226286913865224  0.23535907161063774  0.23845527408262321
  0.24155147655460871  0.24464767902659421  0.24774388149857970  0.25099427983354949
  0.25465878455729768  0.25832328928104581  0.26198779400479399  0.26565229872854218
  0.26931680345229031  0.33346588497469387  0.39867456672107809  0.40549913804954907
  0.41232370937801999  0.41773019857915294  0.42065496821713477  0.42357973785511666
  0.42650450749309848  0.42942927713108031  0.43235404676906214  0.43527881640704397
  0.43820358604502585  0.44112835568300768  0.44405312532098951  0.44697789495897133
  0.44990266459695316  0.45282743423493499  0.45575220387291687  0.45869194388591167
  0.46174412848048352  0.46479631307505537  0.46784849766962727  0.47090068226419912
  0.47395286685877103  0.47700505145334288  0.51034430135048625  0.61719717354758519
  0.70860777792496132  0.71047363842472033  0.71233949892447945  0.71420535942423857
  0.71607121992399769  0.71793708042375670  0.71980294092351582  0.72166880142327494
  0.72353466192303406  0.72540052242279307  0.72726638292255219  0.72913224342231131
  0.73069833803367334  0.73225879831910068  0.73381925860452812  0.73537971888995557
  0.73694017917538290  0.73850063946081035  0.74006109974623779  0.74162156003166513
  0.74318202031709257  0.74474248060252002  0.74630294088794735  0.74786340117337480
  0.74942386145880224  0.75098432174422958  0.75254478202965702  0.75410524231508447
  0.75566570260051180  0.75722616288593925  0.75878662317136669  0.76034708345679403
  0.76190754374222147  0.76346800402764892  0.76502846431307625  0.76658892459850370
  0.76814938488393114  0.76970984516935848  0.77166700126714149  0.77464409211132934
  0.77762118295551730  0.78059827379970514  0.78357536464389299  0.78655245548808084
  0.78952954633226879  0.82181464206591759  0.92866751426301641  0.96204504941604196
  0.96718331429533655  0.97232157917463113  0.97745984405392572  0.98214727394372459
  0.98661045545779336  0.99107363697186213  0.99553681848593101  1.00000000000000000
  0.00224780639012654  0.25572707730781191  0.26145415461562388  0.26718123192343579
  0.27317544305448971  0.27963982823116684  0.28610421340784398  0.30615272628213558
  0.40997815611000132  0.51380358593786690  0.58463970535181564  0.58859456575155800
  0.59254942615130024  0.59650428655104260  0.60045914695078484  0.60426610461057373
  0.60585607024199284  0.60744603587341195  0.60903600150483106  0.61062596713625017
  0.61221593276766928  0.61380589839908839  0.61539586403050750  0.61698582966192661
  0.61857579529334572  0.62016576092476483  0.62175572655618394  0.62334569218760305
  0.62493565781902216  0.62652562345044127  0.62811558908186038  0.62970555471327938
  0.63129552034469849  0.63288548597611760  0.63447545160753671  0.63606541723895582
  0.63765538287037493  0.63924534850179404  0.64083531413321315  0.64242527976463226
  0.64401524539605137  0.64560521102747048  0.64731339991769787  0.64904139237996605
  0.65076938484223423  0.65249737730450241  0.65422536976677059  0.65595336222903877
  0.65768135469130695  0.65940934715357513  0.66113733961584331  0.66286533207811149
  0.66459332454037967  0.66632131700264785  0.74974196124185888  0.79332439202606908
  0.79610487722452661  0.79888536242298402  0.80166584762144155  0.80444633281989908
  0.80722681801835661  0.81000730321681402  0.81278778841527155  0.81556827361372908
  0.81834875881218661  0.82112924401064402  0.82390972920910155  0.82669021440755908
  0.82947069960601660  0.83225118480447402  0.83503167000293155  0.83781215520138907
  0.84059264039984660  0.84337312559830413  0.84615361079676166  0.84893409599521918
  0.85171458119367671  0.86642936192249353  0.89787755869231856  0.90072945895168144
  0.90358135921104421  0.90643325947040698  0.90928515972976987  0.91213705998913264
  0.91498896024849541  0.91764031153204761  0.92000511532056795  0.92236991910908817
  0.92473472289760850  0.92709952668612883  0.92946433047464916  0.93182913426316949
  0.93419393805168982  0.93655874184021015  0.93987065951029458  1.00000000000000000
  0.05452823241551720  0.05634650351125588  0.05816477460699455  0.05998304570273322
  0.06180131679847190  0.06586455558758902  0.07132877524068984  0.07679299489379064
  0.08225721454689146  0.17325011186973285  0.28521769040814265  0.39718526894655243
  0.50915284748496237  0.62112042602337225  0.73308800456178214  0.77216030547190262
  0.77416210220550008  0.77616389893909743  0.77816569567269489  0.78016749240629235
  0.78216928913988970  0.78417108587348716  0.78617288260708462  0.78817467934068197
  0.79017647607427943  0.79217827280787678  0.79418006954147424  0.79618186627507159
  0.79818366300866905  0.80018545974226640  0.80218725647586375  0.80418905320946121
  0.80619084994305856  0.80819264667665602  0.81019444341025337  0.81219624014385083
  0.81419803687744818  0.81619983361104553  0.81820163034464299  0.82020342707824034
  0.82220522381183780  0.82420702054543515  0.82620881727903261  0.82821061401262996
  0.83021241074622731  0.83221420747982477  0.85516273781193397  0.85907083715070642
  0.86297893648947877  0.86688703582825111  0.87079513516702356  0.87470323450579590
  0.87736350892460169  0.87992124190165988  0.88247897487871807  0.88503670785577626
  0.88759444083283434  0.89015217380989253  0.89270990678695072  0.89526763976400892
  0.89782537274106711  0.90038310571812530  0.90294083869518349  0.90549857167224168
  0.90805630464929987  0.91061403762635806  0.91317177060341626  0.91572950358047445
  0.91868199536932382  0.92186277313858356  0.92504355090784318  0.92822432867710292
  0.93140510644636254  0.93458588421562228  0.93777332808921821  0.94103361999128410
  0.94429391189334999  0.94755420379541577  0.95081449569748167  0.95407478759954756
  0.95733507950161345  0.96050175843236851  0.96362712527888650  0.96675249212540448
  0.96987785897192247  0.97300322581844056  0.97612859266495855  0.97923914910729271
  0.98183425546888103  0.98442936183046947  0.98702446819205791  0.98961957455364635
  0.99221468091523468  0.99480978727682312  0.99740489363841156  1.00000000000000000
  0.00249603181554297  0.02443245635840237  0.02803157938347147  0.03163070240854058
  0.03522982543360969  0.03882894845867879  0.04256849404259069  0.04683138757899918
  0.05109428111540766  0.05535717465181614  0.05962006818822462  0.10318337933587587
  0.20961883493015598  0.21757809036681902  0.22553734580348206  0.23349660124014504
  0.24145585667680802  0.24941511211347098  0.25737436755013393  0.26533362298679686
  0.30958529501606646  0.43498928250253860  0.44089078793655495  0.44435084989115214
  0.44781091184574934  0.45127097380034653  0.45473103575494372  0.45819109770954092
  0.46165115966413811  0.46511122161873536  0.46857128357333261  0.47203134552792980
  0.47549140748252705  0.47895146943712430  0.48241153139172149  0.48587159334631869
  0.48933165530091588  0.49279171725551307  0.49625177921011027  0.49971184116470746
  0.61496016669675113  0.66793843866943936  0.67010249182370074  0.67226654497796212
  0.67443059813222350  0.67659465128648488  0.67875870444074626  0.68092275759500764
  0.68308681074926902  0.68525086390353040  0.68741491705779179  0.68957897021205328
  0.69174302336631466  0.69390707652057604  0.69607112967483742  0.69823518282909880
  0.70039923598336018  0.70256328913762156  0.70472734229188294  0.70689139544614432
  0.70905544860040570  0.71121950175466708  0.71338355490892857  0.71554760806318995
  0.71771166121745134  0.71987571437171272  0.72203976752597421  0.72420382068023559
  0.72636787383449697  0.72853192698875835  0.81778833830805853  0.83857721390905482
  0.84456310108465948  0.85054898826026426  0.85653487543586893  0.86252076261147359
  0.86850664978707826  0.87449253696268292  0.88047842413828759  0.88646431131389225
  0.89245019848949692  0.93786383851498223  0.94141156867332110  0.94495929883166008
  0.94850702898999895  0.95205475914833781  0.95560248930667668  0.95881614693235562
  0.96091300266251733  0.96300985839267905  0.96510671412284077  0.96720356985300249
  0.96930042558316420  0.97139728131332581  0.97314578692118325  1.00000000000000000
  0.04626434644063319  0.23266065020182683  0.23615463373698689  0.23964861727214698
  0.24314260080730707  0.24663658434246716  0.25015451006277134  0.25428918411239326
  0.25842385816201519  0.26255853221163711  0.26669320626125903  0.27082788031088095
  0.33611153324246584  0.34190736472581384  0.34770319620916185  0.35349902769250985
  0.35929485917585779  0.36509069065920574  0.37088652214255363  0.37668235362590158
  0.38247818510924952  0.38827401659259747  0.39406984807594542  0.43823625235537522
  0.44034279350677519  0.44244933465817515  0.44455587580957506  0.44666241696097503
  0.44876895811237499  0.45087549926377496  0.45298204041517487  0.45508858156657483
  0.45719512271797480  0.45930166386937477  0.46140820502077473  0.46351474617217470
  0.46562128732357466  0.46772782847497463  0.46983436962637459  0.47194091077777456
  0.47404745192917452  0.47615399308057449  0.47826053423197445  0.48036707538337442
  0.48247361653477439  0.48458015768617435  0.48668669883757426  0.48879323998897423
  0.49089978114037419  0.49300632229177416  0.49511286344317407  0.49721940459457403
  0.49932594574597400  0.58183738663953510  0.64740645001398156  0.65076613816137219
  0.65412582630876281  0.65748551445615344  0.66084520260354407  0.66420489075093470
  0.66756457889832532  0.67092426704571595  0.67428395519310658  0.67764364334049720
  0.68100333148788772  0.68436301963527835  0.68766282334051587  0.69011911669808879
  0.69257541005566170  0.69503170341323450  0.69748799677080742  0.69994429012838033
  0.70240058348595324  0.70485687684352616  0.70731317020109907  0.71034715725247644
  0.71379151224803117  0.71723586724358601  0.72068022223914086  0.72412457723469559
  0.72756893223025043  0.73101328722580516  0.73445764222136001  0.73790199721691474
  0.74134635221246947  0.74479070720802421  0.74823506220357905  0.80867886867685213
  0.87845491420285282  0.88615110748622128  0.89384730076958974  0.89817093056649755
  0.90132155994602958  0.90447218932556162  0.90544116894404092  1.00000000000000000
  0.64042996962865184  0.64753310820321230  0.64923288307309135  0.65093265794297039
  0.65263243281284944  0.65433220768272848  0.65603198255260753  0.65773175742248657
  0.65943153229236562  0.66113130716224466  0.66283108203212371  0.66453085690200275
  0.66623063177188180  0.66821770979749817  0.67030391755213503  0.67239012530677189
  0.67447633306140875  0.67656254081604561  0.67864874857068247  0.68073495632531933
  0.68282116407995619  0.68490737183459305  0.68699357958922991  0.75819555226693947
  0.79278526061252530  0.79452904412692171  0.79627282764131813  0.79801661115571443
  0.79976039467011084  0.80150417818450725  0.80324796169890367  0.80499174521329997
  0.80673552872769638  0.80847931224209280  0.81022309575648910  0.81196687927088551
  0.81371066278528192  0.81545444629967834  0.81719822981407464  0.81894201332847105
  0.82068579684286747  0.82242958035726388  0.82417336387166018  0.82591714738605659
  0.82766093090045301  0.82940471441484931  0.83114849792924572  0.83289228144364214
  0.83440868806520252  0.83584811412810012  0.83728754019099783  0.83872696625389542
  0.84016639231679313  0.84160581837969084  0.84304524444258844  0.84448467050548615
  0.84592409656838374  0.84736352263128145  0.84880294869417905  0.85024237475707676
  0.85168180081997436  0.85312122688287206  0.85488433196613289  0.85750631702317825
  0.86012830208022362  0.86275028713726909  0.86537227219431445  0.86799425725135981
  0.87061624230840517  0.87323822736545054  0.87586021242249601  0.87848219747954137
  0.88110418253658673  0.88372616759363209  0.88634815265067746  0.88897013770772282
  0.89159212276476829  0.89421410782181365  0.93153739378873246  0.96028783829684794
  0.96302917114526787  0.96577050399368780  0.96851183684210773  0.97125316969052766
  0.97399450253894759  0.97673583538736752  0.97942559925602957  0.98171164378313747
  0.98399768831024526  0.98628373283735304  0.98856977736446083  0.99085582189156873
  0.99314186641867652  0.99542791094578431  0.99771395547289210  1.00000000000000000
   1.9647833342091335E-011  -1.0000000000000000     
 F F F F F F F F F F F F F F F F F F F F F F F F F F F F F F F F F F F F F F F F F F F F F F F F F F F F F F F F F F F F F F F F
  <DiscreteSampler_grid>
  grouped_processes
  1 # 1 for a reference and 2 for a running grid.
  10 # Attribute 'min_bin_probing_points' of the grid.
  1 # Attribute 'grid_mode' of the grid. 1=='default',2=='initialization'
  0.0000000000000000 # Attribute 'small_contrib_threshold' of the grid.
  0.5000000000000000 # Attribute 'damping_power' of the grid.
 # binID   n_entries weight   weight_sqr   abs_weight
    10   10   4.686823084820500E+000   7.820685781263452E+001   4.686823084820500E+000
  </DiscreteSampler_grid>
