  0.00369726263299441  0.00835538823154178  0.01466660579739936  0.02304345890798370
  0.03300180997496300  0.04422064552236742  0.05689355845005839  0.06920905131090462
  0.08060457014461830  0.09104499828816778  0.10145844079087873  0.11315588812508869
  0.12527785611214956  0.13673147118430012  0.14815689697898587  0.15956472733400123
  0.17061560739020529  0.18179598591743715  0.19407401436682692  0.20693050172437033
  0.21892114148080516  0.23090898980271293  0.24289533950607425  0.25455720465985332
  0.26508223175770607  0.27470578016630587  0.28404561038707604  0.29433469835563569
  0.30498172161274623  0.31504746912851150  0.32473798399383930  0.33451034087374709
  0.34447179676008705  0.35600689324371337  0.36565356489953282  0.37417069910071910
  0.38212158697242671  0.39062978738843268  0.39945795545938001  0.40796952913062245
  0.41599632452070229  0.42617557430790576  0.43765811374621405  0.44865681703030325
  0.45966230959996429  0.47015564306907653  0.48096802813368050  0.49002521209382915
  0.49862105220496511  0.50819531136776452  0.51908082479234241  0.53135061042031317
  0.54369486733237238  0.55499168167979440  0.56595701717421254  0.57668627626578939
  0.58831251955528718  0.59942373511240432  0.61035351685730443  0.62145435363229651
  0.63157903447493147  0.64218667172363075  0.65288041191217538  0.66537195969794782
  0.67768227299722861  0.68962641465897756  0.70139523542393767  0.71277607203811488
  0.72343756970524753  0.73343154699687318  0.74340787642059902  0.75281959137927024
  0.76223513078867222  0.77202678594802532  0.78283431278682836  0.79142550769150399
  0.79992894371442869  0.80879222610869195  0.81839754099154083  0.82810351461639864
  0.83778437322492627  0.84772757108149466  0.85804776933191984  0.86915261244908670
  0.88207819730532022  0.89574250656734300  0.90823188046328762  0.92036043607579587
  0.93264649996072857  0.94448592128726772  0.95581733539712321  0.96672645748726627
  0.97666321965055347  0.98534575484823761  0.99201712463007274  1.00000000000000000
  0.00247745508580207  0.00583426774359003  0.00693337691544121  0.00788090794049624
  0.00884709162776076  0.00979127548391720  0.01070118271433282  0.01161846509748314
  0.01248901395879972  0.01334631045075296  0.01419827376272035  0.01506706900315148
  0.01593284874248386  0.01681682880524037  0.01769808958492885  0.01860803889402829
  0.01955497784693388  0.02051682627139622  0.02158371144699426  0.02264867416061081
  0.02368746516049807  0.02469171126008023  0.02565938251977120  0.02663752000469950
  0.02762259801165687  0.02857081496359288  0.02957603334393023  0.03066526862397807
  0.03182960243405189  0.03299949699538821  0.03415486694839571  0.03518070627874096
  0.03621859245136410  0.03733297948968464  0.03848563687590552  0.03970890738116423
  0.04104773280607121  0.04244023959950619  0.04386201593478085  0.04529838897630212
  0.04684691373037889  0.04848981601146256  0.05024763120259097  0.05206180031448390
  0.05382065391465730  0.05541430425014993  0.05685432451583447  0.05816490877439508
  0.05941725603645331  0.06078080363968848  0.06224881351075569  0.06389161582062060
  0.06567069897313120  0.06757975518340907  0.06969535220086270  0.07198561963447404
  0.07432359629794691  0.07677854223502455  0.07906217743733426  0.08168825151347039
  0.08483945577718878  0.08796522702487017  0.09106645258859145  0.09417833300909499
  0.09742549284788586  0.10095912647875262  0.10498219003982054  0.10858076667836579
  0.11218423357074291  0.11547104966865229  0.11828670143260926  0.12103831307630515
  0.12449058529304292  0.12855921060276190  0.13320134080393939  0.13815691522326462
  0.14348753940144196  0.14879401583981994  0.15482404952905909  0.15937998966795619
  0.16449784343179297  0.16995901538296471  0.17564974170078454  0.18353953317289248
  0.19238714089232314  0.20222151286353046  0.21007208500775659  0.21690032861673200
  0.22521926013457400  0.23457526937059087  0.24839206346198534  0.26799459688631228
  0.29619152694287570  0.35745157731715266  0.82647435460759044  1.00000000000000000
  0.00008428943205212  0.00008631324329077  0.00008906458492102  0.00009231940888415
  0.00009586436562461  0.00009975425994152  0.00010394840272857  0.00010830710848253
  0.00011347913681797  0.00011984200130748  0.00012591307695341  0.00013175282007859
  0.00013763661740078  0.00014373127593909  0.00015007634423475  0.00015674148853228
  0.00016348294203187  0.00017105582572515  0.00017868939340941  0.00018715803461971
  0.00019689574729258  0.00020739856794949  0.00021794420256255  0.00022837623567692
  0.00023980629976606  0.00025422368779660  0.00027286366718570  0.00029234790481940
  0.00031311325044857  0.00033523139004796  0.00035761762750822  0.00038130998070635
  0.00040823968628551  0.00043595898690622  0.00046780527897854  0.00050004880400558
  0.00053370549520731  0.00056873220440489  0.00060819758616571  0.00065205560169906
  0.00069863849565015  0.00074996783531147  0.00080833006864147  0.00087536034373051
  0.00095282696977825  0.00103499956433410  0.00111546551777318  0.00119443144154495
  0.00128311653832581  0.00137945743921919  0.00148195834299784  0.00162321567244818
  0.00178519410492575  0.00195243952340608  0.00211150427504605  0.00225571570248340
  0.00240712067652993  0.00257903512275908  0.00277206013298689  0.00297670874909054
  0.00318651559894265  0.00341830210993812  0.00367966455856107  0.00399890683574390
  0.00441250555494873  0.00490401629136340  0.00540790355759038  0.00600202407084836
  0.00661085175163715  0.00724879265839377  0.00795499849156509  0.00881075120055369
  0.00980597465165352  0.01086822919071975  0.01196321200570902  0.01310615532459812
  0.01445059511300526  0.01592970195088421  0.01757976636128560  0.01906406776419054
  0.02058603518160807  0.02224345115177170  0.02413689742577693  0.02699341761565673
  0.03053471789942358  0.03422279293682139  0.03955565087746114  0.04547882925452717
  0.05283805524114778  0.06099893943869703  0.07002188834760137  0.09270138948582601
  0.13981401667999477  0.18869406565174215  0.27712883630085006  1.00000000000000000
 -0.00475695352436620  0.02432501521729005  0.04776375644069168  0.06904779121788744
  0.08708594183763808  0.10533715301774031  0.12336148828265711  0.13891469909532805
  0.15474407466428158  0.17192853491162946  0.18904643363316143  0.20489881393881804
  0.21808982567447266  0.23081616113366554  0.24238894497336244  0.25526995603054820
  0.26887395195961450  0.28135886754094180  0.29336111469181914  0.30599279336971080
  0.31883047152104782  0.33061849723925307  0.34161604577193450  0.35233282198832766
  0.36308811350563336  0.37472220238971488  0.38672098458771664  0.39789839379779829
  0.40802566242657429  0.41755868119792761  0.42710444019665877  0.43650944673288650
  0.44505194112860758  0.45306165559272815  0.46131751927621972  0.46986079797842512
  0.47915210751716775  0.48916259439049342  0.49898001491632921  0.50947532510193794
  0.52123099645003435  0.53342963711395197  0.54487428531982440  0.55566083029785374
  0.56631491565901382  0.57773407111899711  0.58900658534385797  0.59939581763297733
  0.60959190108452999  0.61898905022195860  0.62769035773594395  0.63623463409304337
  0.64423075757980441  0.65237378606555774  0.66029132985114602  0.66807053708674635
  0.67662798099012034  0.68451637256134390  0.69225138392632790  0.69962688681359675
  0.70746668562446657  0.71533422435170324  0.72335407143367669  0.73050272899948621
  0.73750015915214850  0.74474070731721231  0.75164102714898440  0.75985161325379447
  0.76769455280618593  0.77537984399917803  0.78349702211809025  0.79208806851333213
  0.80059155862117537  0.80922481669901258  0.81706248947056326  0.82520477733952835
  0.83372075043373128  0.84282009304298766  0.85286394097938434  0.86280568357636422
  0.87237380656744679  0.88146371400840906  0.89057207594302512  0.90072591146694603
  0.91191303238565791  0.92264162309202613  0.93254009423502171  0.94156260982011530
  0.94890747017829746  0.95586098662110885  0.96254768746122743  0.96947720187871034
  0.97679441426416358  0.98419252364443688  0.99171147274124338  1.00000000000000000
 -0.00161539327348719  0.00742429313969103  0.01463857995837940  0.02209134037466421
  0.02983632776151861  0.03799284826309658  0.04657098855593274  0.05582256254247305
  0.06509208758883532  0.07551031260374137  0.08656012033461821  0.09732864774019739
  0.10882752348060323  0.11982101208137247  0.13032170107532542  0.14122791300979926
  0.15372679365511444  0.16831463901787574  0.18206770670877295  0.19422706779910739
  0.20548029356757502  0.21545055304228519  0.22497148944629194  0.23442063865220811
  0.24368349471045495  0.25355793313575964  0.26262200102733008  0.27102291017061114
  0.28022514394500486  0.29023768323376964  0.30107762432363766  0.31172462708075827
  0.32246968370798945  0.33388177102780209  0.34537162937897009  0.35610919462104768
  0.36688873159904922  0.37801069897056977  0.38967856802508893  0.40100250992848757
  0.41207116214748585  0.42268401767257746  0.43362142212786919  0.44450624237570052
  0.45566976508245355  0.46646402443493690  0.47699050486270644  0.48731775907638930
  0.49776233241081225  0.50874447799581424  0.51967936987180718  0.53113025603934116
  0.54227488082027886  0.55282708341007336  0.56264894911895480  0.57264145224360452
  0.58314384508229811  0.59426676462220962  0.60563032705996733  0.61670260847677960
  0.62788722195599567  0.63872019059789242  0.64912683349665123  0.65935230817950097
  0.67017867947409249  0.68163460817660271  0.69305131795300812  0.70398460889798675
  0.71452452780802855  0.72501339542271781  0.73501187975092297  0.74540709334493860
  0.75661841537067298  0.76772382016971419  0.77808029442861681  0.78798085749469249
  0.79858051078852244  0.80949004169844385  0.81960516962859631  0.82974852728492188
  0.84092753072490123  0.85297410366081672  0.86258328096097558  0.87206383689707379
  0.88247136766158751  0.89434608395790938  0.90628031591793634  0.91748374604532235
  0.92890600156487269  0.93979504264742075  0.95073237900979501  0.96159168014713969
  0.97137821409296410  0.98157183413817028  0.99116678219814491  1.00000000000000000
  0.00131214806783750  0.01013923915266099  0.02067362582425294  0.03354699061606207
  0.04837216751424022  0.06550342854765474  0.08406301369039920  0.10295293235547993
  0.12304362058727326  0.14300776805129786  0.16356218724012370  0.18647370497284782
  0.21051215652807143  0.23412663019288760  0.25651770646467553  0.27774348097139162
  0.29788110629776166  0.31751132914410662  0.33898985316261449  0.35874537195386363
  0.37711090892510712  0.39499916177609712  0.41421938176897632  0.43132925515000020
  0.44772621934502710  0.46447902104010791  0.48217088350727866  0.50067203913381275
  0.51672656563986186  0.53160860899294460  0.54652206074892584  0.56032436339485858
  0.57389343545130733  0.58697913022628978  0.60166402624254112  0.61647281241228125
  0.63079911432870650  0.64331983551645422  0.65524823536617949  0.66737411408311620
  0.67982148365643069  0.69120229656033239  0.70224654419322075  0.71299538405604213
  0.72371416986221282  0.73392585878178762  0.74282209249781950  0.75099623954691763
  0.75936052549315536  0.76824358644989210  0.77719074640335561  0.78537818056709230
  0.79333197008302569  0.80155076685303572  0.80973256927672976  0.81738354246052936
  0.82459956375251964  0.83187756744170394  0.83902765949409763  0.84550837728165884
  0.85151697100475565  0.85700505469006438  0.86222011582721136  0.86795995934358616
  0.87399137464398602  0.87956635565823327  0.88469347689969902  0.88967544245077002
  0.89476943584507529  0.89986256801772102  0.90474172792535823  0.90940926448290704
  0.91347720893379236  0.91768953383367957  0.92177212201754821  0.92573896618659801
  0.92977982032175743  0.93386843223722582  0.93792201127338393  0.94167372818831774
  0.94545182669623307  0.94917760871599755  0.95271064157166829  0.95612252324160674
  0.96015016616410653  0.96451029341387551  0.96865842129634339  0.97272166695364481
  0.97676675458807971  0.98062036797200958  0.98402407899290179  0.98726463984322566
  0.99040333074640352  0.99361244072354327  0.99681559059710323  1.00000000000000000
 -0.00349365810782691  0.01196682954818310  0.02524773343685405  0.03827917789288269
  0.04982471780413122  0.06011324607037889  0.07039750850186018  0.08104070111433492
  0.09169511796060201  0.10201115377961975  0.11216274397983529  0.12220461258247284
  0.13224764883557230  0.14277465010087073  0.15433769010865420  0.16698027718333339
  0.17750889223823249  0.18827183535536587  0.19925016130593895  0.21106274156123925
  0.22248054895499317  0.23295750072073024  0.24324305192560969  0.25353382271693303
  0.26404153147737836  0.27499028196498021  0.28644112683533690  0.29759294916719781
  0.30810037116522748  0.31948726984968306  0.33168367219704287  0.34511552208059593
  0.35863813333959049  0.37205832050140342  0.38205709036674912  0.39087978546547775
  0.40059181404535688  0.41042285892135733  0.41991203060579763  0.42929530372865710
  0.43908080051624038  0.44997099521847123  0.46060964808823618  0.47049993915554222
  0.48013862405381508  0.48911134260338124  0.49757430081146170  0.50740584721537574
  0.51831203802650894  0.53100769988267094  0.54302755651985946  0.55395091343609359
  0.56385647895763380  0.57326724058133849  0.58267972887353325  0.59192934186688495
  0.60065661354219757  0.60920168668495012  0.61781853098171180  0.62778844500590547
  0.63756622500349680  0.64734135149218508  0.65758224913835173  0.66647965893519634
  0.67636741694629920  0.68668348023937531  0.69681860112239524  0.70683259344236604
  0.71692939458881733  0.72803241331812329  0.73965738231501210  0.75130998318552578
  0.76348793283569472  0.77489834317850270  0.78475767358224935  0.79400195869747481
  0.80340084411513235  0.81325069498116376  0.82237220893996110  0.83111455656706146
  0.84047969850968296  0.85076073333101088  0.86210709047557155  0.87238823066636240
  0.88252447842694770  0.89280608885325574  0.90380076638063434  0.91518682806205964
  0.92607564869941528  0.93710354623928238  0.94792127272826843  0.95764193327817404
  0.96719278309260126  0.97714190079609076  0.98774598407117942  1.00000000000000000
 -0.00248890023710105  0.01096910491466984  0.02286963991770961  0.03481097777099451
  0.04624603085036075  0.05727703169044296  0.06959185270356513  0.08248464873437979
  0.09385991425018002  0.10532442785656951  0.11780649490515802  0.13123285810221180
  0.14388620671780669  0.15552870889156456  0.16721995639339016  0.17899258267917686
  0.19173087257460852  0.20325513113463081  0.21299019638500039  0.22117596799210471
  0.22976236358583388  0.23876673605158769  0.24807282364434069  0.25693931999392827
  0.26538128050393484  0.27452644016981281  0.28493116689895587  0.29490054082299949
  0.30404621262990594  0.31266133441179722  0.32130708172283207  0.33103597497641479
  0.34174488192621744  0.35388338946182407  0.36628420715638688  0.37797232791474056
  0.38947056992952578  0.40157486002425152  0.41388948820762850  0.42450774974213251
  0.43446539760596681  0.44486079125956718  0.45668828703832803  0.46900838889912111
  0.48083076888674497  0.49290537895599451  0.50386733026874064  0.51542521221213333
  0.52658774721450408  0.53760305758746063  0.54879245280137090  0.55934074827063684
  0.56981858893390380  0.58049944185273172  0.59158166845498117  0.60237780166386057
  0.61284153696661037  0.62326938438569301  0.63315413308286894  0.64301262941486104
  0.65281734913695577  0.66272705953664546  0.67302779232155296  0.68353861522370918
  0.69490242277297842  0.70584349624960296  0.71699694569896710  0.72847911085545147
  0.74035285428823316  0.75192381491466809  0.76295798471723841  0.77305909201984835
  0.78276653494231485  0.79239199474121680  0.80287626737770890  0.81432611442635161
  0.82520146715369447  0.83547772355159700  0.84556487173318895  0.85479577557112996
  0.86309451493272060  0.87069544314510428  0.87782485568089441  0.88601137075504921
  0.89372180848114813  0.90157031096101170  0.90994253650097467  0.91832924702240704
  0.92746194613961230  0.93669179115783308  0.94601258153905576  0.95655845366369396
  0.96793179315597300  0.97920726991324358  0.98930255946079992  1.00000000000000000
  0.43283556203912604  0.63679232612655112  0.67119481676152937  0.70101319791489025
  0.73141571169125330  0.75685096125812557  0.77933310259959676  0.79804484805885711
  0.81299498807739767  0.82576798603565438  0.83682736687302994  0.84707633612267530
  0.85729064735200233  0.86602016595358133  0.87389605548225524  0.88070527923897057
  0.88687799355417940  0.89306166725971592  0.89877142769700358  0.90411681173823122
  0.90898364915900243  0.91352866636744334  0.91770731507478664  0.92112471561910758
  0.92457406346525162  0.92800432262722732  0.93133727138194644  0.93441779808972236
  0.93724550980672905  0.93972015795895292  0.94211493871768048  0.94439907262457479
  0.94647922775159066  0.94838232817300783  0.95014449596758144  0.95189454343788160
  0.95358968055859039  0.95526137028056035  0.95694682415677057  0.95846812978624951
  0.95980332770240906  0.96105314833473643  0.96227605185529241  0.96348720723720183
  0.96467624802525875  0.96582292340751308  0.96689272670359971  0.96794601774194444
  0.96896306898811346  0.97000870701570674  0.97106019276415800  0.97204160080657331
  0.97299309813799484  0.97392535650915746  0.97482275548530672  0.97569748628317354
  0.97651894804654649  0.97730536958425485  0.97807460313622374  0.97883131194433726
  0.97956142789945533  0.98023222389649800  0.98082676324475904  0.98140275634192020
  0.98196308221858541  0.98251815084158467  0.98308009016534437  0.98364970970183907
  0.98418778310406152  0.98470110745783990  0.98521366101694441  0.98572980071932370
  0.98624054691093832  0.98672153210727009  0.98717975377480427  0.98766647015418629
  0.98817889644372692  0.98867598179237881  0.98914952057893557  0.98961545970822173
  0.99008205299497409  0.99061355695125275  0.99114186718028408  0.99165822733519404
  0.99216109848723055  0.99265761185608170  0.99315801651536106  0.99366112146159902
  0.99416218863770056  0.99462890532067838  0.99516067926365614  0.99574666816571078
  0.99639215600642905  0.99722288853148144  0.99836137160815530  1.00000000000000000
   4.8002732231592049E-007  -1.0000000000000000     
 F F F F F F F F F F F F F F F F F F F F F F F F F F F F F F F F F F F F F F F F F F F F F F F F F F F F F F F F F F F F F F F F
  <DiscreteSampler_grid>
  grouped_processes
  1 # 1 for a reference and 2 for a running grid.
  10 # Attribute 'min_bin_probing_points' of the grid.
  1 # Attribute 'grid_mode' of the grid. 1=='default',2=='initialization'
  0.0000000000000000 # Attribute 'small_contrib_threshold' of the grid.
  0.5000000000000000 # Attribute 'damping_power' of the grid.
 # binID   n_entries weight   weight_sqr   abs_weight
    10   10   2.964393848310282E+002   6.612663983011860E+005   2.964393848310282E+002
  </DiscreteSampler_grid>
