  0.00291995898927277  0.01427094275527430  0.02648604423106308  0.03858510775008289
  0.04958332981963205  0.06014632389502141  0.07067851851845389  0.08119616018812806
  0.09151106094046177  0.10161438426945488  0.11175173689605188  0.12164814363040247
  0.13183553622166194  0.14259230357344180  0.15376282960092166  0.16496702732477303
  0.17618048087255600  0.18743233043160334  0.19844510149811059  0.20937464037279555
  0.22056826420718018  0.23143892132392521  0.24185339064889960  0.25202473484212007
  0.26238054632885011  0.27267430477309940  0.28274163282848203  0.29302892194853614
  0.30354355653449500  0.31425190876627179  0.32517607659818853  0.33606185024412921
  0.34617029120046283  0.35592877247207633  0.36534022707634745  0.37534550960454682
  0.38561201795000460  0.39643508536197480  0.40780569144086198  0.41944015678524083
  0.43016808918863131  0.44063407577341462  0.45075367070669442  0.46067214525914435
  0.47018986608007429  0.47954909408377799  0.48960675041939733  0.49975690715560833
  0.51044236199461024  0.52138065679229351  0.53333104533525455  0.54451658520755641
  0.55571569853998604  0.56734424427883356  0.57996380981528284  0.59253634204421235
  0.60472787098784309  0.61624130755198903  0.62754315296233854  0.63856342235592867
  0.64996200637891532  0.66098896407164465  0.67203278110457387  0.68262380760157082
  0.69332792867741877  0.70381526293495011  0.71418926983082220  0.72478351813513897
  0.73562239260174356  0.74698003415713354  0.75860963580342033  0.76973510451001870
  0.78001075103068240  0.78998628127747261  0.79964765699347951  0.80913630702657380
  0.81912859558946216  0.82909288944764459  0.83948233310841036  0.84961819562235852
  0.86056265404020915  0.87204906430485507  0.88312673742195003  0.89461796305270058
  0.90645421504729717  0.91885456558698553  0.93067042752777152  0.94181209972246782
  0.95197648598442319  0.96105453190518431  0.96841656293438505  0.97534369166863444
  0.98165582554009168  0.98791689417294548  0.99184827325487512  1.00000000000000000
  0.00008275421416956  0.00009491026155806  0.00011219065608602  0.00013178514671796
  0.00015525504007411  0.00018440257124400  0.00021775057584078  0.00025430010411745
  0.00029489473121087  0.00033953481784109  0.00038834730924392  0.00043935060109309
  0.00049384746221074  0.00055197537519130  0.00061434731387629  0.00067991218249681
  0.00074986616629798  0.00082135192737868  0.00089585135344907  0.00097484160022663
  0.00105732775226286  0.00114682232012257  0.00124332160993199  0.00134344434712430
  0.00144675318657054  0.00155293978543150  0.00166038415928818  0.00176836669333951
  0.00187740240055395  0.00198683680852628  0.00209722735355056  0.00221485051726732
  0.00234684952665562  0.00248283650848995  0.00262313986109349  0.00277073225943958
  0.00292853692849332  0.00309284880246865  0.00326635700277324  0.00343725115718131
  0.00360690462520316  0.00378145436287804  0.00396319115835161  0.00415196977608354
  0.00434994353858244  0.00455244572978480  0.00475323301155119  0.00497416057337604
  0.00521138454609727  0.00545523208153159  0.00570902926009854  0.00596502786855676
  0.00624887516642176  0.00654284580398936  0.00683481888382711  0.00712636759174309
  0.00741546587344509  0.00772856320352670  0.00808926284538066  0.00846873860783907
  0.00889198016230651  0.00935320822467869  0.00982890615607352  0.01032192642297745
  0.01084243406305985  0.01140605498606354  0.01198971564468987  0.01258730812586155
  0.01323087637850963  0.01397659070441458  0.01479995753849180  0.01564749061788851
  0.01659106051993544  0.01758928659042894  0.01866102221099922  0.01973149790303955
  0.02097834201750335  0.02251166670907227  0.02425692446970791  0.02633503165597947
  0.02853137497055654  0.03046612219640309  0.03254862224692098  0.03506431335024510
  0.03773355376958429  0.04081048064178387  0.04470291535417231  0.04811315657600633
  0.05232769490932893  0.05782174136326265  0.06541874627393268  0.07774905321779546
  0.10188335720001863  0.19479418278923910  0.27926651300045857  1.00000000000000000
  0.00007316828222292  0.00008249740276373  0.00008884835721205  0.00009412640516459
  0.00009953202770852  0.00010432982443144  0.00010909876990190  0.00011404244956652
  0.00011957166944570  0.00012505188942787  0.00013045880541198  0.00013573915922732
  0.00014129915433158  0.00014723946279707  0.00015351421011888  0.00016031452019085
  0.00016752166038922  0.00017483801855992  0.00018252320853960  0.00019041937108335
  0.00019905730313983  0.00020752747185999  0.00021577460859176  0.00022465493692320
  0.00023381605828795  0.00024378550491545  0.00025425159416027  0.00026543822188250
  0.00027785023619389  0.00029144220958457  0.00030622218481033  0.00032307710396033
  0.00034052090409404  0.00035978930215961  0.00037932424289688  0.00039888783037809
  0.00041874101311531  0.00044018298626596  0.00046247607773716  0.00048590762888437
  0.00051159472043871  0.00053838154568590  0.00056688269907704  0.00059635241726126
  0.00062703459183001  0.00066133337658457  0.00069919363151814  0.00074055599918066
  0.00078425051766288  0.00083218748442579  0.00088221007366989  0.00093224707856854
  0.00098225366235734  0.00103431493146796  0.00108987582996972  0.00114974646901071
  0.00121607211858811  0.00128494091353270  0.00136581348395520  0.00145202525228802
  0.00154684408949539  0.00164879009152128  0.00175677694358178  0.00187273933297634
  0.00199501834363083  0.00213054190720407  0.00228463032758573  0.00245552372835478
  0.00263702368962936  0.00283118831347837  0.00304506300846081  0.00327580415470912
  0.00352923602646711  0.00381467366629269  0.00412068027643787  0.00445942516575014
  0.00484229585099818  0.00528430582889574  0.00575879993690953  0.00626902979710829
  0.00684058810775054  0.00752015727436977  0.00834701520815889  0.00921753122603295
  0.01023840162454613  0.01156032720707185  0.01324107092391414  0.01519829592197727
  0.01766300127128037  0.02132949518391872  0.02618982805714976  0.03491136496807430
  0.05553959652353220  0.08298367418218171  0.45279417416634099  1.00000000000000000
 -0.00160913477520906  0.00694015803418028  0.01450592562290014  0.02172064006441395
  0.02862912400311953  0.03536242490944908  0.04202492276458299  0.04858181038229052
  0.05504357255205006  0.06206504119069575  0.06909009098605581  0.07667834254474487
  0.08426116018006435  0.09143922974393147  0.09843866099043967  0.10565308829714101
  0.11318937605107582  0.12088811683360215  0.12839815038072491  0.13553128878469650
  0.14282415637939547  0.15066893762110650  0.15896859608981617  0.16730790858038092
  0.17497362851497039  0.18242628057130514  0.19003916498371451  0.19804666758284620
  0.20630294795107260  0.21427969035033279  0.22201138905000059  0.22993011642230515
  0.23814270667968460  0.24659893933015364  0.25516631459604355  0.26361465949354623
  0.27199878104790998  0.28063875573616032  0.28940964103430333  0.29788597139003686
  0.30641442636524824  0.31516952245237756  0.32436391366973094  0.33396597579976417
  0.34379401301599383  0.35391261965448245  0.36452112422962218  0.37518084952968112
  0.38577224807716903  0.39599167455863893  0.40566544695940004  0.41561615069177610
  0.42534615257157704  0.43569049652320696  0.44569823761884952  0.45603933815687492
  0.46650887999115598  0.47744469087635771  0.48872129086402916  0.50037864982450786
  0.51173804449175020  0.52309714840543364  0.53436593197428217  0.54573603533721105
  0.55698952893416820  0.56919387218084505  0.58145924336734556  0.59363673231512992
  0.60560973523728878  0.61716274759927359  0.62916624736678028  0.64120740930601017
  0.65382240750902010  0.66675806143244021  0.68004171395826130  0.69296647790510146
  0.70578027812722433  0.71948246701370999  0.73474508789323123  0.75046401116447625
  0.76462894670036397  0.77734713276635636  0.79000455688074078  0.80382095508068252
  0.82011982574321673  0.83746940998189967  0.85368633850933040  0.86873910599997561
  0.88271072403702444  0.89748803038098102  0.91292216470455279  0.92951459093133992
  0.94848452360726510  0.96712888682830855  0.98414665060476492  1.00000000000000000
 -0.00240751935628156  0.00909889790048486  0.01856729036637414  0.02863640612787921
  0.03912332302210444  0.04905659613613130  0.05937804049232288  0.06980888199660043
  0.08041399332675167  0.09082366083956647  0.10098483670717265  0.11155467126577373
  0.12163613862616016  0.13097247463523559  0.14040912291873392  0.14973786868400152
  0.15981161504542379  0.16988020124997674  0.18038129613776835  0.19086276925830215
  0.20142352360389190  0.21205646721594237  0.22311469861571856  0.23395416607949571
  0.24482372915396286  0.25505232359287372  0.26582307353272949  0.27561371333215384
  0.28531800501237692  0.29478337478699973  0.30464386187171594  0.31510597539438262
  0.32597464326863146  0.33646013367035066  0.34685854497982704  0.35807969198033907
  0.37006235481271643  0.38198696947613586  0.39361496154721320  0.40552031512591014
  0.41736532357987777  0.42851327851312793  0.43944685171462783  0.45023286247647865
  0.46076588803475854  0.47096611989603138  0.48111644989528446  0.49172385308153788
  0.50221480895311588  0.51259137299460211  0.52241658174702388  0.53224805263688435
  0.54242619494451183  0.55336619621048588  0.56472554337077419  0.57646631977546237
  0.58793496937551104  0.59876845445031335  0.60958806679567346  0.62057715116768053
  0.63158869527408834  0.64223944408733424  0.65232923241254526  0.66255940111067957
  0.67335486547517054  0.68437381483908377  0.69517320014055684  0.70545701231222235
  0.71564727536014128  0.72553046795358311  0.73555234408152459  0.74558672032093898
  0.75540116991774242  0.76469412026066563  0.77494387978621848  0.78620312314728813
  0.79865448725340804  0.81099912541020958  0.82213758402960591  0.83289528805317181
  0.84351228361426889  0.85423623863097342  0.86459640478640731  0.87467282098856391
  0.88489325503555161  0.89550358096742333  0.90624199759070445  0.91705315986879898
  0.92793486665463931  0.93901278146951972  0.94989497711448823  0.96067388658775976
  0.97103170216561219  0.98068162779988477  0.99048641434142681  1.00000000000000000
 -0.00248148160212227  0.01234331723756433  0.02323402882299610  0.03394091285325788
  0.04455457190211197  0.05578362882395854  0.06718634789972505  0.07832170146161080
  0.08946012787948741  0.10093918395257330  0.11246910165864805  0.12358658745443053
  0.13415256093693687  0.14459193084074567  0.15526157528059478  0.16584864288020465
  0.17674800684361114  0.18812381740885442  0.19951108775080070  0.21071840909846984
  0.22168082886171117  0.23239643217988795  0.24279536490062745  0.25358903607245969
  0.26503130174488021  0.27582289305326968  0.28586184009619253  0.29571662066779647
  0.30563016675192201  0.31515832950046868  0.32471727814550677  0.33442581301075469
  0.34510210058745444  0.35538825349259284  0.36519838583449210  0.37487231004206600
  0.38503553394406187  0.39569183760797905  0.40658085115664061  0.41733644030570288
  0.42766507544675475  0.43780808750794836  0.44831112617982982  0.45922837845139475
  0.46992046964092626  0.48018923963588955  0.49056611931595001  0.50130849465195348
  0.51209444413647487  0.52276506259705224  0.53292361578229863  0.54282524550653211
  0.55242836919116933  0.56150363648533219  0.57023695465779733  0.57905642671660984
  0.58835848083256548  0.59812533706779936  0.60806598765718411  0.61843640485614793
  0.62950648080122684  0.64119436850041944  0.65307792447209145  0.66495132518838740
  0.67695052903510822  0.68854398731287847  0.69877658566520218  0.70876296199792754
  0.71903970654925009  0.72952269345630771  0.74003081853886643  0.75016021238227559
  0.76044210264632395  0.77029721925305372  0.77956256987692196  0.78890464304789731
  0.79803392605494472  0.80821139327600866  0.81846077395685346  0.82922704898908173
  0.84012794288882753  0.85142194447399544  0.86265191445605227  0.87346344131473330
  0.88373195749445366  0.89435523731427924  0.90523481811055495  0.91611837319893419
  0.92632446938606594  0.93633045551115257  0.94663149057823959  0.95674212289129357
  0.96702558835172359  0.97764357050580908  0.98883662979831899  1.00000000000000000
  0.00293202129976907  0.00402561513259650  0.00653615207202388  0.00937502354895250
  0.01200516482198712  0.01452121158440779  0.01696062883718549  0.01932998111340208
  0.02163299253646044  0.02393318710081320  0.02620259211043412  0.02844395916126945
  0.03067066255584397  0.03292204174367570  0.03521459710007505  0.03748955225871693
  0.03972100831873696  0.04195282231707517  0.04422514564604892  0.04645361165915661
  0.04866095676788786  0.05084913004036831  0.05303116137551286  0.05521512777591552
  0.05743480918347102  0.05982675173611349  0.06231598957463495  0.06487251574294342
  0.06749380560712366  0.07002371323809663  0.07254447172078710  0.07501107220831764
  0.07746894299121959  0.08000999631625851  0.08263215465907081  0.08531668624013097
  0.08817645007074870  0.09099124762047484  0.09346851035155113  0.09582834446772705
  0.09807617813271020  0.10058938591062674  0.10322497705754710  0.10633028492424187
  0.10970932496970613  0.11313119446325565  0.11667152105253785  0.12023022867384413
  0.12373196313934201  0.12727928755094392  0.13101684609812300  0.13474257708227741
  0.13851180885265735  0.14166993008602649  0.14440668992895211  0.14766747332261862
  0.15079539850934168  0.15406462322030656  0.15751556446724438  0.16095592285615740
  0.16422708093980767  0.16793009557836636  0.17241183976626193  0.17735742008792549
  0.18122408555078368  0.18608968835695811  0.19154163505367700  0.19866473016761110
  0.20732186666895314  0.21646394222372597  0.22597258470663428  0.23523208281741648
  0.24454372186212711  0.25530771607311048  0.26492137976966190  0.27652763293251359
  0.28757656803274612  0.29955024206993425  0.30841740226579067  0.31728831196374063
  0.32673201568973870  0.33807031870698906  0.35584716715524856  0.36446321606053367
  0.37810064623484479  0.38463580635732841  0.39782833962895053  0.41321168771055783
  0.47276927326641027  0.49716209986707038  0.51384734718451008  0.53470954274762161
  0.54799122141032441  0.55345645257219078  0.77632746662763885  1.00000000000000000
 -0.00309338277459144  0.01544778516924003  0.03117033583803317  0.04741110293315279
  0.06274578226940122  0.07629500232029321  0.08968889993598236  0.10245955700228840
  0.11461484966465946  0.12703136100743953  0.14049070898942051  0.15386985032251488
  0.16686064367763040  0.17949702235218445  0.19231280900663938  0.20516133320715324
  0.21809074030373871  0.22997316268454668  0.24055279387725689  0.25082724170842552
  0.26132354634561550  0.27179668284970854  0.28185345812979079  0.29159081964169065
  0.30150349785984515  0.31152771975506466  0.32133920899457918  0.33091464676908339
  0.34021102218324789  0.34891327921719240  0.35750125821229117  0.36574461577678674
  0.37392326925651181  0.38203948574930946  0.39024737975535007  0.39849362163098556
  0.40690613425386746  0.41508071809476094  0.42331546570969408  0.43151683322471801
  0.43993132631004195  0.44801470996197473  0.45580161164411392  0.46336023288630956
  0.47101695459712983  0.47896209797827038  0.48714031509320327  0.49536656881929680
  0.50328516325323502  0.51098927214181367  0.51861766305860380  0.52592799815521796
  0.53380215388965702  0.54157820924323807  0.54972891503158239  0.55775191293497628
  0.56557642512272188  0.57324336379691010  0.58083871160436551  0.58838396475479937
  0.59594587400878496  0.60380801824543573  0.61235001604831718  0.62162693295870364
  0.63042524289723922  0.63888461998568802  0.64725559999761495  0.65582589975394145
  0.66501616734228630  0.67406552830921262  0.68348257074200425  0.69271464757068646
  0.70217108120849470  0.71194526025704474  0.72223847628784077  0.73327605464022805
  0.74425471176215552  0.75570140780918005  0.76684106075468073  0.77750836736718598
  0.78757035283107901  0.79845732812855574  0.81035163292340018  0.82307419884473310
  0.83664457711527052  0.85056538047781671  0.86500961512147256  0.87949785625801469
  0.89462303918470143  0.90990882382108751  0.92570742201332701  0.94083963793504455
  0.95496617945956797  0.96856533965406799  0.98362545064127627  1.00000000000000000
  0.49741057197297078  0.56050725849334271  0.58223933672833805  0.60144095864176794
  0.62090051828999415  0.63846571716372169  0.65531754403662890  0.67105097213351339
  0.68539516554064850  0.69778164129039955  0.70893571698044211  0.71953886486129393
  0.73003684925371615  0.73964364920912085  0.74847784786220073  0.75649331675484321
  0.76441596538138490  0.77209047138770259  0.77907440934035166  0.78565255401251133
  0.79210000888646936  0.79835963176400648  0.80422398639122328  0.80971643312760000
  0.81505689894658140  0.82041950072245595  0.82572189355938319  0.83071817058935715
  0.83546100263857459  0.84009326922392891  0.84470249175538159  0.84912131170682847
  0.85342281780811480  0.85746649406251108  0.86142756776276086  0.86539682050989686
  0.86940213826300805  0.87336008616892158  0.87710337127628846  0.88065250438488207
  0.88400016321200336  0.88716828755684762  0.89026258077701359  0.89329739242702144
  0.89641089230632087  0.89927188183427387  0.90204835634226632  0.90484897942508213
  0.90753244451621606  0.91014178228115217  0.91266880237930470  0.91517430996812643
  0.91757065796277570  0.91984234437448364  0.92203842240551104  0.92418724149257825
  0.92629842244851612  0.92836449169288116  0.93046301256470054  0.93257642823742604
  0.93464788639496255  0.93675145292969331  0.93868200972220606  0.94054815089751798
  0.94243303496105424  0.94432661157016495  0.94622957369499117  0.94811857022301560
  0.94990389923425134  0.95166498408402511  0.95342952491632083  0.95520960146333611
  0.95698795451183183  0.95876962664139431  0.96055298984141069  0.96229999213587880
  0.96394716679582448  0.96552369118936843  0.96706975037373555  0.96860978536408859
  0.97016887558461107  0.97174640603070173  0.97329022746791582  0.97478847366272492
  0.97633709495427734  0.97795201283834776  0.97963475313405213  0.98131811948622150
  0.98297023893905289  0.98464514152153637  0.98641091476267984  0.98847659661340648
  0.99109239421829032  0.99409137096140099  0.99723582304369407  1.00000000000000000
   5.5567318606294018E-009  -1.0000000000000000     
 F F F F F F F F F F F F F F F F F F F F F F F F F F F F F F F F F F F F F F F F F F F F F F F F F F F F F F F F F F F F F F F F
  <DiscreteSampler_grid>
  grouped_processes
  1 # 1 for a reference and 2 for a running grid.
  10 # Attribute 'min_bin_probing_points' of the grid.
  1 # Attribute 'grid_mode' of the grid. 1=='default',2=='initialization'
  0.0000000000000000 # Attribute 'small_contrib_threshold' of the grid.
  0.5000000000000000 # Attribute 'damping_power' of the grid.
 # binID   n_entries weight   weight_sqr   abs_weight
    10   10   1.069464839211379E+002   4.110830262826622E+004   1.069464839211379E+002
  </DiscreteSampler_grid>
