  0.00371374521038025  0.00881715196046315  0.01655079370707719  0.02554419273698234
  0.03435360974819009  0.04294508934331483  0.05188303418241835  0.06196300993154765
  0.07363982506495777  0.08581706827095648  0.09749967528780541  0.10865989780265009
  0.11948051909247692  0.13102280408668171  0.14283931098811670  0.15367005905626441
  0.16369724432292077  0.17348140039591020  0.18322956045521654  0.19316812558599583
  0.20361148547453928  0.21443231186386183  0.22543629556352493  0.23514237934319243
  0.24529682210619713  0.25600160963741908  0.26875691777268285  0.28210768531509101
  0.29448885561020322  0.30636008442165813  0.31677630076371627  0.32752927871421689
  0.33806832293771849  0.34811698676661307  0.35745138028466650  0.36612356170226606
  0.37516962537776294  0.38512189219603360  0.39641158976691998  0.40986430994705625
  0.42187023234572163  0.43216101063421453  0.44206308194272131  0.45133703482492071
  0.46179540966572358  0.47240119018039656  0.48117822175175962  0.49015577186691778
  0.49923183911447877  0.50935844401605013  0.51897216282588743  0.52888424596345940
  0.53973267277838466  0.55080452106164635  0.56165635643153466  0.57311706457652833
  0.58471965527452174  0.59524400100891439  0.60548793659581479  0.61683889303743056
  0.62870625121407075  0.63974556010123951  0.64967875888446325  0.65980768316729843
  0.67016626812292990  0.68082878537531255  0.69129426789228410  0.70197351469266078
  0.71259004141328430  0.72301590743348121  0.73386040007473874  0.74512157352149122
  0.75654061393083749  0.76758421073184768  0.77809571830603841  0.78837899657423571
  0.79862545505278426  0.80891140206721790  0.81883591292561730  0.82903037364785193
  0.83978434089592013  0.85086043580773041  0.86287672266364268  0.87467874274283797
  0.88717625833774927  0.89796823895985145  0.90775697922981891  0.91741570067570699
  0.92829166310400424  0.93960615345585374  0.95040033214203434  0.96069630215748880
  0.97037820082104354  0.97968485734592803  0.98886492116655500  1.00000000000000000
  0.00027049991658025  0.00049713993456667  0.00061318556461992  0.00073573617568811
  0.00085519139864093  0.00097638883929532  0.00109272451398810  0.00120791401304068
  0.00133041328078875  0.00145498333745378  0.00159294904505187  0.00173932258676954
  0.00188872890241614  0.00203749080333795  0.00217895307094244  0.00232046617746295
  0.00245883232153603  0.00259991045597353  0.00274651776731918  0.00289868291149670
  0.00304809301555582  0.00320536288967081  0.00337443763539089  0.00355348229529695
  0.00372811913071571  0.00390263937607667  0.00408498398522055  0.00427047390384012
  0.00445913093980934  0.00465424878330996  0.00486162403358859  0.00508088748572878
  0.00530189938690840  0.00551866834146663  0.00573852664131797  0.00597454665284944
  0.00622120792897952  0.00648571867035781  0.00673748631740283  0.00697675657346009
  0.00722625869382543  0.00750291472724781  0.00780160259862332  0.00813949697835311
  0.00849502487220900  0.00888533975124831  0.00937299627960723  0.00997678224820086
  0.01058151165624291  0.01107814351634124  0.01148038298497962  0.01185058772730849
  0.01223746032649845  0.01259243868612293  0.01295220011944664  0.01338088210414358
  0.01390138439810327  0.01446580777313491  0.01501939070773412  0.01556732951402695
  0.01613582481480100  0.01677364586636448  0.01751599638444366  0.01831965437996005
  0.01910576174941048  0.01986095609587814  0.02059629588794634  0.02130340812836123
  0.02202691224481163  0.02293478942426794  0.02389416435312204  0.02498584599586579
  0.02657098292607840  0.02842754714178538  0.03029410936824591  0.03178081808897687
  0.03308599143878551  0.03415040170168358  0.03532063430301671  0.03664327471378178
  0.03817152606776314  0.03975908419937185  0.04132944762856675  0.04291554557400260
  0.04433378474557359  0.04548813329827052  0.04739082189413643  0.04932749417743481
  0.05136224922126855  0.05497991512056547  0.05779934080818822  0.06103599964072733
  0.09450057305559330  0.20290801795944147  0.30671129385747348  1.00000000000000000
  0.00000776173294486  0.00000807902418079  0.00000843874203647  0.00000884858920924
  0.00000930590293505  0.00000981049367475  0.00001034807175295  0.00001083001477367
  0.00001140189783387  0.00001206145993227  0.00001281184408310  0.00001373522136709
  0.00001477624514512  0.00001577939185006  0.00001681003823936  0.00001793968832794
  0.00001926065036421  0.00002072765305042  0.00002244967490780  0.00002430416725470
  0.00002614044212031  0.00002819311182850  0.00003055595326422  0.00003336365593090
  0.00003673018634773  0.00004061009412797  0.00004490557983134  0.00004952852795638
  0.00005451036165810  0.00005990214265822  0.00006613201818292  0.00007360650708643
  0.00008238911024842  0.00009264576274737  0.00010360435263055  0.00011470249829695
  0.00012644382161600  0.00013888069108202  0.00015316994839356  0.00017057222668674
  0.00018898158432553  0.00021156795318413  0.00023539230478994  0.00026034013489457
  0.00028498961731102  0.00031217554041345  0.00034361082479669  0.00037773696258278
  0.00041310532607241  0.00045206791728465  0.00049443253552632  0.00054253848714189
  0.00059575520607220  0.00065266670087740  0.00071188146599965  0.00077531325964081
  0.00083892440674215  0.00090275499897784  0.00097001039627946  0.00103908921812379
  0.00112190972588201  0.00121194604162951  0.00131105096868195  0.00142177908908957
  0.00154520973331324  0.00168841356466586  0.00185091881617059  0.00200163805195029
  0.00216422298511122  0.00233028276517672  0.00251499295566944  0.00273869390037669
  0.00302356114113568  0.00334654553714179  0.00375432125417701  0.00427844786445152
  0.00488637738710903  0.00551857223258145  0.00613151666299745  0.00672189648303144
  0.00744336574951667  0.00825910965752050  0.00915464200174524  0.01053926264310082
  0.01177404066697880  0.01338185900931576  0.01500205026921852  0.01675629298521819
  0.01908388436423530  0.02129025812572113  0.03395008920000442  0.04249206863849649
  0.05932214103586777  0.15621045400280020  0.49680654219917431  1.00000000000000000
 -0.00192090910947420  0.00705940999576513  0.01513843920210771  0.02299680861526566
  0.03098009025859225  0.03803707716086324  0.04603967357100489  0.05456581544667323
  0.06291689062414142  0.07081521893286175  0.07871711637766086  0.08668901956870395
  0.09521577464649603  0.10420877277528072  0.11393617621277834  0.12392258232426651
  0.13380255225616475  0.14389907064068311  0.15417980390103531  0.16442334368345102
  0.17444724238448162  0.18433346536572831  0.19464628762280406  0.20487409954975136
  0.21501751039515987  0.22508877918228606  0.23489494840559966  0.24468929507884093
  0.25365032833348272  0.26307293079276334  0.27198672752557929  0.28006619207571265
  0.28798211711050647  0.29623444705875618  0.30456786044483308  0.31271857730209551
  0.32069015049017735  0.32925782843026064  0.33886090074504371  0.34858220433210196
  0.35756876628686651  0.36610476242608997  0.37535773148042179  0.38528141775365787
  0.39491131306892030  0.40394324999840381  0.41291434190738147  0.42337491384916853
  0.43493617813409952  0.44559732954513465  0.45554688798743020  0.46581830785164513
  0.47656511399317275  0.48697623880269242  0.49720325211280630  0.50692016752625546
  0.51578629999846148  0.52381945689561438  0.53132533946933724  0.53895990038209274
  0.54707392573045699  0.55589327635791430  0.56558689332506173  0.57556576924923664
  0.58703164532905194  0.59876254707686671  0.61043039710488689  0.62228087565628298
  0.63443251058052230  0.64703753252431040  0.65860750041008465  0.67042179238312316
  0.68202212043251675  0.69383422423777119  0.70600996493376278  0.71826097243340004
  0.72997533325135400  0.74152880004621002  0.75262729479654744  0.76227877237572506
  0.77200219718174190  0.78232886292598858  0.79497185521483427  0.80933193420757199
  0.82313916373808682  0.83838149875607926  0.85231684875733604  0.86602723668739834
  0.88022310917874591  0.89609102773249438  0.91309691580184704  0.92921760583674839
  0.94456287612731160  0.96055669246507147  0.97780414766258050  1.00000000000000000
 -0.00248839625175031  0.00984259198743357  0.02025367681179450  0.03000568356840509
  0.03886727631656367  0.04820114360945865  0.05823831333471428  0.06798082844828932
  0.07771589666222092  0.08848537007335608  0.10072201456331158  0.11285870827838092
  0.12434796997697176  0.13516296521803176  0.14557782519094101  0.15553734767415378
  0.16595794061058788  0.17808539230145398  0.18817413856262175  0.19802319178034650
  0.20762814797215187  0.21922592184834780  0.23056221200499707  0.24073348089535537
  0.25072876408074490  0.26120025141873421  0.27243580350971175  0.28427292297993212
  0.29558841613885584  0.30655678779851320  0.31684620205690794  0.32659548051720333
  0.33628057715898479  0.34604970164241683  0.35606277307317125  0.36611291980891797
  0.37575994466937523  0.38515007198649581  0.39421977696125199  0.40335025003037539
  0.41290843593555510  0.42218829770155392  0.43190893806764968  0.44162661629825328
  0.45177828272061482  0.46260258877053506  0.47369926075938246  0.48463927069579910
  0.49525655623274245  0.50564271166207175  0.51547958811527095  0.52505796684518391
  0.53410265086526765  0.54297786211326060  0.55220209193459391  0.56231085238429213
  0.57348063442151676  0.58509559444632631  0.59631190875791273  0.60698844634043470
  0.61747636259894223  0.62741050863527892  0.63790502456417153  0.64832564659897707
  0.65972750013272519  0.67057506681457268  0.68183000317974896  0.69329376565704148
  0.70431354922656497  0.71393126035240140  0.72378698381806161  0.73463720992388382
  0.74552063866432972  0.75602500461457922  0.76636877463056619  0.77759149413337680
  0.78872073502200046  0.80037152974247394  0.81231655057850538  0.82466243117547788
  0.83601646554547926  0.84664023486294426  0.85711388852699721  0.86764082252733654
  0.87812868517352272  0.88829323080351319  0.89874215695385296  0.90981281721531926
  0.92076700501418929  0.93195147828679292  0.94397608839427916  0.95641320359893733
  0.96867506136373416  0.97933814433593891  0.98991860532166498  1.00000000000000000
 -0.00162373088669635  0.00822343601754995  0.01588329928186238  0.02417021643177319
  0.03311681955853043  0.04352622609877093  0.05492916994064936  0.06786327047513167
  0.08229991408840398  0.09712551893573312  0.11229601333882430  0.12824510263702255
  0.14388910262816829  0.15964977995811697  0.17632818834944564  0.19308585392239228
  0.20907293181298375  0.22518432649268716  0.24273030476478774  0.25927863669918089
  0.27649055600332895  0.29612610543676737  0.31588818581810341  0.33394100624197454
  0.34917508481767573  0.36445821331218714  0.38057229473374088  0.39709559515874543
  0.41232439976519519  0.42798287406543550  0.44403338399376152  0.46001669465167289
  0.47685875066863048  0.49426245723476098  0.51112409971154127  0.52695190549599225
  0.54235163674345399  0.55745200338003464  0.57148577525612065  0.58488793897747615
  0.59804914317485303  0.61122760514187802  0.62459834795842784  0.63820842713226522
  0.65134508437306826  0.66394378424547640  0.67748960003997793  0.69095758137238572
  0.70375760429634726  0.71587504306615912  0.72711747670847826  0.73734123829385922
  0.74727614532938380  0.75757704958897498  0.76774706080764288  0.77757959828670176
  0.78698158763044601  0.79657854903043579  0.80596396090986300  0.81485883540356319
  0.82336219762737828  0.83165710638887747  0.83970439274733366  0.84727509832571302
  0.85466281969305447  0.86162170667664906  0.86790038848983420  0.87417697259295823
  0.88031765503174175  0.88640290570227254  0.89255375650608670  0.89816802588479772
  0.90303508989451020  0.90836842451798050  0.91351218139869805  0.91896383283582639
  0.92437829669083482  0.92944445193876468  0.93431890041035048  0.93901596251004871
  0.94352252821051263  0.94812942688878021  0.95260099549215849  0.95677401057296385
  0.96149436609359140  0.96576972892138835  0.97025581685469320  0.97431415272561350
  0.97793640725272624  0.98149007361640772  0.98470329011988245  0.98783179233017226
  0.99093587931181282  0.99400399537051276  0.99695444467624372  1.00000000000000000
 -0.00291929476983532  0.01223464529640943  0.02397962471213327  0.03556344298700276
  0.04681722674483955  0.05901882776617171  0.07279142019635197  0.08745499289384626
  0.10158858518233357  0.11521076357823962  0.12713361576586796  0.13729824781387201
  0.14711347189284346  0.15699315806480163  0.16701087698583061  0.17687571099437580
  0.18680614983241531  0.19670229883984133  0.20615467338482310  0.21503704055277773
  0.22359795084655060  0.23217751178421794  0.24025678697631733  0.24855498300136669
  0.25789422307267523  0.26819869345446667  0.27920994861145998  0.29083004209386049
  0.30209088278007512  0.31302662649717855  0.32362009274356246  0.33360284331620027
  0.34326310035148277  0.35292374226376383  0.36164424488856589  0.36964049332657473
  0.37746627238531044  0.38595461022835570  0.39618843381179997  0.40762149339314430
  0.41940429050310285  0.43113032715746241  0.44322845517271742  0.45528047205138089
  0.46679156876669470  0.47718518863976922  0.48729082406878771  0.49742944178691634
  0.50817019130681407  0.51892513329105627  0.52947529364342938  0.54045481502730519
  0.55144799109605713  0.56230873053940134  0.57321991319444743  0.58448383483350930
  0.59594855163630978  0.60735521753951649  0.61842882987050829  0.62920037801001871
  0.63962192724481670  0.65062689965645304  0.66182550527280515  0.67327158060598402
  0.68489809281497616  0.69621277433789797  0.70740686926416430  0.71883898174027649
  0.73002310683872218  0.74069174515721825  0.75088179752319195  0.76035034640611809
  0.76929661747295885  0.77817323681639117  0.78724719510982499  0.79734534391490841
  0.80809509069412122  0.81944716808468687  0.83133309520020682  0.84310038471775073
  0.85470911514326908  0.86517394504026979  0.87487122151996422  0.88427063586855870
  0.89289863250069668  0.90171964323635811  0.91133862683157296  0.92253172024147767
  0.93434374456079539  0.94387692209704932  0.95233746439523725  0.96090948226339490
  0.97106877251952195  0.98186519432493480  0.99139080755936670  1.00000000000000000
 -0.00242030161782269  0.01023828700296355  0.02145730861063002  0.03316857629853582
  0.04504815825434006  0.05698114200869101  0.06910507704539708  0.08127200843875040
  0.09360880926884667  0.10612573391028493  0.11682696650495077  0.12677603607314197
  0.13698299066088832  0.14845432810213216  0.16016848648584353  0.17033395400497217
  0.17995337937078915  0.18969684960292366  0.20007197966392065  0.21081856274480851
  0.22110140119175761  0.23171915994933209  0.24254539691719187  0.25418278540850947
  0.26552695821214950  0.27622783991181715  0.28668990916818998  0.29766469714357624
  0.30878131235434192  0.31941083572345302  0.32989953043349668  0.34067909639287225
  0.35220290773874741  0.36223788205243812  0.37162397057108065  0.38092414776520073
  0.39088804066079913  0.39993966233983180  0.40914988364499022  0.41862906440654579
  0.42904274708196732  0.44061270892257692  0.45216382401166300  0.46350840503970386
  0.47550957889416540  0.48559426056164945  0.49619891176540082  0.50636252958318095
  0.51697516022556511  0.52785433204838861  0.53852515807943357  0.54907280748289200
  0.55980804818697716  0.57044862451447764  0.58194984912038505  0.59391086501706880
  0.60485629870784341  0.61486955321461523  0.62492796354072255  0.63440035826184626
  0.64316092653262946  0.65182656401448524  0.66079921649387341  0.67086723110070690
  0.68196729074256768  0.69355530467587223  0.70519470830418263  0.71709713989407009
  0.72932483117029123  0.74136154597342030  0.75231078680292096  0.76264490844067012
  0.77242067766598066  0.78218442174273339  0.79214575358378569  0.80291254356722452
  0.81373573805309873  0.82447089601254886  0.83544527982442163  0.84637983279183959
  0.85683405634872090  0.86668091312125928  0.87688697830317475  0.88657708363315280
  0.89578582394916950  0.90479113128816213  0.91317452556099776  0.92292587399532167
  0.93305289594369833  0.94312762118881233  0.95270557625307140  0.96269218033502191
  0.97286079325904407  0.98222341170295335  0.99121454345822624  1.00000000000000000
  0.17818756771772604  0.60041585916661488  0.63766919059198313  0.66777681448289783
  0.69077456448101404  0.71276408079071285  0.73372395632355869  0.75037313297723518
  0.76590355474558525  0.78056256108945099  0.79389454386791336  0.80553756070526361
  0.81623480748997679  0.82557591825312759  0.83451119410851893  0.84267387819934303
  0.85022264016027227  0.85704980214751236  0.86334562650170787  0.86969162531302036
  0.87582298351766719  0.88140822617032200  0.88658620668478105  0.89149212823096335
  0.89618861200138578  0.90054086638329767  0.90457042438321678  0.90838911675411338
  0.91213218253850847  0.91565034794102829  0.91878417438541526  0.92173776525384044
  0.92473750326119897  0.92780907931927381  0.93082478349372166  0.93371374615464198
  0.93638499891673133  0.93874671389258535  0.94091855180463979  0.94306026356756589
  0.94514773171388522  0.94703970685699601  0.94878036522071896  0.95042416959949294
  0.95202191226749033  0.95362546846290031  0.95525761767447070  0.95699966656249869
  0.95858416567648319  0.96005805807329292  0.96141571110425050  0.96273736096673856
  0.96405501261542303  0.96538108492439756  0.96671531546987777  0.96802661376306409
  0.96930371836091023  0.97053686085119639  0.97172271863799586  0.97288633977739480
  0.97401907732568005  0.97513484680371421  0.97619015011246946  0.97721718023490012
  0.97821040334005038  0.97916838135024642  0.98010184259822808  0.98102361433364382
  0.98189378608342448  0.98270930036899906  0.98349618352653578  0.98426856110130934
  0.98503719107279131  0.98581792445697325  0.98661421510623226  0.98740372136135779
  0.98814617221861822  0.98882380592676355  0.98948389522334346  0.99013867867840766
  0.99079838944663301  0.99145299177494384  0.99208813827693365  0.99269105900051435
  0.99326339437464628  0.99379981337363044  0.99429592334309735  0.99477114207797723
  0.99525270134447630  0.99574659309746061  0.99628045745816485  0.99686118915085209
  0.99749345451652738  0.99818170519576555  0.99901284415660430  1.00000000000000000
   2.0818973857788904E-007  -1.0000000000000000     
 F F F F F F F F F F F F F F F F F F F F F F F F F F F F F F F F F F F F F F F F F F F F F F F F F F F F F F F F F F F F F F F F
  <DiscreteSampler_grid>
  grouped_processes
  1 # 1 for a reference and 2 for a running grid.
  10 # Attribute 'min_bin_probing_points' of the grid.
  1 # Attribute 'grid_mode' of the grid. 1=='default',2=='initialization'
  0.0000000000000000 # Attribute 'small_contrib_threshold' of the grid.
  0.5000000000000000 # Attribute 'damping_power' of the grid.
 # binID   n_entries weight   weight_sqr   abs_weight
    10   10   1.496073165761071E+002   8.187858295484303E+004   1.496073165761071E+002
  </DiscreteSampler_grid>
