  0.00325984635658468  0.00905298210205861  0.01586137893465138  0.02349630855882976
  0.03156897312512409  0.04055483399470278  0.05029160797224276  0.05992290389921625
  0.06974477201105060  0.07966321606885921  0.08938166973096025  0.09830398598437258
  0.10741316858789647  0.11617617355750011  0.12508733830705182  0.13382173477343631
  0.14249417379587051  0.15115516952230471  0.15998584773815325  0.16932550791216713
  0.17931079500536606  0.18912238641810580  0.19877371865169524  0.20864793388852235
  0.21930083612093429  0.23002607519148560  0.24079195620990920  0.25108422682887943
  0.26088737070325085  0.27087352172526263  0.28130605630051020  0.29212867399125614
  0.30281549983600248  0.31364142471074868  0.32448766840983567  0.33556389702560363
  0.34627943232201919  0.35653054613731888  0.36659997132694289  0.37643212280390520
  0.38691113423307022  0.39724885698509932  0.40806701290501335  0.41852372154128636
  0.42894822887912637  0.43943749453209402  0.45081681547455987  0.46213219981696740
  0.47409026636902779  0.48555856189885954  0.49726240567090380  0.50857127446558414
  0.51936253932527876  0.52957174560351361  0.53925707722712557  0.54878651504185272
  0.55860228115644994  0.56902544115770604  0.58018715652898922  0.59155165899815254
  0.60225512513429003  0.61259650014051992  0.62314626889587221  0.63428063351093356
  0.64537109094434286  0.65627760697873083  0.66698135151850668  0.67773881764685528
  0.68868127234494148  0.69982417057544277  0.71142393488114009  0.72295499098747684
  0.73397175779568624  0.74468120397307180  0.75598758324932025  0.76763088976157678
  0.77904867232044761  0.79016576785517767  0.80074369540350798  0.81114005361427499
  0.82124740616693370  0.83174382170281191  0.84269163426995286  0.85390162365464539
  0.86530003545880441  0.87692584074741953  0.88850291933570547  0.90033142389684562
  0.91239846061385577  0.92504870344983936  0.93786723566118924  0.95093121413063975
  0.96382537468815233  0.97645700098707500  0.98824891483909016  1.00000000000000000
  0.00282431948722968  0.00303974884364565  0.00331510258156875  0.00370565497013653
  0.00419178101969365  0.00464094402363270  0.00515310695172647  0.00579704334482141
  0.00646976633476711  0.00712227876072423  0.00776447818122598  0.00840101989536516
  0.00901200812964854  0.00960802419434838  0.01020573846896853  0.01080916098509447
  0.01139765542485981  0.01198731513972653  0.01259088817408732  0.01321706673073475
  0.01383434365199712  0.01444616438662492  0.01503004313406949  0.01561299845135194
  0.01619419253416497  0.01678338466153097  0.01740048707660943  0.01803636714743781
  0.01872513784749938  0.01940068101097332  0.02007398633526153  0.02076051898056867
  0.02145891162419811  0.02217421419244759  0.02289294489443476  0.02361652320499539
  0.02438259804415206  0.02518850865832969  0.02602966743652968  0.02688848939673670
  0.02771623356100980  0.02856183329331095  0.02948292301979602  0.03042379469812494
  0.03137300128045124  0.03226216322128770  0.03309312887920134  0.03390614065292370
  0.03472004579463606  0.03557614206103902  0.03647865443685682  0.03739727501304731
  0.03838817473479818  0.03938725324031727  0.04040148118584283  0.04146661249593822
  0.04254735564491278  0.04366411177557993  0.04490753417725493  0.04640893282379049
  0.04807330812902692  0.05000009974922985  0.05190877466529302  0.05379451703051404
  0.05567474116304856  0.05764562045927366  0.05967719405503515  0.06192246753728207
  0.06410035431399701  0.06580386708627370  0.06737147059244111  0.06910743372574479
  0.07111133939543043  0.07352001648093666  0.07613788410502105  0.07880954219216654
  0.08260497133498901  0.08662981817816624  0.08980278508047523  0.09282314380383910
  0.09599067626861477  0.09991253239706765  0.10412233243077124  0.10862010798468666
  0.11340122110593745  0.11738807489946532  0.12306817452002793  0.12959728994274686
  0.13663093723926048  0.14888306548124192  0.15884084260304956  0.16818941243578131
  0.18047110727167390  0.20553050571768630  0.67758381550195534  1.00000000000000000
  0.00008127593997586  0.00008737411303722  0.00009092723944700  0.00009465439986836
  0.00009836781243621  0.00010206984097953  0.00010582800706816  0.00010958311546471
  0.00011333105829876  0.00011715867903624  0.00012093052342813  0.00012527863650211
  0.00012995797915606  0.00013456788152910  0.00013919842830512  0.00014440637269961
  0.00014983687461902  0.00015564712572222  0.00016213536068625  0.00016909002663401
  0.00017600571243536  0.00018317073049716  0.00019058691813597  0.00019870765205054
  0.00020740152318091  0.00021639139710776  0.00022622582161299  0.00023625802548061
  0.00024712106670274  0.00025939858537374  0.00027286663786839  0.00028684053148943
  0.00030163468293696  0.00031688586206724  0.00033306483857831  0.00035002548678891
  0.00036740492745876  0.00038548720175386  0.00040419944351521  0.00042429580782304
  0.00044914191940097  0.00047529016783869  0.00050476624898142  0.00053530912126267
  0.00056624815973765  0.00059815353842392  0.00063236733287366  0.00066885860192481
  0.00070709382812644  0.00074836526141289  0.00079608498272788  0.00084978393245926
  0.00091013823928602  0.00097467391648632  0.00104212108553823  0.00111447109778076
  0.00118570153319464  0.00125499013923309  0.00133728660029135  0.00142898649897658
  0.00153062612283001  0.00164906089918295  0.00178368398379100  0.00192220807334447
  0.00206637008582329  0.00222520701439492  0.00241177574225321  0.00263146863682987
  0.00287880707017674  0.00314193592093627  0.00342701852184580  0.00375360459325451
  0.00415813777353334  0.00465900313407785  0.00519597437457357  0.00573143350303254
  0.00629966334823381  0.00695714129434373  0.00773123082231653  0.00852902486025177
  0.00942801497513017  0.01068500829554952  0.01233549505770441  0.01423217994897045
  0.01629803531747559  0.01856221127018143  0.02150798335205803  0.02557525368187953
  0.03082992774303224  0.03777900861941845  0.04648003335276314  0.06088841845069706
  0.09309974213193160  0.13579594338227979  0.44074425553521007  1.00000000000000000
 -0.00403510683124505  0.01998660274482458  0.03953735592956342  0.05832269706880411
  0.07697024855624313  0.09561243639023208  0.11327031257739675  0.12894157781877805
  0.14409785947150136  0.15893985519536391  0.17306209531692035  0.18702985797506336
  0.20281564746657468  0.21743682919780563  0.23004996603650935  0.24161471976676507
  0.25288837030244798  0.26436118202578712  0.27691830705498449  0.28972255219753168
  0.30192739190717249  0.31500858562165029  0.32868615510779597  0.34091017135545854
  0.35222391094432931  0.36384755629214649  0.37533063647243392  0.38550183240546726
  0.39506235213044738  0.40502331564836919  0.41574951295210705  0.42607943971376266
  0.43704520717756495  0.44951031612794012  0.46236987144144415  0.47448369673396218
  0.48571475236166345  0.49638336047592158  0.50631851699881136  0.51595211674593178
  0.52588226710317665  0.53587888077321744  0.54555025721180817  0.55469719089825076
  0.56333485735799949  0.57177879983795610  0.58023862737891208  0.58879770613073390
  0.59768569150307560  0.60667018583312704  0.61561294852076454  0.62466345056863459
  0.63394379570960557  0.64325128712265789  0.65249142167211605  0.66176721464254340
  0.67082406370572856  0.67978122008458319  0.68906120180244268  0.69826914511984250
  0.70717233915261579  0.71618921058263696  0.72501655087422778  0.73350303183547871
  0.74165851128607341  0.74962188592265944  0.75776863738306932  0.76621435412674277
  0.77521278819427397  0.78400390491944771  0.79238245856434586  0.80057967040665212
  0.80865073605090787  0.81681947478782913  0.82502729521957796  0.83344737491412202
  0.84123845554684151  0.84883258604040102  0.85682675040263534  0.86498877361801141
  0.87315318729586666  0.88114123929222321  0.88903255979788365  0.89707907320690550
  0.90548511669644860  0.91436385775076967  0.92302141153866135  0.93166637501967164
  0.94006286303046382  0.94873859371634439  0.95701750413904452  0.96599867254875793
  0.97469717191199146  0.98330485010029189  0.99142167416382920  1.00000000000000000
 -0.00274329542886849  0.01110035758844444  0.02209227664632667  0.03356961449025348
  0.04495404815544950  0.05787044060903426  0.07045235768732136  0.08366321520901576
  0.09482629078148527  0.10590215248946538  0.11583436658270106  0.12556299113297120
  0.13491314324420647  0.14466262935088309  0.15494069430147814  0.16577157571052251
  0.17682231004503240  0.18767153871700837  0.19820501169001645  0.20825668732552086
  0.21766430743429374  0.22700958751915826  0.23679420043807392  0.24707207421516372
  0.25751846974325709  0.26747340105505724  0.27753771701135160  0.28771813751205577
  0.29811417209910335  0.30896648393110643  0.31987094991985537  0.33082928712066040
  0.34168271687827101  0.35257707905773417  0.36394018435048919  0.37546261157310373
  0.38656886595947026  0.39761427478676281  0.40929734509910792  0.42086961123892330
  0.43233898324246545  0.44364970576136153  0.45415262982356425  0.46351981284604643
  0.47222128805176811  0.48154435560968617  0.49103995228217023  0.50060458365120553
  0.51019412676352682  0.51993011782903420  0.52966075794272949  0.53894066300952082
  0.54840296933333466  0.55806551696292106  0.56825317344898507  0.57818352858402799
  0.58810895342753500  0.59939433690447508  0.61018044398884563  0.62032847727494755
  0.63129704647146279  0.64251619531313930  0.65371428934825104  0.66443248062711247
  0.67455929436324125  0.68433445745845167  0.69391415877434626  0.70391096203172943
  0.71487082089237175  0.72656657699412741  0.73867010970986857  0.75061873105079502
  0.76156210857980511  0.77205127014194186  0.78234008240039754  0.79249999236033364
  0.80242053846208639  0.81268496930858192  0.82348279289400228  0.83423702284014600
  0.84478531600318141  0.85521091397445137  0.86600127292527052  0.87686241643576268
  0.88744597400578851  0.89660942793583287  0.90564157526559053  0.91472957856808701
  0.92491442209493657  0.93508186810214622  0.94490896223487453  0.95521524434788085
  0.96625601734175748  0.97791997256739749  0.98883394687881654  1.00000000000000000
 -0.00263222342618096  0.01124000710191890  0.02302200212208699  0.03701678288061725
  0.05252806327615048  0.06947750556117716  0.08803954999523923  0.10598080168127208
  0.12402711900173020  0.14271311579642382  0.16072792449895668  0.17730587316913862
  0.19350465882956763  0.20950624647142552  0.22617420954106571  0.24371430866484681
  0.26369443854161584  0.28280979176810234  0.29993896022046990  0.31732386278791463
  0.33543692924575630  0.35354689724127242  0.37065380375880125  0.38665813734398824
  0.40215385563353401  0.41790420000794326  0.43374438571951612  0.44977828991258378
  0.46642604200026588  0.48313148313408527  0.49812260646016954  0.51206511081064621
  0.52555065100877774  0.53860418566883317  0.55134572822991157  0.56394061139518392
  0.57658271931571947  0.58989729003388869  0.60360037049843984  0.61735147108525945
  0.63077516163260838  0.64396777511802927  0.65605921898594521  0.66785732193996628
  0.67938762946383191  0.69038819019860242  0.70053540180780272  0.71021176875746117
  0.71915114462296048  0.72825606276111821  0.73704702582413184  0.74602040658778201
  0.75469670311707515  0.76354454618288181  0.77174415740037905  0.78021681785514263
  0.78805392005000996  0.79606886965210766  0.80438383823350434  0.81316753665358721
  0.82244339162020796  0.83109842907261822  0.83886788909647825  0.84617649529775729
  0.85333100872871714  0.86022448495154225  0.86670830209419603  0.87301243107089754
  0.87918932071574596  0.88507433204609709  0.89092160634325257  0.89653698509912794
  0.90199540605346284  0.90741845651618291  0.91255861803597915  0.91777581628010907
  0.92297421640080979  0.92803203894212938  0.93284521317388380  0.93742301551704643
  0.94154545663828304  0.94553610305052715  0.94963156954476158  0.95383235566148794
  0.95816038640119883  0.96229679803293355  0.96628438705909359  0.97020901995378328
  0.97413395568932037  0.97805210490646322  0.98196217099497363  0.98588925627559598
  0.98958393920830789  0.99318230403913821  0.99666864361732399  1.00000000000000000
 -0.00163702653720683  0.00872995760693573  0.01770953626626458  0.02632736884744936
  0.03465200528864854  0.04330890110347309  0.05274623379395172  0.06258698318373912
  0.07274108040477771  0.08318868769998755  0.09341348185170971  0.10311133855225434
  0.11269208904577228  0.12249675153916330  0.13266908018690254  0.14319557306425854
  0.15393666495130065  0.16489612089588815  0.17619927182960846  0.18753463008882282
  0.19865028273638322  0.20944458595065041  0.22055286161604556  0.23139939436815343
  0.24134978708550231  0.25148256030858013  0.26229977347641720  0.27370583196384785
  0.28486950544279976  0.29614506929800660  0.30733851542154972  0.31918632120488533
  0.33115606276354187  0.34278461155406004  0.35339689863341422  0.36297448976113755
  0.37263162741589151  0.38247275638826794  0.39258463109666725  0.40260477524395738
  0.41214714707822198  0.42149711017005415  0.43098288127594936  0.44077909900615347
  0.45078838141173588  0.46127894675137671  0.47226806036421276  0.48356317903740476
  0.49468602036243847  0.50576673876601030  0.51646749732410280  0.52683264547025754
  0.53702373017975058  0.54768440686658626  0.55825846241110644  0.56840478520318960
  0.57831409648644683  0.58836807379945177  0.59844617807898948  0.60865390655296470
  0.61923052286564395  0.62973359477467261  0.64007773658902989  0.65086560598858223
  0.66190199188161969  0.67231513146441502  0.68233771679324895  0.69262860804210868
  0.70330469327211576  0.71415636806110050  0.72496974543148629  0.73578488819494514
  0.74632942925492862  0.75657731852124699  0.76644047027304163  0.77622621043712781
  0.78642399492964921  0.79751183739686837  0.80926893741487305  0.82124647215956514
  0.83376070609419684  0.84561826019421904  0.85665329744742102  0.86713553344729133
  0.87789651844287675  0.88922978740176750  0.90059469749490562  0.91165055793116700
  0.92345636120178887  0.93536335362151457  0.94691996786909871  0.95719689333978386
  0.96836612745843731  0.97921860743307720  0.98970635530065632  1.00000000000000000
 -0.00239374274254740  0.00860958755852754  0.01861362390467809  0.02987881346018685
  0.04181618190631244  0.05239212543631315  0.06247749958669016  0.07296775539672901
  0.08330003856126228  0.09298464994272217  0.10267997863832980  0.11300983355769080
  0.12343869062413779  0.13433008888540801  0.14539958221109617  0.15681549386471069
  0.16775503822183879  0.17741160088777866  0.18675524541966262  0.19642268263153942
  0.20687219577652255  0.21776531296713175  0.22922952002923425  0.24108801637707170
  0.25222060311742650  0.26247135082710554  0.27255550075919754  0.28308997022143878
  0.29395042558933482  0.30453684922824820  0.31513872276237465  0.32607549936752966
  0.33762676983521650  0.34967265888980992  0.36122932252969187  0.37212829917379875
  0.38285601425816917  0.39365347695875708  0.40488529881064406  0.41647672352745402
  0.42805645764487965  0.43932997383713163  0.44943842015038105  0.45955118745060347
  0.46914839807866626  0.47810186389574233  0.48691725414321219  0.49581179172029627
  0.50527108350812933  0.51507453967393524  0.52483096206454694  0.53470674596709034
  0.54416224110349110  0.55343619140816092  0.56304510957372023  0.57334021038926475
  0.58351959753200000  0.59335579108736414  0.60357847686518395  0.61466783095073407
  0.62587228896920899  0.63669350273182890  0.64740196915385384  0.65821125969256644
  0.66916537167681656  0.68027447588581702  0.69131243057734360  0.70211295744551849
  0.71274023274769027  0.72350826398103230  0.73443329472697216  0.74577039322339478
  0.75794261415918607  0.77058480734332158  0.78329372908320383  0.79519543701420803
  0.80608589571620415  0.81663498077695473  0.82750135381662904  0.83832649220125188
  0.84847539710166420  0.85810982940961522  0.86793077806782082  0.87790246789741910
  0.88770758564078256  0.89765543438069861  0.90824164876092806  0.91874672836626747
  0.92891146190050988  0.93930882042399444  0.94997655623654542  0.96010910584420350
  0.97035299633152650  0.98008907665048928  0.99034430940719553  1.00000000000000000
  0.13953059782770078  0.58011315893076754  0.60641412071520928  0.62864815971925214
  0.64683208534116365  0.66279013644651996  0.67821204110010980  0.69401458026437268
  0.70882293759898407  0.72180548846779546  0.73419739473091161  0.74543208245741543
  0.75542768540667726  0.76507021516323348  0.77428550470615753  0.78241624684815814
  0.79020903196501535  0.79748181460541123  0.80447077481979545  0.81142549794605412
  0.81784268792337156  0.82394552293315870  0.82980196218893987  0.83531791928348886
  0.84039087105181232  0.84522445571299132  0.84996237442309941  0.85451327580889536
  0.85880548346957086  0.86296391370368242  0.86695539899703122  0.87066890856255452
  0.87428169977148651  0.87768214396403055  0.88113675210763698  0.88455522690670385
  0.88771830674542307  0.89083543913184260  0.89395591153408827  0.89687246898020367
  0.89966061674614850  0.90233753767046843  0.90497868773239487  0.90751546225911384
  0.90991652026823699  0.91231224827800650  0.91470509555949264  0.91716455661611140
  0.91939585744404584  0.92149373907567789  0.92349069481053325  0.92547122471565624
  0.92747847865696253  0.92950750246925395  0.93153502536169153  0.93351397360010868
  0.93547262732306624  0.93736197991827674  0.93918490630533791  0.94091365531384585
  0.94256917058950418  0.94426527357990231  0.94590110500686009  0.94752524179977604
  0.94917059558121009  0.95077907071961221  0.95233148555601199  0.95383770130425316
  0.95529305995261093  0.95677170053597982  0.95820371917344405  0.95963096023174566
  0.96106908165990224  0.96247252900410041  0.96382247284204969  0.96517102536213051
  0.96654477196762045  0.96792000336089212  0.96930017350490816  0.97063086753082650
  0.97194570774089362  0.97332115355190296  0.97470799398756214  0.97605841842202534
  0.97736838691776839  0.97865383736890887  0.97995196570698917  0.98129120094556410
  0.98262965836275340  0.98402657098995194  0.98553269737239724  0.98720702999678922
  0.98912260670413721  0.99139824742559279  0.99433960254685094  1.00000000000000000
   2.4188279829790861E-008  -1.0000000000000000     
 F F F F F F F F F F F F F F F F F F F F F F F F F F F F F F F F F F F F F F F F F F F F F F F F F F F F F F F F F F F F F F F F
  <DiscreteSampler_grid>
  grouped_processes
  1 # 1 for a reference and 2 for a running grid.
  10 # Attribute 'min_bin_probing_points' of the grid.
  1 # Attribute 'grid_mode' of the grid. 1=='default',2=='initialization'
  0.0000000000000000 # Attribute 'small_contrib_threshold' of the grid.
  0.5000000000000000 # Attribute 'damping_power' of the grid.
 # binID   n_entries weight   weight_sqr   abs_weight
    10   10   2.996041017649940E+002   8.590090272121576E+005   2.996041017649940E+002
  </DiscreteSampler_grid>
