  0.01427310693671360  0.01460637204331325  0.01493963714991290  0.01527290225651255
  0.01560616736311220  0.01593943246971185  0.01627269757631150  0.01660596268291115
  0.01693922778951080  0.01727249289611045  0.01760575800271010  0.01793902310930975
  0.01827228821590940  0.01860555332250904  0.01893881842910870  0.01927208353570834
  0.01960534864230799  0.01993861374890765  0.02027187885550729  0.02060514396210694
  0.02124102909279169  0.02253410375225891  0.02382717841172613  0.02512025307119334
  0.02641332773066056  0.02770640239012777  0.02899947704959499  0.03029255170906221
  0.03158562636852942  0.03287870102799664  0.03417177568746385  0.03546485034693107
  0.03675792500639829  0.03805099966586550  0.03934407432533272  0.04063714898479993
  0.04254368279193334  0.04684653729364852  0.05114939179536370  0.05545224629707889
  0.05975510079879406  0.06405795530050924  0.06836080980222442  0.07266366430393960
  0.07696651880565478  0.08126937330736995  0.13257091747251445  0.22719894164310739
  0.32182696581370013  0.41645498998429309  0.41860602376552519  0.42054972880504798
  0.42249343384457078  0.42443713888409357  0.42638084392361641  0.42832454896313921
  0.43026825400266200  0.43221195904218479  0.43415566408170758  0.43609936912123043
  0.43804307416075322  0.43998677920027601  0.44193048423979880  0.44387418927932160
  0.44581789431884439  0.44776159935836723  0.44970530439789003  0.45164900943741282
  0.45359271447693561  0.45553641951645840  0.45748012455598125  0.45942382959550404
  0.46136753463502689  0.46331123967454968  0.46525494471407253  0.46719864975359532
  0.46914235479311817  0.47108605983264096  0.47302976487216380  0.47497346991168660
  0.47691717495120944  0.47886087999073229  0.54429474715036430  0.55871909034771572
  0.57314343354506714  0.58572943642019548  0.59389159846184147  0.60205376050348747
  0.60972422940719440  0.61722295793780146  0.62472168646840853  0.71611592748820851
  0.81074395165880142  0.90537197582939422  0.93636284985886697  1.00000000000000000
  0.00012791761701215  0.00012864933247719  0.00012938104794223  0.00013011276340727
  0.00013084447887231  0.00013157619433735  0.00013230790980239  0.00013303962526743
  0.00013377134073247  0.00013450305619751  0.00013523477166255  0.00013596648712759
  0.00013669820259263  0.00013742991805767  0.00013816163352271  0.00013889334898775
  0.00014012369192796  0.00014147789563591  0.00014283209934386  0.00014418630305181
  0.00014554050675977  0.00014689471046772  0.00014824891417567  0.00014960311788363
  0.00015095732159158  0.00015231152529953  0.00015366572900748  0.00015501993271544
  0.00023760722721066  0.00037963526266332  0.00039077783682411  0.00040192041098490
  0.00041306298514569  0.00042447226663263  0.00043692303998549  0.00044937381333836
  0.00046182458669122  0.00047460458034145  0.00048851714263158  0.00050242970492171
  0.00051634226721185  0.00060671532486639  0.00084241927341053  0.00088786114173957
  0.00093513011809657  0.00098590711048013  0.00103799853867559  0.00109473702787789
  0.00121366437120368  0.00214103061876825  0.00377640971888254  0.00615291113093529
  0.00672827879362051  0.00736643564370073  0.00806169580911053  0.00951338257269332
  0.00977916262903931  0.01004494268538529  0.01031072274173127  0.01056174485979113
  0.01066376819341592  0.01076579152704070  0.01086781486066549  0.01096983819429027
  0.01107186152791506  0.01117388486153984  0.01127590819516463  0.01137793152878941
  0.01147995486241420  0.01158197819603898  0.01168400152966377  0.01178602486328855
  0.01187700716139440  0.01196736604416949  0.01205772492694457  0.01214808380971966
  0.01223844269249474  0.01232880157526983  0.01241916045804491  0.01250951934082000
  0.01259987822359509  0.01269023710637017  0.01278059598914526  0.01287095487192034
  0.01296131375469543  0.01305167263747051  0.01314203152024560  0.01881347506343241
  0.03078784426608430  0.03078784426609429  0.03078784426610429  0.03078784426611429
  0.03078784426612429  0.03078784426613429  0.03078784426614429  1.00000000000000000
  0.00052190861999434  0.00052223903827641  0.00052256945655849  0.00052289987484057
  0.00052323029312265  0.00052356071140473  0.00052389112968680  0.00052422154796888
  0.00052455196625096  0.00052488238453304  0.00052521280281511  0.00052554322109719
  0.00052587363937927  0.00052620405766135  0.00052653447594343  0.00052746509107340
  0.00053270892471961  0.00053795275836582  0.00054319659201203  0.00054844042565824
  0.00055368425930445  0.00055892809295066  0.00056417192659687  0.00056941576024308
  0.00057465959388929  0.00057990342753550  0.00058514726118171  0.00071312648605563
  0.00103709340025882  0.00106807412097076  0.00109905484168269  0.00113003556239462
  0.00116279261886468  0.00119741064575205  0.00123202867263941  0.00126664669952678
  0.00130371204771238  0.00134239442042790  0.00138107679314343  0.00141975916585895
  0.00217396014568901  0.00235116136550850  0.00247761466679793  0.00261717882509879
  0.00275847843606451  0.00291325158174700  0.00307114054040192  0.00479633596212150
  0.00498845759672919  0.00512823450994270  0.00526801142315621  0.00540778833636972
  0.00556216774354882  0.00571809257082588  0.00587401739810294  0.00602994222538000
  0.00620092160415958  0.00637515285956760  0.00654938411497563  0.00672361537038366
  0.00725688141241222  0.00760551124785346  0.00768400008098135  0.00776248891410924
  0.00784097774723713  0.00791946658036501  0.00799795541349290  0.00807644424662079
  0.00815493307974868  0.00823342191287657  0.00831191074600446  0.00839039957913234
  0.00846696198639801  0.00853673520123682  0.00860650841607563  0.00867628163091444
  0.00874605484575325  0.00881582806059206  0.00888560127543087  0.00895537449026968
  0.00902514770510849  0.00909492091994730  0.00916469413478611  0.00923446734962492
  0.00930424056446373  0.00937401377930254  0.00944378699414136  0.01693291691800484
  0.02912609228315859  0.02959466233530016  0.02959466233531016  0.02959466233532015
  0.02959466233533015  0.02959466233534015  0.02959466233535015  1.00000000000000000
  0.08420282204945879  0.29510799987505254  0.29854933308343834  0.30199066629182414
  0.30543199950020994  0.30887333270859574  0.31231466591698154  0.31624649394528903
  0.32020624133234793  0.32416598871940688  0.32812573610646578  0.33208548349352474
  0.38935066930824752  0.47114376653700141  0.55293686376575524  0.63472996099450896
  0.71652305822326279  0.77333982282303504  0.78079952028964472  0.78825921775625452
  0.79571891522286409  0.80317861268947377  0.81063831015608345  0.81809800762269302
  0.82555770508930271  0.83301740255591228  0.91166235485247382  0.92021070954099438
  0.92398571707416199  0.92776072460732950  0.93153573214049712  0.93531073967366463
  0.93801881262723108  0.93925389068233456  0.94048896873743804  0.94172404679254140
  0.94295912484764488  0.94419420290274825  0.94542928095785173  0.94666435901295520
  0.94789943706805857  0.94913451512316205  0.95036959317826541  0.95160467123336889
  0.95283974928847226  0.95407482734357574  0.95530990539867922  0.95654498345378258
  0.95778006150888606  0.95888734543676168  0.95989092704168133  0.96089450864660109
  0.96189809025152073  0.96290167185644038  0.96390525346136002  0.96490883506627967
  0.96591241667119931  0.96691599827611907  0.96791957988103872  0.96892316148595836
  0.96992674309087801  0.97093032469579765  0.97193390630071730  0.97293748790563706
  0.97394106951055670  0.97494465111547635  0.97594823272039599  0.97695181432531564
  0.97795539593023539  0.97895897753515504  0.97980722359513406  0.98061493465132876
  0.98142264570752336  0.98223035676371795  0.98303806781991265  0.98384577887610725
  0.98465348993230195  0.98546120098849654  0.98626891204469114  0.98707662310088584
  0.98788433415708043  0.98869204521327503  0.98949975626946973  0.99030746732566433
  0.99111517838185903  0.99192288943805362  0.99273060049424822  0.99353831155044292
  0.99434602260663751  0.99515373366283222  0.99596144471902681  0.99676915577522140
  0.99757686683141611  0.99838457788761070  0.99919228894380530  1.00000000000000000
  0.02296602328618366  0.03153469596251994  0.04010336863885621  0.05022628024864322
  0.06069603107564770  0.14620160745804242  0.15162068776149859  0.15703976806495473
  0.16245884836841090  0.16787792867186707  0.17329700897532316  0.17871608927877927
  0.18413516958223539  0.18955424988569147  0.19497333018914759  0.20039241049260367
  0.20581149079605979  0.26697594505640770  0.35458036740390758  0.35659749024520127
  0.35861461308649495  0.36063173592778863  0.36264885876908232  0.36466598161037600
  0.36668310445166968  0.36870022729296337  0.37071735013425705  0.37273447297555073
  0.37475159581684447  0.37676871865813816  0.37878584149943184  0.38080296434072552
  0.38282008718201921  0.38483721002331289  0.38685433286460658  0.38887145570590026
  0.39088857854719394  0.39290570138848763  0.39492282422978131  0.39693994707107499
  0.39895706991236873  0.40097419275366242  0.40299131559495616  0.40500843843624984
  0.40702556127754352  0.40904268411883726  0.41105980696013095  0.41307692980142469
  0.41509405264271837  0.44083812123779914  0.55052501882040639  0.66021191640301369
  0.71831702799539343  0.73610427634123621  0.75389152468707887  0.77604682425323035
  0.81628852751024583  0.82196285101297240  0.82763717451569896  0.83331149801842541
  0.83518940532609476  0.83705264724387096  0.83891588916164728  0.84077913107942348
  0.84264237299719980  0.84450561491497600  0.84636885683275231  0.84823209875052852
  0.85009534066830483  0.85195858258608104  0.85382182450385735  0.85568506642163356
  0.85754830833940987  0.85941155025718607  0.86127479217496228  0.86313803409273859
  0.86500127601051480  0.86686451792829100  0.86872775984606732  0.87059100176384352
  0.87245424368161972  0.87431748559939604  0.87622772707961871  0.87816513645228522
  0.88010254582495162  0.88203995519761802  0.88397736457028453  0.88591477394295093
  0.88785218331561733  0.88978959268828384  0.89172700206095024  0.89366441143361663
  0.89560182080628314  0.96411749011736270  0.98251682796292061  1.00000000000000000
  0.11450743277867639  0.11740171764209265  0.12029600250550891  0.12319028736892518
  0.12743523277831673  0.13393388465137929  0.14043253652444182  0.14676148767646624
  0.15225561177111285  0.15774973586575944  0.16324385996040605  0.16873798405505264
  0.17423210814969917  0.17972623224434572  0.18522035633899228  0.19071448043363881
  0.19620860452828537  0.20170272862293190  0.20719685271757846  0.29324222887237267
  0.40029550459136398  0.50734878031035546  0.56344212879533206  0.56538536537217332
  0.56732860194901458  0.56927183852585572  0.57121507510269698  0.57315831167953823
  0.57510154825637938  0.57704478483322064  0.57898802141006189  0.58093125798690304
  0.58287449456374429  0.58481773114058555  0.58676096771742670  0.58870420429426795
  0.59064744087110921  0.59259067744795046  0.59453391402479172  0.59647715060163298
  0.59842038717847412  0.60036362375531538  0.60230686033215663  0.60425009690899789
  0.60619333348583915  0.60813657006268029  0.61007980663952155  0.61202304321636269
  0.61396627979320395  0.61590951637004521  0.61785275294688635  0.61979598952372761
  0.62173922610056886  0.62368246267741001  0.65946989192196592  0.68887747011900302
  0.69074353918262621  0.69260960824624951  0.69447567730987270  0.69634174637349588
  0.69820781543711918  0.70007388450074237  0.70193995356436556  0.70380602262798886
  0.70567209169161205  0.70753816075523523  0.70940422981885853  0.71127029888248172
  0.71313636794610502  0.71500243700972821  0.71686850607335151  0.71873457513697470
  0.72060064420059800  0.72246671326422118  0.72433278232784448  0.72619885139146767
  0.72806492045509097  0.72993098951871416  0.73179705858233746  0.73366312764596064
  0.73552919670958383  0.73739526577320713  0.73926133483683032  0.74112740390045351
  0.74299347296407681  0.74485954202769999  0.74672561109132318  0.74859168015494648
  0.77626031065031664  0.88331358636930812  0.90480727272996464  0.91496969468930178
  0.92438253413058613  0.93364511333401357  0.97280455032984414  1.00000000000000000
  0.00048960069166058  0.00217219512459580  0.00385478955753102  0.00553738399046623
  0.00721997842340145  0.00890257285633667  0.01058516728927189  0.01226776172220711
  0.01395035615514233  0.01563295058807755  0.01731554502101277  0.01899813945394799
  0.02068073388688321  0.02274203115066225  0.02484109967700509  0.02694016820334794
  0.02903923672969078  0.03113830525603363  0.03323737378237647  0.03533644230871932
  0.03743551083506216  0.03953457936140500  0.04163364788774785  0.12634312567190756
  0.18847549718845402  0.19184952768501917  0.19522355818158429  0.19859758867814944
  0.20197161917471460  0.20534564967127975  0.20871968016784490  0.21209371066441007
  0.21546774116097525  0.21884177165754043  0.22221580215410561  0.22558983265067079
  0.22896386314723596  0.23233789364380111  0.23571192414036626  0.23908595463693139
  0.24245998513349654  0.24583401563006169  0.24920804612662684  0.31583679076544235
  0.40186651499724174  0.48789623922904118  0.57392596346084046  0.60487619178780871
  0.60597031836298132  0.60706444493815392  0.60815857151332653  0.60925269808849913
  0.61034682466367174  0.61144095123884434  0.61253507781401695  0.61362920438918955
  0.61472333096436216  0.61581745753953476  0.61691158411470737  0.61800571068987997
  0.61909983726505258  0.62019396384022518  0.62128809041539779  0.62238221699057050
  0.62347634356574311  0.62457047014091571  0.62551671309211287  0.62636737863428982
  0.62721804417646676  0.62806870971864370  0.62891937526082065  0.62977004080299759
  0.63062070634517464  0.63147137188735158  0.63232203742952853  0.63317270297170547
  0.63402336851388241  0.63487403405605936  0.63572469959823641  0.63657536514041335
  0.63742603068259029  0.63827669622476724  0.63912736176694418  0.63997802730912112
  0.64082869285129818  0.64167935839347512  0.64253002393565206  0.64338068947782900
  0.64423135502000595  0.64508202056218289  0.65588110307279379  0.74191082730459312
  0.82794055153639246  0.88367355267206826  0.88367355267207826  1.00000000000000000
  0.10106390317281096  0.27547876782122105  0.28012420230910884  0.28476963679699668
  0.28941507128488447  0.29441760687708657  0.29975602435677756  0.30509444183646856
  0.31043285931615955  0.34072231342903830  0.35828289095334132  0.37584346847764416
  0.39340404600194701  0.39754136298086012  0.39952361212530146  0.40150586126974280
  0.40348811041418414  0.40547035955862548  0.40745260870306688  0.40943485784750822
  0.41141710699194955  0.41339935613639089  0.41538160528083223  0.41736385442527357
  0.41934610356971491  0.42132835271415625  0.42331060185859759  0.42529285100303893
  0.42727510014748027  0.42925734929192155  0.43123959843636289  0.43322184758080423
  0.43520409672524557  0.43718634586968691  0.43916859501412819  0.44115084415856953
  0.44313309330301087  0.44511534244745221  0.44709759159189355  0.44907984073633489
  0.45106208988077623  0.45304433902521751  0.45502658816965885  0.45700883731410019
  0.46176036011282012  0.47208827896453887  0.48241619781625755  0.49274411666797618
  0.50307203551969482  0.51339995437141350  0.55124240199246277  0.65974406561598820
  0.66844892690392799  0.67035264796469507  0.67225636902546226  0.67416009008622935
  0.67606381114699643  0.67796753220776351  0.67987125326853060  0.68177497432929768
  0.68367869539006476  0.68558241645083184  0.68748613751159904  0.68938985857236612
  0.69129357963313320  0.69319730069390029  0.69510102175466737  0.69700474281543445
  0.69890846387620154  0.70081218493696862  0.70271590599773581  0.70461962705850290
  0.70652334811926998  0.70842706918003706  0.71033079024080414  0.71223451130157134
  0.71413823236233842  0.71604195342310550  0.71794567448387270  0.71984939554463978
  0.72175311660540686  0.72365683766617406  0.72556055872694114  0.72746427978770822
  0.72975790292906040  0.73534835416042676  0.74093880539179313  0.74652925662315950
  0.75185122349606326  0.75673358247350631  0.76161594145094935  0.76649830042839240
  0.77270669055518060  0.77404201428095487  0.77404201428096486  1.00000000000000000
  0.65213137467702231  0.71518019385627085  0.72202705437920833  0.72887391490214593
  0.73636680174109204  0.74388854457723153  0.75241486165251514  0.76529448332598349
  0.77817410499945205  0.79105372667292062  0.80393334834638908  0.83960093984618833
  0.87575412307037492  0.87709455264915304  0.87843498222793104  0.87977541180670904
  0.88111584138548704  0.88245627096426504  0.88379670054304305  0.88513713012182105
  0.88647755970059905  0.88781798927937705  0.88915841885815505  0.89049884843693305
  0.89183927801571106  0.89317970759448917  0.89452013717326717  0.89585942262987439
  0.89714353848559036  0.89842765434130634  0.89971177019702220  0.90099588605273817
  0.90228000190845414  0.90356411776417001  0.90484823361988598  0.90613234947560195
  0.90741646533131781  0.90870058118703378  0.90998469704274976  0.91126881289846562
  0.91255292875418159  0.91383704460989756  0.91512116046561343  0.91640527632132940
  0.91768939217704537  0.91897350803276123  0.92025762388847721  0.92154173974419307
  0.92282585559990904  0.92410997145562501  0.92539408731134087  0.92667820316705685
  0.92796231902277271  0.92924643487848868  0.93053055073420454  0.93181466658992051
  0.93309878244563649  0.93438289830135235  0.93566701415706832  0.93695113001278418
  0.93826425600984786  0.93959903843041948  0.94093382085099109  0.94226860327156270
  0.94360338569213420  0.94493816811270581  0.94627295053327742  0.94760773295384904
  0.94894251537442065  0.95027729779499226  0.95161208021556376  0.95294686263613537
  0.95428164505670698  0.95561642747727860  0.95695120989785021  0.95828599231842171
  0.95915311397540737  0.96000303909429408  0.96085296421318089  0.96170288933206760
  0.96255281445095442  0.96340273956984113  0.96425266468872795  0.96510258980761465
  0.96595251492650147  0.96680244004538818  0.96765236516427500  0.96850229028316170
  0.96935221540204852  0.97020214052093523  0.97105206563982205  0.97190199075870876
  0.97275191587759557  0.97360184099648228  0.97423297564188638  1.00000000000000000
   7.9543467194970897E-009  -1.0000000000000000     
 F F F F F F F F F F F F F F F F F F F F F F F F F F F F F F F F F F F F F F F F F F F F F F F F F F F F F F F F F F F F F F F F
  <DiscreteSampler_grid>
  grouped_processes
  1 # 1 for a reference and 2 for a running grid.
  10 # Attribute 'min_bin_probing_points' of the grid.
  1 # Attribute 'grid_mode' of the grid. 1=='default',2=='initialization'
  0.0000000000000000 # Attribute 'small_contrib_threshold' of the grid.
  0.5000000000000000 # Attribute 'damping_power' of the grid.
 # binID   n_entries weight   weight_sqr   abs_weight
    10   10   3.233576400106009E+002   4.101701417649238E+005   3.233576400106009E+002
  </DiscreteSampler_grid>
