  0.00414091399414371  0.00920367835165304  0.01726491428907909  0.02629610586242243
  0.03508867774669516  0.04351868942778109  0.05274127409651754  0.06231331490480651
  0.07372425847072940  0.08472003573141895  0.09446783060313919  0.10403772959761010
  0.11369992972674957  0.12281069608197608  0.13184048016018909  0.14064747552700049
  0.15001923545002663  0.16082667610195356  0.17176976909553321  0.18273084997643693
  0.19311079519263755  0.20295996697317184  0.21319304002819653  0.22395136263494098
  0.23454795763290145  0.24448768460570486  0.25437000333181253  0.26440561575927773
  0.27436835658010156  0.28486246702639934  0.29534612988132691  0.30624104597246676
  0.31698138231494200  0.32839976840842122  0.34073433120394608  0.35357022318666920
  0.36598442433711015  0.37778654151819258  0.38893581330660365  0.40023317234105482
  0.41216603997184331  0.42437058789743853  0.43611832521085742  0.44674542004884865
  0.45673315868764103  0.46635567366541852  0.47664287857695686  0.48701381264273813
  0.49756338098180219  0.50797816229328452  0.51776346044181165  0.52717210981073315
  0.53668241967351671  0.54731848417312090  0.55893792143944288  0.56930990934306580
  0.57882189551124430  0.58887652955158132  0.59860408605878868  0.60768680109740547
  0.61605342462724710  0.62457583210341050  0.63500219036912509  0.64638209159265037
  0.65634677850271761  0.66567448601164425  0.67601034601088583  0.68590109295685830
  0.69468019396599334  0.70354545042624717  0.71418414221392545  0.72637822749108671
  0.73922345106572973  0.75224292307118013  0.76508298647448669  0.77700100673341688
  0.78786893366368371  0.79766094615452010  0.80749981431554663  0.81752777391462295
  0.82811482939526793  0.83923048651602228  0.85018436409851883  0.86107273831484687
  0.87241928378715727  0.88389070634489331  0.89539968709876350  0.90609503183219720
  0.91672570282044596  0.92718742660618625  0.93815588207927192  0.94940343208996270
  0.96096130944343838  0.97291656267461768  0.98551005561448146  1.00000000000000000
  0.00255611640422865  0.00435629870244518  0.00550940488486172  0.00658913328492852
  0.00755359141815879  0.00841828472300114  0.00926186629063838  0.01004092885934211
  0.01076075493619048  0.01143366042295986  0.01211241886170159  0.01280257048345237
  0.01349989176694565  0.01419371672702793  0.01489308076447548  0.01560175419789738
  0.01631494892311477  0.01702308460046551  0.01772573070233939  0.01841547599567108
  0.01908600292015922  0.01974752988226414  0.02042575331167090  0.02116137024611579
  0.02193753135306262  0.02270676282216398  0.02343794946198524  0.02416451502239665
  0.02490839067356419  0.02566734464030801  0.02642835717360764  0.02721378161305185
  0.02803857612100710  0.02896036095614011  0.02995369411645895  0.03092257070050091
  0.03184314980657860  0.03273730872606559  0.03364228069467709  0.03463850473747108
  0.03569440038386535  0.03681553425640423  0.03799501920124191  0.03928112496528617
  0.04053591133350767  0.04179243216509686  0.04297218001278988  0.04412659198215656
  0.04533807711042408  0.04651437418824728  0.04768315134664081  0.04872291838964847
  0.04973223232727211  0.05069787973579209  0.05171265036779147  0.05282001690771337
  0.05402076659149233  0.05534815430853426  0.05670242317024508  0.05795164835371409
  0.05940395364515832  0.06097395989064697  0.06265993543530329  0.06423568561763417
  0.06595999704514541  0.06795676370618842  0.07018079894564584  0.07223747709380818
  0.07407934338933315  0.07585203107710824  0.07770947280823326  0.07972152060407842
  0.08173745089819506  0.08380469999329861  0.08542854564966194  0.08715903652823744
  0.08902935359918046  0.09110074226491464  0.09356232527294955  0.09638347397967101
  0.09936293544198507  0.10400742692520677  0.10899229914287693  0.11507268545679050
  0.12300221309921883  0.13263310544741866  0.13850142227076534  0.14422375563116629
  0.15139489899245021  0.15746654887805520  0.16328617254484565  0.17261936105684528
  0.18977345208099211  0.24362354694164567  0.41204041881427411  1.00000000000000000
  0.00008921703529309  0.00010943327544027  0.00012838531324925  0.00014857839363408
  0.00017224699366545  0.00019990883266083  0.00022905104263415  0.00026341413668994
  0.00030070951879795  0.00034100898829734  0.00038453383140741  0.00043166127791857
  0.00048216813834054  0.00053351955343007  0.00058404055807794  0.00063846951432527
  0.00069344863431567  0.00074916129900511  0.00080997247438489  0.00087705427187644
  0.00095417611682710  0.00104174153925004  0.00113228063015772  0.00121910883969990
  0.00130273168867811  0.00138686583829225  0.00147430692023852  0.00157169149383217
  0.00167534861469479  0.00177796891225009  0.00189059368400048  0.00200728624778073
  0.00212284423745848  0.00224073661475637  0.00237336740174169  0.00251150068722493
  0.00264695311034707  0.00278415752951956  0.00293549328112524  0.00309300485829797
  0.00324846515277611  0.00340488927738326  0.00357394268799186  0.00375821734464509
  0.00393729697557583  0.00412752570778035  0.00433352020435171  0.00456170783319794
  0.00478885790865777  0.00500891987901688  0.00522493061564101  0.00545983065768418
  0.00574532258361459  0.00603968969835144  0.00633636328397984  0.00662790833386590
  0.00690114433612500  0.00716818245872678  0.00743555019457508  0.00772006909122312
  0.00804338088822562  0.00839297449999431  0.00883150226825553  0.00921899611807468
  0.00963598190655034  0.01007752928339637  0.01057938620503057  0.01114583210303191
  0.01175935784777809  0.01250052052919615  0.01337203011973080  0.01435350980184323
  0.01551976236937915  0.01671963707607267  0.01784533398211958  0.01880897618548203
  0.01978317579663249  0.02090269655245093  0.02227617603717038  0.02377210128345090
  0.02555304219959961  0.02754952676506702  0.02995960882702203  0.03248199304809693
  0.03491863058634660  0.03779596175814508  0.04145173425725802  0.04543520107532457
  0.04995825116488444  0.05532306622056933  0.06235928422460366  0.07433949720773293
  0.08880697818930305  0.15254764106322075  0.32055660204093389  1.00000000000000000
 -0.00238477837072125  0.01032483565931131  0.02044361102202869  0.02979793054861669
  0.03865902652126033  0.04728641557370987  0.05521468844236425  0.06343674028035337
  0.07221158905025800  0.08145932802733485  0.09165379155969530  0.10228598799033395
  0.11253970092476384  0.12282420297954902  0.13327824788923084  0.14375632739465846
  0.15440987718178650  0.16443717296196034  0.17386121490928982  0.18327490436460525
  0.19241367175413113  0.20149274342830112  0.21030732564979873  0.21933922583017104
  0.22947838990209735  0.23940295695560701  0.24922581452590276  0.25867858503820285
  0.26935027721399063  0.28006109225313203  0.28936814588130277  0.29799611978725105
  0.30631905301788387  0.31549382365589151  0.32586707234962176  0.33635389224137258
  0.34619619148610842  0.35501248856604611  0.36337403564072202  0.37160958692697132
  0.38021856702091866  0.38912036062577515  0.39800666130334622  0.40684179973371376
  0.41600867626188498  0.42563159873764056  0.43534682720877405  0.44480747330870274
  0.45363415946079333  0.46213525236366065  0.47062212511195378  0.47939763356787868
  0.48883379537205318  0.49943220950182593  0.50919272267557203  0.51799781159332914
  0.52635891781334199  0.53508949269199224  0.54438088543835583  0.55347117345249330
  0.56239631253128919  0.57163828541168482  0.58090479807487527  0.59019255023953643
  0.59988592668879437  0.61057430975469607  0.62140896069350471  0.63144405367478562
  0.64109550638126622  0.65213638887832293  0.66373825908124218  0.67402215045382075
  0.68364729798510493  0.69377044045602765  0.70468559150266574  0.71610370780540600
  0.72741572672531940  0.73843545227544438  0.74912399318920897  0.75878447363490820
  0.76839419453770752  0.77887998209062104  0.79075144689779864  0.80361651960640035
  0.81459755221551533  0.82671156760743403  0.84059566249899287  0.85711303850560205
  0.87353326666873077  0.88960965359769806  0.90660526247587025  0.92434302838237381
  0.94232152130926305  0.96060331748253758  0.98020607132477822  1.00000000000000000
 -0.00255785796524904  0.01001212289973148  0.02084341021767363  0.03203586931724812
  0.04340998648127918  0.05401803080359813  0.06350993904339677  0.07256521478590683
  0.08173366776160039  0.09154722645392396  0.10190865278819723  0.11211443647822157
  0.12213918800890211  0.13251349267590160  0.14360819495068580  0.15533418850856040
  0.16740471701563167  0.17919696749881864  0.19026974833221033  0.20066333823921623
  0.21077182183485182  0.22104879991121770  0.23164799062604330  0.24260982605342504
  0.25322091180445577  0.26367600063160967  0.27496738533940873  0.28762894098942099
  0.29981008098423839  0.31146405389896603  0.32241110533740214  0.33247553462958379
  0.34244753947653223  0.35204944060519572  0.36316939606652371  0.37425031288078076
  0.38470010589400144  0.39363475070052578  0.40215347251831945  0.41091690213677728
  0.42018821762836850  0.42949283020117413  0.43911024147178929  0.44990616724573018
  0.45989278359645186  0.46935937218701562  0.47930629043225936  0.48949891600080492
  0.50022731374068707  0.51116366345668340  0.52194696958140108  0.53218906531812471
  0.54240868132733522  0.55271682924145904  0.56290732024227619  0.57246540126594947
  0.58240123704618307  0.59276062372350335  0.60322392967815130  0.61337859784561344
  0.62306499033111507  0.63331267334585706  0.64385289192145445  0.65546365977807841
  0.66679908355547313  0.67613769035108962  0.68502387707722878  0.69373605588116938
  0.70206299817888085  0.71028359559242760  0.71854970610592561  0.72743096020511622
  0.73776889748822005  0.74850259850787404  0.75892568186380027  0.76947940168889750
  0.77994795541058437  0.78955231737653009  0.79878292841746401  0.80792842747399940
  0.81899001135152238  0.83056557531751962  0.84169181171167318  0.85291170476462896
  0.86477292201077505  0.87711619226490889  0.88955519177992248  0.90182117502155779
  0.91354179277081238  0.92524512143568816  0.93730972633291387  0.94994447796492942
  0.96287771555323909  0.97561690999754958  0.98733643626586520  1.00000000000000000
 -0.00571371260857504  0.03858660498114819  0.07482221367120395  0.10839721824961591
  0.13726198611519111  0.16328164664976033  0.18960471663981010  0.21514288072782106
  0.23856177254275066  0.25987497472543258  0.27963690822907888  0.29834151978533135
  0.31797497433604316  0.33846487851036594  0.35738742236176957  0.37471355012552843
  0.39149891647455903  0.40745829210028550  0.42339564576851235  0.43925169524845964
  0.45429201623806703  0.46787507358843627  0.48063107523740384  0.49349728328729453
  0.50698596977970012  0.52080265685057869  0.53504098670215761  0.54893121612213769
  0.56244205877095166  0.57490240534776416  0.58608723571499677  0.59612492757385238
  0.60576333662222603  0.61579464571131015  0.62556091704602945  0.63523736785922780
  0.64469086493694761  0.65330250801500522  0.66211793788823115  0.67110957864261545
  0.68112251792481793  0.69101122765073386  0.69998297509725937  0.70830610087548118
  0.71645353433516701  0.72441814447110631  0.73219005206373600  0.74004708590884116
  0.74770268564991083  0.75508109132486845  0.76230348771453682  0.76964187147572916
  0.77697603614669286  0.78376380694832182  0.79044367745273347  0.79734880311426626
  0.80396805933575499  0.81105676298952400  0.81722901093237887  0.82378076630172392
  0.83043563454017744  0.83674770926834030  0.84264434111149888  0.84801755563406445
  0.85290653620386869  0.85756388576547893  0.86212629470479563  0.86681999829418310
  0.87179058415731647  0.87702908749173292  0.88207789275636028  0.88717486216399211
  0.89226001093724860  0.89719931693137123  0.90199667904351022  0.90690146121384363
  0.91185138048071079  0.91650024985026302  0.92106519316252411  0.92550862705672843
  0.92995833640451631  0.93441768725017538  0.93908056147486541  0.94373583840377284
  0.94816490423316369  0.95239916526044299  0.95639233910523269  0.96089767609463517
  0.96575870120871732  0.97015517613851554  0.97429443734928745  0.97856302187065680
  0.98320336612290493  0.98829567638661586  0.99384644721341164  1.00000000000000000
 -0.00244954204121124  0.00939288469814824  0.02045835781057164  0.03218383958686141
  0.04363944286286540  0.05500469596667055  0.06573143258170461  0.07629261940225070
  0.08694423286424741  0.09779774663808054  0.10816012354607796  0.11868818571035034
  0.12833640086841708  0.13824198509488647  0.14755331216140821  0.15743520475120437
  0.16755210007982360  0.17764479778940889  0.18655580991190440  0.19481190440621671
  0.20324118982595324  0.21254479669891041  0.22308339795597620  0.23407711385013064
  0.24505898021559996  0.25511836120106213  0.26471562283978906  0.27459067883863852
  0.28536342722261560  0.29777706160098155  0.31061898206447486  0.32211789948583835
  0.33294315245182682  0.34315937512590355  0.35258162472862209  0.36144623528401454
  0.37035009341155800  0.38048931381461770  0.39197585056948608  0.40335332824588782
  0.41391302994063489  0.42473590851277970  0.43597706352518262  0.44674157744130655
  0.45746457214137309  0.46868039494172709  0.48007561039705171  0.49002305663095819
  0.50009818771152892  0.51012874771138150  0.52062973798303291  0.53037529088403712
  0.54010665129635582  0.55035679322372300  0.56212818637617756  0.57513435835543036
  0.58832868734714638  0.60088480691012480  0.61273616535187991  0.62445590339865686
  0.63682931400536413  0.64897959422241103  0.66006962213550602  0.67063445845469549
  0.68102772302952752  0.69107277390039090  0.70044620454833140  0.70965344112167261
  0.71956124342292727  0.72967051974763319  0.74139762280498755  0.75289230535381957
  0.76367442011203657  0.77428524738892757  0.78494117536750552  0.79586932597266058
  0.80682946632188823  0.81715694176919684  0.82798706301170366  0.83936705008467183
  0.85210148989399459  0.86416376500260983  0.87483793828611300  0.88479377817213112
  0.89463348532107934  0.90454709138719958  0.91427922583792998  0.92410035351685704
  0.93370415501620296  0.94354764705496441  0.95264193863962443  0.96173841563389728
  0.97116017978255920  0.98047827480602978  0.99027596305807364  1.00000000000000000
 -0.00186019045222826  0.00880213077120135  0.01805862549427450  0.02847768304636734
  0.03958750293383531  0.04882230487551381  0.05705458624166673  0.06525101919316625
  0.07406934485300608  0.08242804963502412  0.09042657464791039  0.09817126108359581
  0.10639950076839899  0.11547353386805845  0.12509694733660859  0.13403980974902727
  0.14268324101646029  0.15183170071764343  0.16111502296833632  0.17023342656592050
  0.17927947427105931  0.18958020702942091  0.20176259230679930  0.21362082289425799
  0.22483399223523226  0.23576328292838541  0.24680299380569043  0.25750157544568414
  0.26820635420360611  0.27846138697159806  0.28922457033887106  0.29992201546913905
  0.31100705545485147  0.32269927089851747  0.33439381024461917  0.34490137191135573
  0.35536745789144708  0.36619048492538753  0.37725050869669019  0.38746500376629978
  0.39768097031250188  0.40740700301466248  0.41652851231047949  0.42535575527928016
  0.43435804802357220  0.44413642567012840  0.45377673085670539  0.46289933116791387
  0.47450779016355910  0.48593345093115364  0.49847849346753104  0.51132520093937917
  0.52481829564008509  0.53899994596276557  0.55240028365801841  0.56411021364411862
  0.57541976571161912  0.58605986048010439  0.59589745236198599  0.60616624222242810
  0.61626281740700883  0.62648057737174745  0.63713817466223643  0.64868463350158101
  0.66199039572968499  0.67428272048417559  0.68662789760054654  0.69846107492128306
  0.71011515593262664  0.72078051958434131  0.73136201950277202  0.74214273365216632
  0.75103930818887721  0.75973387929956071  0.76865502832857069  0.77917483913725105
  0.79037103920896212  0.80101499314695523  0.81185153194490289  0.82286036251929384
  0.83259583369100509  0.84166805105930687  0.85044256002996721  0.85987851164826890
  0.87001780719976252  0.88079172028083208  0.89173438319129894  0.90230197235289322
  0.91233887058243635  0.92259478406871887  0.93328381003279792  0.94668945515257807
  0.96035130245753653  0.97408060593370771  0.98727539773060691  1.00000000000000000
  0.37332151427322285  0.61545305660754934  0.65353471551037057  0.68263427872400240
  0.70888003666280852  0.73074833396152949  0.75078165606544911  0.76597655492228101
  0.77962747378563624  0.79185243487325851  0.80285080611971704  0.81325273122447006
  0.82279549126151530  0.83126779934178963  0.83858482275534907  0.84527789626968575
  0.85179993875214777  0.85781637012544643  0.86331733185635329  0.86856877594020609
  0.87374734762009976  0.87852064660795737  0.88315055998206415  0.88756118026054254
  0.89179750476781394  0.89581595950027781  0.89945652452474978  0.90292066746787703
  0.90631982463866800  0.90958250053915657  0.91266948697134787  0.91554470828863832
  0.91814003419425116  0.92047462288769910  0.92282101425592156  0.92512815920786839
  0.92730934405804899  0.92949265679464510  0.93167924091130305  0.93384838719918717
  0.93600622866628824  0.93793713836497328  0.93967411227170838  0.94141418026234513
  0.94313637206048462  0.94476339867367587  0.94629000863644619  0.94771458805255970
  0.94907663396497943  0.95042232839411622  0.95180727528227416  0.95307111239245201
  0.95434599026401024  0.95563306755497679  0.95686059963898007  0.95800965365507340
  0.95909809381627220  0.96016764090414641  0.96116786266030796  0.96217467673588464
  0.96319989921291438  0.96422008641193602  0.96521556255705332  0.96613959214856415
  0.96708093613434876  0.96805739217986198  0.96910394208261896  0.97012925934588701
  0.97110301123891551  0.97202737504835091  0.97292007261204239  0.97380679781473134
  0.97468053824685374  0.97552785313494428  0.97631966443269802  0.97712921761727312
  0.97797233569643283  0.97882607451848436  0.97966480907501852  0.98050447527276630
  0.98143125035270584  0.98232569219661892  0.98317119634542571  0.98397433501510079
  0.98473125591298594  0.98550017704098714  0.98627193010642711  0.98704057786102295
  0.98786519466234612  0.98872612972692853  0.98967513169688170  0.99075506258882917
  0.99199468179157624  0.99354499799458096  0.99595432028272290  1.00000000000000000
   2.5502019291235456E-008  -1.0000000000000000     
 F F F F F F F F F F F F F F F F F F F F F F F F F F F F F F F F F F F F F F F F F F F F F F F F F F F F F F F F F F F F F F F F
  <DiscreteSampler_grid>
  grouped_processes
  1 # 1 for a reference and 2 for a running grid.
  10 # Attribute 'min_bin_probing_points' of the grid.
  1 # Attribute 'grid_mode' of the grid. 1=='default',2=='initialization'
  0.0000000000000000 # Attribute 'small_contrib_threshold' of the grid.
  0.5000000000000000 # Attribute 'damping_power' of the grid.
 # binID   n_entries weight   weight_sqr   abs_weight
    10   10   1.136692198616884E+001   4.183362838652570E+002   1.136692198616884E+001
  </DiscreteSampler_grid>
