  0.00233816957303225  0.01496666227521158  0.02642936380963549  0.03729718281090120
  0.04747204925582250  0.05697616614902774  0.06842962347539754  0.08133963547626571
  0.09196729928777198  0.10203891737540591  0.11109472460895123  0.11983267213072553
  0.12864157285174038  0.13770188165171007  0.14981092942218607  0.16490231194554494
  0.17760123945518255  0.18933026456463431  0.20035276384370820  0.21124739149095706
  0.22298003000585048  0.23539795134300553  0.24763370976845717  0.25926373911088729
  0.27046087816130482  0.28254450956284566  0.29487912142299660  0.30604697244478168
  0.31596889103616127  0.32527089470869813  0.33474682182879451  0.34647354126697805
  0.36060481790026766  0.37658548575915674  0.39115175472063624  0.40371769992044676
  0.41463938498958419  0.42504970608183151  0.43533673667273731  0.44685635346627317
  0.45926381744656175  0.47144101396058452  0.48175895027870153  0.49143526282476607
  0.50165126793127179  0.51324739473189895  0.52488179397854318  0.53660973452166383
  0.54930637200288390  0.56271202712787205  0.57916221606078666  0.59329953192099438
  0.60638179148920679  0.61927627651525297  0.63060655980935754  0.63932105689984331
  0.64864932120926999  0.65839406295978842  0.66828746690494456  0.67646137636658543
  0.68393268303410604  0.69171456730188741  0.69990102411913035  0.70816535529585034
  0.71722683633347106  0.72751360823635991  0.73802657538245420  0.74760490601990159
  0.75617989209433500  0.76497944905562076  0.77475271274087310  0.78474501847354461
  0.79576048672774780  0.80766494152812340  0.81623187478388493  0.82270570054617820
  0.82893116771486641  0.83494132882283378  0.84003495018660101  0.84502534784000527
  0.85091240435293569  0.85811706250672115  0.86550214235198608  0.87266495533755428
  0.88109011109500013  0.89248972839306329  0.90515021931923834  0.91758891456620351
  0.92830094496140081  0.93894073343042084  0.94965103751161983  0.95750792111088601
  0.96480065928426162  0.97209004058529180  0.98390205640122741  1.00000000000000000
  0.00000883013546606  0.00000900809827343  0.00000916355321177  0.00000939256888098
  0.00000966530827867  0.00000997217162385  0.00001030242903314  0.00001064366714614
  0.00001097318298922  0.00001129975078685  0.00001162797518114  0.00001198476420496
  0.00001248164480980  0.00001307093720500  0.00001374165471856  0.00001445522436689
  0.00001518103578039  0.00001600441239004  0.00001713712588411  0.00001827696911796
  0.00001937481754068  0.00002050991068324  0.00002176643636910  0.00002312317736441
  0.00002463521520429  0.00002630816762595  0.00002805011235813  0.00003038533360194
  0.00003299864067584  0.00003569799451792  0.00003858985631401  0.00004166830943211
  0.00004481914145998  0.00004845255035037  0.00005316737016181  0.00005863201562950
  0.00006411513849411  0.00006977286239700  0.00007561982122725  0.00008254683475875
  0.00009053167314551  0.00009996239613291  0.00011024830470883  0.00012178418410366
  0.00013394759212940  0.00014661222432644  0.00016220163688635  0.00017839711071894
  0.00019678133492039  0.00021401138799060  0.00023116585616777  0.00024853100837035
  0.00026845582291488  0.00029293123307480  0.00032225213578267  0.00035871614022898
  0.00039178587413619  0.00041617525070753  0.00043697502749692  0.00046117825208894
  0.00048714017113901  0.00051690343098198  0.00055174266939754  0.00058815697816947
  0.00066517241219707  0.00075912663803209  0.00085033697624926  0.00095230659432650
  0.00106181374534623  0.00117760790645645  0.00130892600531773  0.00144575327695874
  0.00159155135769588  0.00176407879365696  0.00198410324118185  0.00222619927594123
  0.00245788792421035  0.00269600111654066  0.00297243958118592  0.00339395973307895
  0.00384412984577890  0.00425279913261318  0.00474578189011709  0.00535115774894633
  0.00613050896633050  0.00699839994104950  0.00806234527014909  0.00948419892662189
  0.01110929534316177  0.01313713865240776  0.01539282082315527  0.01873129584056920
  0.02343840542527502  0.07592362338806813  0.29300770439355156  1.00000000000000000
  0.00000431962936420  0.00000627536629546  0.00000779271281345  0.00000946878224376
  0.00001138293084571  0.00001332927365068  0.00001583192094834  0.00001962551930790
  0.00002350459004555  0.00002698779025782  0.00003098131544960  0.00003601010312749
  0.00004216104109404  0.00005061269968318  0.00006184702372637  0.00007854666522202
  0.00009918477768929  0.00011755539050291  0.00013667103359444  0.00016391907094453
  0.00019880886250100  0.00024357281330585  0.00029140966958160  0.00034267178180163
  0.00039782423099923  0.00045799299705094  0.00052368812760032  0.00058555540432635
  0.00063277383082992  0.00068323306783224  0.00073534894069242  0.00078817971280999
  0.00084485666295400  0.00091206101090122  0.00101150775935305  0.00111105694724979
  0.00121146160741473  0.00131635057758496  0.00144144081481325  0.00158465485904014
  0.00173029850595208  0.00184916713592529  0.00194826370891256  0.00203397755616995
  0.00212593882544662  0.00222072452770469  0.00232458410969259  0.00245676831961616
  0.00262861070184884  0.00283305405306404  0.00300287348856667  0.00317219114168768
  0.00334762686720211  0.00352681067310234  0.00370389439029167  0.00387648608005853
  0.00406459467386342  0.00427775998547004  0.00448391936129791  0.00466627777256884
  0.00484662674477877  0.00503512575686546  0.00523737058113904  0.00545757089527316
  0.00576311716875117  0.00613097176026357  0.00647217182734755  0.00675989584733005
  0.00699532840240595  0.00725522181290030  0.00755550334248601  0.00794697718527095
  0.00847284499159110  0.00933551043276820  0.01029957886799868  0.01127720086668093
  0.01203197416987023  0.01272542011882132  0.01341384089707620  0.01442899353185277
  0.01593669189368357  0.01783395912887737  0.01945944747406104  0.02058053424133356
  0.02167402007093742  0.02279488797913533  0.02421079163631789  0.02581988516319685
  0.02768857199883625  0.03010318348575168  0.03335487902489463  0.03684155715493203
  0.04034856766376397  0.04387361083936462  0.04893897189989233  1.00000000000000000
 -0.00304676599011813  0.01183093437127797  0.02465309463543307  0.03636514886183671
  0.04682562312263941  0.05624189149174847  0.06491223928909164  0.07380735598295621
  0.08228670419466867  0.09035396161982415  0.09908045961675485  0.10771268979087230
  0.11585196536643987  0.12468843191890984  0.13327126931670666  0.14262147626887950
  0.15035277680314202  0.15693743813848834  0.16344243387474458  0.16919393821885659
  0.17509759891063212  0.18126175871063785  0.18723436672413502  0.19259676524412581
  0.19789754415198313  0.20340438340027081  0.21023011640070990  0.22030571281919240
  0.22938525835135318  0.23805365521741001  0.24566974344330508  0.25314285059606600
  0.25956318760519947  0.26554244156316631  0.27164385218707671  0.27806904867451571
  0.28521812133934560  0.29269159468667533  0.30032446017865794  0.30843125316686471
  0.31581957240513447  0.32267237635240492  0.32971439535596020  0.33754515645926525
  0.34647679511273988  0.35535969263890277  0.36480007590812846  0.37424853134050945
  0.38357270009611488  0.39351911675108947  0.40315171430785862  0.41416422528564911
  0.42413287669509508  0.43364683990622221  0.44335906562657118  0.45341144652678894
  0.46362534099912400  0.47435771859009690  0.48671943827407782  0.49937497031802930
  0.50973037586733994  0.51766415908756480  0.52520713391014384  0.53325699720737119
  0.54117993283651822  0.54965206774804953  0.56119783941913859  0.57271840298931154
  0.58458521587026546  0.59521170631002274  0.60615138660849499  0.61741134775089979
  0.62955004449905849  0.64360891969881773  0.65781148463189731  0.67240427156318283
  0.68632339881710813  0.69840845757968173  0.70793087081170658  0.71713311857490758
  0.72863133022808368  0.74355830630255348  0.76041457080834851  0.77445509515046329
  0.78736772161678958  0.80134215031871903  0.81499418112893030  0.82926381428634588
  0.84367018752096257  0.85936515259626101  0.87920237448116856  0.90756867817448728
  0.93331326157304162  0.95741762755575743  0.97588643978845291  1.00000000000000000
 -0.00269699018955259  0.01141007609685067  0.02326032022149326  0.03644975071433024
  0.04684652463063267  0.05617092613913985  0.06570305228827356  0.07684060224403287
  0.08951469965046341  0.10216664054667633  0.11479908393997378  0.12743804828127556
  0.13920659036357455  0.14854990823734796  0.15655523343285893  0.16407164075374012
  0.16984999284054753  0.17542847515609575  0.18246809713182774  0.18832811461420829
  0.19391288418677727  0.20045749844067087  0.20649520681032085  0.21486855305345093
  0.22510482910339735  0.23492851518350974  0.24559595802001288  0.25652768945358811
  0.26945782526805290  0.28372413023643883  0.29693294175157720  0.30923024260357346
  0.32052061447998703  0.33037415192556341  0.34109019635693405  0.35147696806501494
  0.36105301205282248  0.36939468981178819  0.37839848382555580  0.38885162694471559
  0.39996492164951758  0.40989215255228789  0.42039761877504783  0.43029604493663465
  0.44138075901609081  0.45142603314719792  0.46137009758278608  0.47168969899290697
  0.48048307127009632  0.48888771496440919  0.49741396707958035  0.50798716971108193
  0.51896783785683931  0.53029271527406918  0.54169305686710789  0.55229793536048244
  0.56425897109921042  0.57666515144080677  0.58838350145780605  0.59919917037519965
  0.61030448072590859  0.62276204245118283  0.63464135319079573  0.64729744613593854
  0.66034885189953318  0.67322010365112450  0.68546235603610028  0.69720409065095523
  0.70872307954895208  0.71989645223675092  0.73040031135518235  0.74164197407723154
  0.75351051186296003  0.76671741561884998  0.77937354998019237  0.79286188120933920
  0.80553352830341207  0.81599149153309669  0.82542139027949224  0.83501680362816555
  0.84449990901216931  0.85814584207425804  0.86949384595308443  0.88031986782901717
  0.89164154288682584  0.90314479980057838  0.91461238642598019  0.92608338004142654
  0.93586291818865230  0.94439314090540438  0.95416192518194864  0.96413650881608548
  0.97375102132007396  0.98306453300031515  0.99164524727889813  1.00000000000000000
 -0.00337196336791067  0.01146323154189833  0.02216717018512297  0.03225952852019488
  0.04246115413442987  0.05232570314028643  0.06248870107714884  0.07413380033138883
  0.08550316782532372  0.09794141802354350  0.11031317358648490  0.12078300855758640
  0.13019906428529790  0.13912970417372894  0.14813018570181996  0.15874117044058209
  0.17060673644476707  0.18112173291496042  0.19163519910208773  0.20188471948966119
  0.21367212515558440  0.22575471338350103  0.23390696192584870  0.24118131422480318
  0.24854366483107868  0.25669212065401759  0.26923557989485891  0.28281967162067911
  0.29387613088255610  0.30357505707863242  0.31193763299746996  0.31874348272554687
  0.32468006998560778  0.33058781523901265  0.33751370206413583  0.34599226889342294
  0.35505537991693875  0.36492946128268189  0.37449900048969853  0.38429698338372970
  0.39494521392712922  0.40704358671635377  0.42013430502516508  0.43290734174541129
  0.44603500737290541  0.45932332683080856  0.47003963751919692  0.48108081249952189
  0.49234637943660881  0.50383165788349404  0.51982469478683224  0.53676584671678562
  0.55340409288130399  0.56877632049413862  0.58263480413820656  0.59446912068300606
  0.60610167977113960  0.61659801687885463  0.62804584620203174  0.64072263288715026
  0.65238934719156538  0.66227120956562291  0.67179456856440045  0.68146558241574973
  0.69177067722761865  0.70194135530093082  0.71217030997628106  0.72233480308352827
  0.73118738395720972  0.73791317094560627  0.74503573256434041  0.75234992249860611
  0.75905520226421730  0.76435140242796185  0.77027925653195506  0.77676607939838027
  0.78193579430730131  0.78665005779693331  0.79160715155169270  0.80047290337614507
  0.81109443615651100  0.82439740340182277  0.83933821135621245  0.85474005780617757
  0.86787446504821941  0.88006814435099212  0.89221141553814620  0.90255611226690891
  0.91329350666894071  0.92411277583551144  0.93560057386189355  0.94768360178178646
  0.95999242945263619  0.97395913779661780  0.98744141830520349  1.00000000000000000
  0.00016001816779221  0.00063713840581309  0.00104945879265638  0.00137261735838925
  0.00168466197191665  0.00200428673034385  0.00233754554613704  0.00266757032892861
  0.00298730833841029  0.00327841443111787  0.00359278547292946  0.00392110073934295
  0.00425515351916621  0.00460700575722941  0.00493382740785835  0.00521521512935739
  0.00549832406059190  0.00578263342756339  0.00608515863195091  0.00639522399299150
  0.00672888655149579  0.00706957630535776  0.00739839170638884  0.00772591165192653
  0.00803549608136918  0.00835244593353244  0.00873398609477464  0.00914264073408077
  0.00957161638407243  0.00998637715135412  0.01044085087818019  0.01098250550426638
  0.01157913596802871  0.01216521328465082  0.01272067753411926  0.01323207493607779
  0.01372064164174280  0.01422541903565125  0.01473462311207967  0.01538869334904865
  0.01612741069833158  0.01691842147050099  0.01772292285715505  0.01849335748736913
  0.01922485586009549  0.01996052972929815  0.02053653415868287  0.02124967340300460
  0.02208322895132606  0.02286664014747986  0.02340326683978121  0.02382312764148424
  0.02423171388053713  0.02463606187010086  0.02501435599272596  0.02538049591637641
  0.02588796161013857  0.02659114525037631  0.02747503203018896  0.02833106187926638
  0.02917400015719553  0.03014071945492249  0.03114411288857639  0.03237475071511867
  0.03374986579593135  0.03505508070634464  0.03631685776958971  0.03773827809949964
  0.03956390904017379  0.04167735973966397  0.04394709821252667  0.04510101188565022
  0.04586110925241223  0.04661279012113001  0.04736926900687642  0.04813646110561199
  0.05017224403645406  0.05334373731181177  0.05504591516379993  0.05678941077146073
  0.05864410254100944  0.06080348210805848  0.06417939610256314  0.06869429685234871
  0.07660239800327820  0.08409929876582424  0.09095774096773587  0.09772524760317644
  0.10338950706365262  0.10842733647425735  0.11497914811456655  0.12016020799172199
  0.14054426236437401  0.17298500591790764  0.29488123161468510  1.00000000000000000
 -0.00389635134119507  0.01768303271336164  0.03408259570667803  0.05023049790629339
  0.06388324088823642  0.07769523510581082  0.09425778159009135  0.11035571021237760
  0.12451510861159984  0.13890923191481172  0.15341931925520508  0.16853238148844155
  0.17887734608234993  0.19036356451804068  0.20122876111365159  0.21480482321269564
  0.22438894312120927  0.23232695632775752  0.23951884543801402  0.24681099155326902
  0.25502457485185559  0.26396064305780897  0.27216397832163369  0.28095016731639727
  0.28931521042462460  0.29784544413941444  0.30805382102625817  0.31779624941590401
  0.32713730314819678  0.33624780446258562  0.34505243116447876  0.35497897018401037
  0.36704204587372297  0.37741675201184244  0.38690794371611986  0.39598865860022064
  0.40694005117191029  0.41854262769460915  0.42859464311080631  0.43801493303847788
  0.44740057631967756  0.45736768361420371  0.46884656126686691  0.48000918098893020
  0.48821867231169663  0.49660001526106418  0.50445390051776462  0.51199592578564701
  0.51961590014557313  0.52691413623729166  0.53373097516771895  0.54032332737980737
  0.54815240046517522  0.55591494851516465  0.56304667484995730  0.56810115072224998
  0.57247661754016554  0.57709934341951141  0.58135635563473365  0.58577130058925286
  0.59098178997550987  0.59763722671703201  0.60485263638350173  0.61101643289460528
  0.61606784073079557  0.62089277173973645  0.62849178236508907  0.64024469170531761
  0.65303134270930185  0.66488350232951532  0.67623048057897572  0.68611173127332381
  0.69518358790150592  0.70466347427227360  0.71543399811636765  0.72577813798485880
  0.73515240589239861  0.74494119934377534  0.75666421876563184  0.77222996595294502
  0.78693891526693072  0.80133325278523626  0.81642375912611720  0.83116868697033253
  0.84480965602005742  0.85835945367212163  0.87359967516507453  0.89132193503528567
  0.90486304101808268  0.91552708990816678  0.92632684883024607  0.93909318071823655
  0.95461633558515380  0.97057918923344044  0.98580164500074263  1.00000000000000000
  0.40250252900427796  0.58021403058413668  0.60447645339417233  0.63494281497921579
  0.66254458842690878  0.68477833230878093  0.70285522585943583  0.71955577804953619
  0.73583177503863018  0.75073980356283077  0.76237653883528900  0.77255397980553497
  0.78083161187792904  0.78938045956710789  0.79815172795287370  0.80729911375736318
  0.81610974178955753  0.82478281523294628  0.83314642599985100  0.84085652079077888
  0.84815474127677004  0.85604096933427554  0.86300630847626314  0.86995657600216492
  0.87609567940228605  0.88144862806954416  0.88636736102832503  0.89125275037377794
  0.89614253717936720  0.90100432343008674  0.90567342519562877  0.90939685140867121
  0.91304754127262067  0.91641249453497331  0.91981229200419934  0.92298602376524630
  0.92619067302127189  0.92892855759324455  0.93179690894889711  0.93449180945301580
  0.93710821590539861  0.93973599729747603  0.94229180626985642  0.94494168481100138
  0.94747972051768958  0.94985254297974242  0.95226830221757641  0.95431084185789006
  0.95642319657407060  0.95828178910025341  0.95969639090725389  0.96081787006773511
  0.96195057843860299  0.96296475448198160  0.96405846825727326  0.96527899324651090
  0.96677454796275153  0.96817303292415435  0.96944178391578106  0.97054621840486188
  0.97169060108739957  0.97283649894898605  0.97401470258010714  0.97525907955505953
  0.97653423662802630  0.97779795730419616  0.97901907350986916  0.97983998780653703
  0.98058695563151255  0.98132642011449223  0.98205953495844889  0.98285513087041021
  0.98382658364430964  0.98488076140560699  0.98571149610440223  0.98631730072232404
  0.98687392886207503  0.98735651835262894  0.98785188108699129  0.98837236170192910
  0.98897881803769971  0.98968637948420146  0.99052070765742051  0.99133669831997662
  0.99211672921686545  0.99286756528705045  0.99357261110727502  0.99423759914688725
  0.99488351415403353  0.99549979235842867  0.99610433650035790  0.99670648491356029
  0.99734477267338817  0.99803591879935982  0.99885671782228491  1.00000000000000000
   6.6061238061318196E-007  -1.0000000000000000     
 F F F F F F F F F F F F F F F F F F F F F F F F F F F F F F F F F F F F F F F F F F F F F F F F F F F F F F F F F F F F F F F F
  <DiscreteSampler_grid>
  grouped_processes
  1 # 1 for a reference and 2 for a running grid.
  10 # Attribute 'min_bin_probing_points' of the grid.
  1 # Attribute 'grid_mode' of the grid. 1=='default',2=='initialization'
  0.0000000000000000 # Attribute 'small_contrib_threshold' of the grid.
  0.5000000000000000 # Attribute 'damping_power' of the grid.
 # binID   n_entries weight   weight_sqr   abs_weight
    10   10   9.572149420040093E+001   3.074962703943439E+004   9.572149420040093E+001
  </DiscreteSampler_grid>
