  0.00213037884310920  0.01279519711669144  0.02412704618117481  0.03572497665885685
  0.04630867875001227  0.05551149302454712  0.06392877353407564  0.07308771976493147
  0.08403388050114992  0.09489736474595625  0.10366602370308188  0.11212872504021554
  0.12131775872408172  0.13206508347835000  0.14525132020058634  0.15805847403698670
  0.16965071211233029  0.18033072395697691  0.19019427915112647  0.20009800478129577
  0.21096153191924136  0.22187518039424495  0.23207669373513259  0.24255770685822692
  0.25323367709853722  0.26331825334983050  0.27304371497704671  0.28227931464290040
  0.29332593093991993  0.30532548176062724  0.31775387849243891  0.32960525170326932
  0.34059493117345152  0.35171409094849265  0.36250047278954711  0.37357557701042848
  0.38476921462422020  0.39573310151624241  0.40645456381252082  0.41747224896713314
  0.42941072868917024  0.44183109682278626  0.45358127313753654  0.46371272646630474
  0.47217972592972018  0.48142927028583360  0.49179560098259878  0.50236804590190931
  0.51223581773293314  0.52130657977166472  0.52885619631535674  0.53645714354756613
  0.54414606325597237  0.55329887673830092  0.56360932201002867  0.57350849541512106
  0.58310106668293538  0.59487126141307134  0.60704981856537621  0.61826637701348541
  0.62859925610393230  0.63915935712099248  0.64855278873010991  0.65848322625874656
  0.66919658390639714  0.68187472840832986  0.69419410892448841  0.70476863336546169
  0.71497109037837314  0.72371324357791111  0.73271461696728379  0.74227644437274620
  0.75163878858324651  0.76215502019882997  0.77271172857984927  0.78345806268580032
  0.79442474521296036  0.80591128360255382  0.81599124536037693  0.82447405692547115
  0.83299373371715901  0.84309429691004822  0.85477911190136668  0.86709209046460989
  0.87916697194193194  0.89069933209983432  0.90145720655824380  0.91198386037551138
  0.92332185833672709  0.93441438480951988  0.94504517587832171  0.95602536839835095
  0.96632407102345608  0.97770316064528440  0.98886575561948853  1.00000000000000000
  0.00009160940454615  0.00009253749708184  0.00009357910303951  0.00009479357579778
  0.00009603580899947  0.00009739352132717  0.00009887040093955  0.00010039241582833
  0.00010260365557255  0.00010504938017096  0.00010745562829758  0.00010979867840239
  0.00011234135029882  0.00011486699161501  0.00011792326852518  0.00012127687712963
  0.00012475800018861  0.00012897245942684  0.00013332741452909  0.00013799701419432
  0.00014248386381917  0.00014677326546622  0.00015152127241227  0.00015706368014615
  0.00016271112937796  0.00016828684635822  0.00017405601774482  0.00018061280185134
  0.00018808632531245  0.00019622595195728  0.00020522545524724  0.00021414944925427
  0.00022357288158573  0.00023219145129416  0.00024084425183481  0.00024975628591591
  0.00025911093188933  0.00026910285100686  0.00028038363734774  0.00029292256933496
  0.00030830332170885  0.00032786318005688  0.00034976319168531  0.00036927596739600
  0.00038883606850352  0.00040686799316110  0.00042480774558948  0.00044232086598286
  0.00046272046084723  0.00048938148149443  0.00052074142697265  0.00055694817955409
  0.00059171027732616  0.00062640811466865  0.00066182594965565  0.00069892829307332
  0.00073994200500517  0.00078798671802925  0.00084129786861629  0.00089986514751011
  0.00096295232065094  0.00102882314881258  0.00110174122789621  0.00118334796913643
  0.00127689524706062  0.00138379115376029  0.00149587546523442  0.00161330533547170
  0.00173574291719575  0.00188675160773774  0.00205636028016716  0.00223043709882685
  0.00242445826314458  0.00263677405403268  0.00290608958714998  0.00321482813221654
  0.00358918067750631  0.00401790705468793  0.00449645537222806  0.00502751428407019
  0.00561305019227306  0.00624857783957620  0.00697234752065803  0.00788032692226815
  0.00911257544156575  0.01052106464378839  0.01235162998715363  0.01459160616403836
  0.01679978116529470  0.01988419618373505  0.02515472136750537  0.03344830268674191
  0.05057358445596540  0.11474042019911665  0.63010214285161814  1.00000000000000000
  0.00002579738282830  0.00003370586504629  0.00005653598623491  0.00007384070672869
  0.00009463715142097  0.00011661156956096  0.00013659877340605  0.00015647776863845
  0.00018106894344293  0.00021662227550671  0.00026404898207399  0.00031140405402373
  0.00036215496109086  0.00041919354468128  0.00049448431650958  0.00057931471272201
  0.00067109062865826  0.00076896821213505  0.00087918470418872  0.00101356905493304
  0.00117362741273888  0.00135394421406162  0.00153741580235288  0.00172188220480462
  0.00192067351838644  0.00213807853223194  0.00236057289893861  0.00259409893637596
  0.00285132886774482  0.00315462594322247  0.00351085107913967  0.00387374797160626
  0.00423889114439443  0.00459863500219498  0.00498927725484841  0.00542441140078597
  0.00589151505879760  0.00635521534129002  0.00682132633901375  0.00731019496914277
  0.00784438525659873  0.00841013790990318  0.00898935033772962  0.00960811263521617
  0.01023710309402183  0.01082745208490990  0.01146606638142371  0.01218525323280711
  0.01297297417107133  0.01395809259437005  0.01499099161755565  0.01603498354194666
  0.01711699315685910  0.01814870434584563  0.01920890905113277  0.02021027220154164
  0.02117322209021603  0.02219101307425841  0.02330423141610410  0.02445907051727643
  0.02567001425455881  0.02686583529122187  0.02797328660252725  0.02886662183756693
  0.02973396840153482  0.03058134820367414  0.03139216045535507  0.03230920441709075
  0.03346788006334533  0.03472203954619836  0.03601960397814732  0.03734261406687245
  0.03863652808976674  0.04085766850167309  0.04346575554615494  0.04647282821134181
  0.05013428846559623  0.05493206663819992  0.05933855051281468  0.06449187186203553
  0.06863769685027545  0.07280411698781269  0.07676748394225032  0.08027749813723498
  0.08336234781235036  0.08686189637271989  0.09278955672235108  0.10002686282782533
  0.10884323760181523  0.11849705341420108  0.12817703391683810  0.13395799767803443
  0.14229550110343467  0.15003490372989986  0.31689314135135727  1.00000000000000000
 -0.00162102365905491  0.00658100927662018  0.01317242581932484  0.02030563682642179
  0.02798740292850375  0.03479254586518822  0.04157967720594235  0.04840452606066011
  0.05506547413576807  0.06161018467415029  0.06918338430702546  0.07628027666066810
  0.08345166968382796  0.09045074325300914  0.09735593419637818  0.10395953098997542
  0.11013087043774737  0.11638404886390452  0.12273868799804058  0.13035768142394971
  0.13847141726837445  0.14612408224188100  0.15367575716154611  0.16019804096914297
  0.16669504397953758  0.17328938420775106  0.18010230528516349  0.18805232757799645
  0.19700876642764420  0.20673486739795383  0.21585247918358191  0.22451160984106036
  0.23221093326099362  0.23970372360578956  0.24750588995967907  0.25548770605614968
  0.26311445906360315  0.27070800731825162  0.27804902406723059  0.28606605919451655
  0.29466854250472774  0.30393763726817652  0.31407321309479436  0.32403854405002352
  0.33470258794547680  0.34672969343674442  0.35849753731710116  0.37028202748923239
  0.37995027175747559  0.38867453156776877  0.39711162677003203  0.40560241976912415
  0.41616195758293328  0.42739371475599713  0.43733152645510182  0.44623326180355671
  0.45520206560289866  0.46377128678928936  0.47204880957623169  0.48000082207127287
  0.48786482090674410  0.49546409594345781  0.50382035083996479  0.51067351800473171
  0.51740675641850364  0.52518188524917309  0.53509919241006809  0.54568316850459442
  0.55578717906344288  0.56589840677724912  0.57716878973907493  0.59043153516286562
  0.60547683653757112  0.62082881552595737  0.63638117619481405  0.65150605771152714
  0.66728613380327362  0.68332030176268788  0.69831903983794918  0.71135242661101861
  0.72381130459680865  0.73710861958410734  0.75175268771535575  0.76791419882327772
  0.78150820526828391  0.79406962432896355  0.80692889256170997  0.82666021965526715
  0.84674438756667303  0.86509550099486587  0.88184821561074656  0.89718992848555223
  0.91659854216996706  0.93914151466666851  0.96465131259647829  1.00000000000000000
 -0.00335219506124874  0.01276542483701311  0.02556569121646977  0.03638988629429309
  0.04624825240381535  0.05494682435283138  0.06433800697664706  0.07455441014631281
  0.08478555195380291  0.09428905277635972  0.10380566396306937  0.11374268920692275
  0.12410837337595304  0.13602604971413057  0.14848455735024924  0.16057858724622731
  0.17242957559529870  0.18450432245348070  0.19641468539946538  0.20839640791235833
  0.22035238510372654  0.23050108047338411  0.23908888950612359  0.24699474840966051
  0.25479997005945870  0.26440930832365478  0.27489938527003310  0.28503563424248063
  0.29502964088629663  0.30528604648525254  0.31615445366794409  0.32747733595939765
  0.33824528570677176  0.34750940013508980  0.35639829502618120  0.36577655750326277
  0.37536065331385432  0.38626189172083764  0.39570709568252022  0.40493023317262633
  0.41356785461378354  0.42209889311237714  0.43156893250355333  0.44306701614697730
  0.45679088243483862  0.47019915622772468  0.48323150088749761  0.49623422892591612
  0.50893697080923794  0.51967730886831864  0.52902257107997042  0.53883768940722676
  0.54868502506565853  0.55813634018800840  0.56707777644936042  0.57631349264406040
  0.58673140086055042  0.59946956716576372  0.61110246449951455  0.62115527911574997
  0.63014749331302178  0.63980440484822720  0.65200561547436331  0.66614831582834422
  0.68137581367774203  0.69476960331765214  0.70697615037755401  0.71854126771089355
  0.72987277335354706  0.74104484735582232  0.75123503527324076  0.76253378634657132
  0.77329218252239995  0.78312769941390714  0.79288544678232320  0.80189774234183520
  0.80997557294173705  0.81787790799326998  0.82588320347257005  0.83520702387418733
  0.84613421063300676  0.85784653668630229  0.86993007172779913  0.88024350710805921
  0.89030964777059163  0.89963990347272671  0.90995954218091568  0.91998246338512646
  0.92858803887188335  0.93691114973364786  0.94568404105356418  0.95575579227255847
  0.96642699783444719  0.97680677101613844  0.98768050077332659  1.00000000000000000
 -0.00239678468845330  0.00890911191707866  0.01922782122083533  0.02971743749698860
  0.04093556046836144  0.05244489690752199  0.06518586393036503  0.07903535340845394
  0.09144824280609841  0.10172650582164874  0.11092583115418825  0.11990394319209544
  0.12938190499098554  0.13845172668435521  0.14739517834932367  0.15885372961206945
  0.17157752406160673  0.18484594047043404  0.19487243118926825  0.20489436148653986
  0.21409090206783446  0.22382806857782517  0.23366683881128464  0.24398796611348073
  0.25317268758371697  0.26315884315118721  0.27206742105288895  0.28177440994376907
  0.29232553910105091  0.30312862862398576  0.31459436868075108  0.32645961027746323
  0.33846302389135746  0.35159544860810610  0.36547924934558351  0.37805553176483070
  0.38857839270648481  0.39798422829621843  0.40630600541290662  0.41363293116951727
  0.42111370766201800  0.42895652373766530  0.43773551344580447  0.44697146803553633
  0.45649736039241307  0.46728924294232116  0.47939230982276043  0.49162421701786740
  0.50391872782133018  0.51543569269787559  0.52558522537321695  0.53546645676005888
  0.54577245569130250  0.55840313719201662  0.57210197797809037  0.58425196798460133
  0.59452260756105968  0.60397266481344547  0.61432134097317836  0.62517360700750824
  0.63432520816888893  0.64256744913145425  0.65080937756340640  0.65955113795847731
  0.67183849624734127  0.68253177390023989  0.69364619420368834  0.70471078681874344
  0.71541795118423279  0.72637520925526700  0.73764291687389638  0.74743719099364803
  0.75565136700392421  0.76275256126276736  0.76970473034957121  0.77751378383610981
  0.78668494413541035  0.79746776526113250  0.80867660590847934  0.81961022611632062
  0.83121643385276855  0.84401279814461039  0.85822047148008374  0.87003712534048083
  0.88066780152460089  0.89093925979326827  0.90166537975274852  0.91232571766012305
  0.92344299037864286  0.93494905163966180  0.94595260093478573  0.95718123452369186
  0.96767797517430765  0.97821727581059459  0.98880410559059972  1.00000000000000000
  0.00207626361809631  0.00295855596093274  0.00384084830376918  0.00472314064660562
  0.00541535067823579  0.00607726060251035  0.00683662203377436  0.00800006153529363
  0.00915093068438868  0.01027369771176186  0.01133341351044306  0.01236570809601053
  0.01338686255095205  0.01439925659654261  0.01542087801567320  0.01646021693054988
  0.01753217313815904  0.01865175808982161  0.01979595105218295  0.02096272328259682
  0.02215139552961090  0.02338430330566877  0.02451660137159978  0.02557645296001346
  0.02662097652317917  0.02764492008204181  0.02864741069255988  0.02978848280502653
  0.03093794706902237  0.03206004852541250  0.03314287963828424  0.03424310941381126
  0.03537030693845204  0.03657126863026546  0.03781951629726916  0.03902376134530147
  0.04018835386882757  0.04149820488925884  0.04297854358617269  0.04453050927906425
  0.04577727768860256  0.04696201786548884  0.04825276967444903  0.04977144241084864
  0.05170228720604697  0.05378904770191431  0.05602912647472525  0.05840553832056523
  0.06082981086537562  0.06334763309651707  0.06606918633305352  0.06814121211473750
  0.07027084232252652  0.07244506305078410  0.07445932333021658  0.07742902221909709
  0.08058465362810796  0.08325494166199331  0.08535630649091772  0.08721761390544212
  0.08908147982090443  0.09097958599110699  0.09342750674174799  0.09584568275951416
  0.09781053585480591  0.09959813100279874  0.10124860441546621  0.10301944243485597
  0.10500495052333629  0.10733874298001063  0.11331065315236680  0.12026609522006824
  0.12649629144955518  0.12985513345624361  0.13215981421550238  0.13451121093212084
  0.13710077192459014  0.13969439753053459  0.14198867960339365  0.14411893549660065
  0.14610846286243573  0.14950234018264241  0.15354338129840592  0.15722923208452094
  0.16133736785273181  0.16682290334519781  0.17288274234654741  0.17608238564180520
  0.18023415565002537  0.18426141299181154  0.19398745427079886  0.21456678415798836
  0.24002827649960307  0.35857448797626457  0.78912489895912352  1.00000000000000000
 -0.00363464342088226  0.01990704800865263  0.03676826663802957  0.05211989157006063
  0.06508101899351199  0.07742274574947247  0.08926879552593173  0.10161537823890139
  0.11425365053165405  0.12676596127011544  0.13907418793042320  0.15222091695033590
  0.16638065288612089  0.18067420068288750  0.19387972420365143  0.20647065988799584
  0.21752979530352839  0.22810243009083483  0.23917087566463227  0.25047842676917725
  0.26216626998379700  0.27329805310565347  0.28353379971315762  0.29348025470793071
  0.30316914097514913  0.31231354085556295  0.32107048360312751  0.33052643670616888
  0.33940398607074118  0.34771847138754203  0.35522816690867853  0.36183970393572878
  0.36851872231266219  0.37583952263311465  0.38445140626292218  0.39597727991165149
  0.40668423177518798  0.41557915955451147  0.42378035412432141  0.43218168765942661
  0.44123041454309808  0.45003419366693881  0.46002514635283132  0.46967361528144774
  0.48027976592467064  0.49093229551594875  0.50090987541549981  0.51068584823659513
  0.51995584389807836  0.52924033733772657  0.53917643434441964  0.54702917059214795
  0.55460461639087377  0.56273123619931520  0.57193508989503361  0.58060657206936206
  0.58802927237731450  0.59407668595068408  0.59962790330332061  0.60535534752486497
  0.61165931874740964  0.61973730503379909  0.62887775164496684  0.63824894250530373
  0.64664417296727905  0.65377470300831020  0.66112512926608169  0.67024874659560474
  0.68174934718766178  0.69257349312580185  0.70151093806538700  0.70981086092596279
  0.71845342570343240  0.72784455924301850  0.73778222001521931  0.74797955694577345
  0.75875630078073442  0.76962059420695039  0.78039899734647133  0.79113513790930146
  0.80239610886138923  0.81444428349801212  0.82573556498803946  0.83514434394503501
  0.84545310618832026  0.85685686060747923  0.87063433046858640  0.88589002960774088
  0.90274963388197826  0.92129890557896976  0.93893293590272087  0.95257610805129744
  0.96479201962319150  0.97590334103221132  0.98767360642352231  1.00000000000000000
  0.19076071749784418  0.57062217442128971  0.59178217520309273  0.60947987399699965
  0.62346781116750671  0.63789961783765559  0.65389605833484432  0.66865827927005683
  0.68106657784371860  0.69197045595255013  0.70308721134312446  0.71378183708409504
  0.72416813241886180  0.73417221325154813  0.74451535114444567  0.75450120868122450
  0.76374994918902117  0.77242283668562561  0.78084998076157885  0.78882263824323662
  0.79597047598163762  0.80285108602721511  0.80962893122795720  0.81604077165741551
  0.82174185793898735  0.82762830559576483  0.83332432901597120  0.83826647409244204
  0.84271834074459362  0.84661652246666685  0.85060611310787659  0.85440234079254629
  0.85848530390435795  0.86240406452148766  0.86647138140327074  0.87056696059268723
  0.87414320312237404  0.87750695876771023  0.88080677518861916  0.88388541243054441
  0.88729320892413310  0.89044994800735366  0.89347625722549462  0.89639369832215265
  0.89899515895991866  0.90172350167157012  0.90445795128948414  0.90716225563730979
  0.90986836227427970  0.91258975480658278  0.91537332952164130  0.91814609125912117
  0.92085547888890062  0.92346193521619901  0.92583699713115819  0.92825349431520232
  0.93072574248677986  0.93331123215472533  0.93569848888245233  0.93774242618198045
  0.93955113543242375  0.94115509391256025  0.94279962254032512  0.94458880713552573
  0.94647657606732838  0.94826464800903143  0.95004562512618218  0.95181924075706537
  0.95359353060934482  0.95545853673469983  0.95741930091471306  0.95925671620113817
  0.96095671458757459  0.96253893225582854  0.96403304350040575  0.96550137086681864
  0.96695170472795600  0.96834717279497073  0.96970392488317314  0.97108816449981261
  0.97270382006553124  0.97430480495049532  0.97577849415731410  0.97714500827270168
  0.97845437064252250  0.97976878200622353  0.98106080996816969  0.98234384557876175
  0.98361899123281893  0.98487981759133636  0.98623919010528260  0.98775130059391192
  0.98953488068584350  0.99173980372862880  0.99471551918681400  1.00000000000000000
   4.7733953281324021E-009  -1.0000000000000000     
 F F F F F F F F F F F F F F F F F F F F F F F F F F F F F F F F F F F F F F F F F F F F F F F F F F F F F F F F F F F F F F F F
  <DiscreteSampler_grid>
  grouped_processes
  1 # 1 for a reference and 2 for a running grid.
  10 # Attribute 'min_bin_probing_points' of the grid.
  1 # Attribute 'grid_mode' of the grid. 1=='default',2=='initialization'
  0.0000000000000000 # Attribute 'small_contrib_threshold' of the grid.
  0.5000000000000000 # Attribute 'damping_power' of the grid.
 # binID   n_entries weight   weight_sqr   abs_weight
    10   10   7.061784322902000E+000   3.394757647632333E+002   7.061784322902000E+000
  </DiscreteSampler_grid>
