  0.00369632579330439  0.01010902214168963  0.01955660367196514  0.02945528340146102
  0.04068515384390702  0.05242579343708638  0.06377042013122840  0.07429755434661058
  0.08492486961200392  0.09616120829836872  0.10799275318212528  0.11942028128584720
  0.12964601657424668  0.14090061265322176  0.15185987086091191  0.16312643570360330
  0.17436578698877611  0.18503345984027067  0.19523105664946180  0.20498823138076810
  0.21510364767414991  0.22453874372544783  0.23392961528845810  0.24332455615726575
  0.25380109929851824  0.26542468511377565  0.27652315114124459  0.28681608728600405
  0.29635310354961031  0.30538657971258210  0.31456695980778321  0.32463711432022119
  0.33584518916184369  0.34717165551404855  0.35831920334935952  0.36954649091501440
  0.38150135557480935  0.39411134619892485  0.40626809602000041  0.41753515115511231
  0.42913749913607341  0.44077324193602807  0.45270267133674758  0.46394176849310442
  0.47474333201467622  0.48463126749649915  0.49454888070040398  0.50515401941123106
  0.51394857162964869  0.52213212042850576  0.53030650335065155  0.53925344962004251
  0.54930794914525449  0.56005986991173617  0.57043252325015947  0.58077623981403659
  0.59175560458560594  0.60308181285811291  0.61409664048014756  0.62505231968764818
  0.63664417926353900  0.64923947265637560  0.66168997177328681  0.67324806278378690
  0.68364139787384304  0.69379330817441154  0.70405789674366281  0.71445015551034607
  0.72493274780874872  0.73472134320932780  0.74414574019329838  0.75380562108044802
  0.76366228656977386  0.77373763356761172  0.78451868620192888  0.79481699762923896
  0.80576088030642612  0.81658012004457103  0.82829822749366078  0.84008613216978512
  0.85150309332452445  0.86222175315156746  0.87312128332623040  0.88488594268134435
  0.89604575430337885  0.90724333616425235  0.91709411933125984  0.92700569563102098
  0.93732717335226756  0.94866362450766040  0.95980315473209132  0.96987928939038692
  0.97917323825337577  0.98675361612189993  0.99361553807938185  1.00000000000000000
  0.00009414576921385  0.00011603004874005  0.00013489419576576  0.00015666001761231
  0.00018690209986984  0.00022756847233735  0.00026993718669977  0.00031117082813279
  0.00035571848660700  0.00040559543292415  0.00045877926797745  0.00051405712814803
  0.00057778565012360  0.00065241159577483  0.00073178876718655  0.00081494714321730
  0.00090824287313273  0.00100906223121753  0.00110262070839535  0.00119384970214013
  0.00128889089673162  0.00138401314671710  0.00149922296422509  0.00161920838626804
  0.00174627266466083  0.00188547685191899  0.00203514184537544  0.00218911637249032
  0.00234207201589232  0.00249405247567272  0.00264769304574453  0.00281587521285803
  0.00300362791647668  0.00320556081398270  0.00342831314241689  0.00365628772126986
  0.00390041319851971  0.00416582080077978  0.00442800636959634  0.00469329909320651
  0.00495549864021522  0.00522270250101863  0.00550466722471379  0.00581011935829425
  0.00614039825660898  0.00649330323783265  0.00686333158695265  0.00723791969777568
  0.00764038254761261  0.00814258701340212  0.00863108722349853  0.00916652560568469
  0.00960018734711958  0.01000908214659217  0.01043183702107130  0.01089843120929903
  0.01142601928184479  0.01196336073767564  0.01249257951519244  0.01305984953791483
  0.01379467310332882  0.01472929758585460  0.01559259240653477  0.01645338782175697
  0.01734499397516057  0.01829569000867818  0.01932765719865135  0.02052764052308030
  0.02196240222305161  0.02341707942765316  0.02472008746399408  0.02594624172826563
  0.02735982109200513  0.02903464750381757  0.03121787673853865  0.03336410720957367
  0.03544719422392316  0.03770559538226281  0.04033363820527077  0.04336332865035096
  0.04675733837917988  0.05111268608296739  0.05589709112727787  0.06165369194484933
  0.06773311330886214  0.07357897754094531  0.08030527721161512  0.08796492493611055
  0.10101847126625751  0.11439135654395909  0.12644238025699880  0.14188855862670416
  0.17071336764478506  0.25822776192488867  0.32183373788522934  1.00000000000000000
  0.00007708169506613  0.00008209158028558  0.00008530788658429  0.00008817735528016
  0.00009137542882275  0.00009495226634988  0.00009885106968911  0.00010309849461602
  0.00010738874166976  0.00011216517358210  0.00011808918668398  0.00012499436014051
  0.00013290275037985  0.00014157659504843  0.00015065820752726  0.00016107575840775
  0.00017260209377462  0.00018412494596820  0.00019792873304264  0.00021287660091885
  0.00022930902105091  0.00024604165911641  0.00026327270213057  0.00028099639138145
  0.00029971130510385  0.00032030085767599  0.00034283166742792  0.00036637542504699
  0.00039018209469288  0.00041717944151680  0.00044768703384325  0.00048002125647584
  0.00051566180938628  0.00055449826790872  0.00059488220514138  0.00063790770710532
  0.00068402254677050  0.00073275966849492  0.00078017235790098  0.00083121970413191
  0.00088486683009976  0.00094199328754758  0.00100179238604108  0.00106699722829566
  0.00114125029183292  0.00122681867558722  0.00131693291201036  0.00140715669062167
  0.00150175718560209  0.00160260894383409  0.00170773470310708  0.00181675083448976
  0.00194889417653892  0.00209040175553671  0.00226360629935908  0.00246218395313838
  0.00266761007128430  0.00287395458903904  0.00308739886181669  0.00331784061177420
  0.00357871811481014  0.00385786533013295  0.00415807479482639  0.00448476814383165
  0.00483823578758905  0.00519383755759941  0.00558691451887738  0.00602523987720422
  0.00652704343295999  0.00707541470981719  0.00766914497480187  0.00839433009064251
  0.00910880689561525  0.00985350037151539  0.01072674763647236  0.01167390739819543
  0.01260959818186176  0.01351250622995633  0.01461344023988370  0.01586585720780201
  0.01751734392769987  0.01953614695069562  0.02192829018095037  0.02449687862076955
  0.02737313377905258  0.03084304235624030  0.03462455515565902  0.03818582493174566
  0.04285115920636632  0.04962461602693670  0.05899364756537894  0.07232228855760067
  0.08432422259682751  0.11712638572929382  0.28020894554729076  1.00000000000000000
 -0.00350153152686589  0.01385830436936641  0.03048558345859029  0.04447384020116892
  0.05942093174374982  0.07218940629950100  0.08537341466726306  0.09707464859147079
  0.10924214487400427  0.12222407287246709  0.13496715825691818  0.14777578973967939
  0.16195546809257297  0.17729249270346417  0.19317420696999962  0.20699452067869639
  0.22198599375446776  0.23548487890080877  0.25033054933684973  0.26614551015807214
  0.27844780454559631  0.28840081512426230  0.29867895187631543  0.30980893437475360
  0.32111146543829139  0.33367987049810782  0.34762602111703472  0.36043946306705316
  0.37183126728113647  0.38379918988082262  0.39620259641598271  0.40920027984383783
  0.42278333503888343  0.43582807216670139  0.44764127862208042  0.45787741525699671
  0.46700117692425308  0.47547068206275006  0.48354732047557542  0.49138494802085597
  0.49978128930347099  0.50945673726760576  0.52027993476688283  0.53158620042525850
  0.54333005658849431  0.55544993993537528  0.56721648515439826  0.57848098427090355
  0.58940639446452114  0.59923348089375994  0.60916447714427990  0.61963083453220691
  0.62913796798790400  0.63737654944881372  0.64502758289256357  0.65309047222466909
  0.66184037204699653  0.67091811244202371  0.67947369519644552  0.68768189183980155
  0.69655470267857300  0.70438003222289802  0.71168605777111771  0.71915170696379305
  0.72769446016450001  0.73747571420518065  0.74669509601226491  0.75548215564256305
  0.76430475964957278  0.77329121451157357  0.78243302419106653  0.79168977071650648
  0.80069446293202173  0.80937569211655147  0.81818818590143594  0.82749562968999724
  0.83712434025408866  0.84621845283517516  0.85511633135857468  0.86389819661791456
  0.87262438962117794  0.88061216683387145  0.88779264966569771  0.89545759215723475
  0.90481222018586804  0.91506020012730516  0.92358191484999697  0.93156339526171994
  0.93952968366667311  0.94718110249832188  0.95473923375290348  0.96263550897162997
  0.97112449843151427  0.98054923197726040  0.99051330913466828  1.00000000000000000
 -0.00203753921543386  0.00834586819028665  0.01723341918248033  0.02698839466476769
  0.03639759709680022  0.04590226923684385  0.05619476696194424  0.06707292236456590
  0.07709524822635308  0.08635713810052328  0.09615953035428761  0.10653557337264874
  0.11629927313006384  0.12570849956720442  0.13536058950980390  0.14449250079029191
  0.15398817465300738  0.16425990087796238  0.17477217025332409  0.18551456414910789
  0.19591658597250317  0.20616894297412591  0.21711602459017187  0.22820384342877906
  0.23853143152716666  0.24947997780620851  0.26020928816139161  0.27080496184883862
  0.28144624669531709  0.29270784086478863  0.30478121160470822  0.31754119881146470
  0.33015517678380873  0.34341534102815663  0.35648526822277060  0.36837087389938306
  0.37928095896079306  0.38994272190800866  0.39980424843977785  0.40852166250303729
  0.41725991699180942  0.42567998925005845  0.43440588869126506  0.44388451277797669
  0.45263364163767711  0.46192885056235666  0.47229638638015625  0.48317282312997500
  0.49425744065962729  0.50524118917721939  0.51626572934547732  0.52757400842937685
  0.53971971381313111  0.55106857766109307  0.56289165802777907  0.57337913170914767
  0.58420756702618970  0.59527269393140281  0.60747785362618634  0.61794043478106420
  0.62894572298184304  0.63975144672387796  0.65045639061856697  0.66095221177470731
  0.67156014643973516  0.68198364871673345  0.69128481178012824  0.70019456805615976
  0.71061310063559757  0.72185560933170168  0.73297557104818978  0.74327462997573801
  0.75406240688069159  0.76386908952527577  0.77350767483478888  0.78271013920971433
  0.79332032205929637  0.80475422378660855  0.81705428285759574  0.83028255111924343
  0.84301543231003295  0.85570332939695892  0.86633528039097474  0.87702781784664008
  0.88661544522126823  0.89601305610418258  0.90576042580002492  0.91530678808759458
  0.92389107865628839  0.93281500951619978  0.94258387217898221  0.95410382317871401
  0.96558525867529665  0.97724961291393098  0.98858762313453463  1.00000000000000000
 -0.00206986979828800  0.00826965175193078  0.01710051346551268  0.02708314510546953
  0.03789838934113818  0.04855926440497994  0.05824743536625502  0.06744794011412937
  0.07598407125679124  0.08404298109115627  0.09261565240874026  0.10212808555011008
  0.11392999509649891  0.12709653883004066  0.14053553961262713  0.15197955081553710
  0.16251338900098614  0.17262472307682308  0.18244989675228601  0.19273385610801835
  0.20213805959509751  0.21084896463664848  0.21846889615310824  0.22610296205580283
  0.23355575651485608  0.24200408797049669  0.25075315122776781  0.26190397681149380
  0.27203587198896317  0.28369194994668034  0.29356251832738189  0.30394656482893212
  0.31396821663383007  0.32479246155302227  0.33513870710749133  0.34495204774513488
  0.35426302825350980  0.36368737803893286  0.37363285984256994  0.38447540890065784
  0.39678556780429797  0.41021339288488151  0.42351677474997429  0.43456103202051505
  0.44527339788240106  0.45553980238688763  0.46529369534768594  0.47471624007091662
  0.48384436701670885  0.49271288106810135  0.50271117890373695  0.51387657453457436
  0.52566478031829678  0.53753616984954733  0.54892901179175091  0.55951534030015848
  0.57011864323126182  0.58137313334132068  0.59369230391579464  0.60611209837538815
  0.61770338828947646  0.62831979036331354  0.63818565215025447  0.64823253472651299
  0.65878309996184559  0.66876455114467537  0.67812667044783193  0.68785655461286488
  0.69817777248742585  0.70860062995639983  0.71943407649013469  0.72959677839309078
  0.74101583663763337  0.75198707187768632  0.76360139060639431  0.77528064174387401
  0.78745429219377394  0.79742605718138682  0.80753454333645236  0.82011807275562798
  0.83367626188062449  0.84674238037116534  0.85825662495038468  0.86831289889541419
  0.87939956953026799  0.88971261558881332  0.90013738337566440  0.91028581469834446
  0.92059896620697779  0.93229935284437060  0.94369860116905568  0.95509984608283671
  0.96596185743346030  0.97710442275086973  0.98836814352347913  1.00000000000000000
  0.00192656477282771  0.00649794570762813  0.01151328196546238  0.01627422117184948
  0.02054881136888031  0.02434693812568050  0.02795495005302041  0.03171747333098694
  0.03576540839857821  0.04001044936867101  0.04408243243296782  0.04805560229371603
  0.05198273314789421  0.05583509441995117  0.05965241864604615  0.06319462417267185
  0.06652930882546779  0.06989098432184268  0.07341252345407456  0.07684973800480241
  0.08048792565306144  0.08414140692406810  0.08780368163210878  0.09147333090137999
  0.09505924846693774  0.09857040701237681  0.10215625831515418  0.10567659779156625
  0.10919439220607101  0.11274334491048855  0.11632157269418614  0.11981323927588354
  0.12338087451941245  0.12729331597761717  0.13132716262589861  0.13525413364824682
  0.13903988647819568  0.14280027945860937  0.14665113472223160  0.15053793248340797
  0.15431041700942857  0.15795065731996602  0.16159230884879125  0.16538844798720689
  0.16945183781510131  0.17343503118391035  0.17674618792588967  0.18013179287803863
  0.18366504014141657  0.18738165231120657  0.19131453295854392  0.19532643255279447
  0.19929347310318968  0.20330189050404035  0.20739180521483019  0.21181814579941471
  0.21634266105495395  0.22090563250982209  0.22553002303969857  0.23030150639936864
  0.23410173527345865  0.23849169993575323  0.24224412690466632  0.24649694491227248
  0.25118724400684866  0.25633934668689162  0.26154251166935083  0.26726649785377132
  0.27374045701518612  0.27927343821957051  0.28444621754532318  0.29039375362706787
  0.29830287518940551  0.30760410556475326  0.31493790666986021  0.31953205789913908
  0.32413476878017078  0.32986886189338027  0.33638037127465786  0.34280232094357588
  0.34923954149452763  0.35576006286075262  0.36256321052568491  0.37808958250685898
  0.40102928719762210  0.41476166207550225  0.42561717687689604  0.43283104964691477
  0.43959594440144717  0.44731863341199091  0.45407093886291172  0.46268307026155592
  0.48288889625269671  0.50271133700313320  0.63846593795178286  1.00000000000000000
 -0.00300598698080445  0.01527747022481380  0.03203833348919539  0.05006438011008175
  0.06697050553146110  0.08248552679139604  0.09792807295860062  0.11496252600185870
  0.13168115560960564  0.14760162751135464  0.16466118081437695  0.18136587027322490
  0.19705667716253533  0.21153363850165846  0.22542507018014185  0.23789934376867691
  0.24854415109772390  0.25837077454008001  0.26886856332625153  0.27893064320868494
  0.28771594300093634  0.29643740875080882  0.30399974171129113  0.31305496254744342
  0.32218607673362193  0.33176817051369212  0.34160913057490022  0.35108932980434121
  0.36103488467990180  0.37139787988077705  0.38171879446894857  0.39190687801826551
  0.40127642594750818  0.41017025172940763  0.41809615561369756  0.42475629668611803
  0.43147642359369426  0.43813702360583801  0.44442408995487559  0.45058417516333932
  0.45672604786058069  0.46331298149028094  0.47015726367286587  0.47653165455776558
  0.48279327757238777  0.48894965343059549  0.49523962785712605  0.50177855135701332
  0.50894565638240274  0.51675065615363791  0.52416248878116944  0.53050239625022266
  0.53681988110402323  0.54333427994771888  0.55063173468072812  0.55790550262956029
  0.56542063418493294  0.57309244664543246  0.58101278108880472  0.58975878731609044
  0.59787206824725458  0.60535735789202050  0.61248985824700264  0.61947647565276942
  0.62685829298280960  0.63464116714300789  0.64228659855411352  0.65004320677718508
  0.65750752375005794  0.66615616437596359  0.67523615377632895  0.68314823068778796
  0.69080824610255620  0.69871334286827180  0.70739286771417842  0.71700136837887651
  0.72797105247967686  0.73967087556016109  0.75141002250307865  0.76369920756140874
  0.77677235060038663  0.79049363128379702  0.80353218602093113  0.81720832778144925
  0.83007553643357690  0.84461305216230120  0.85994921232227772  0.87666222470495903
  0.89318111155501079  0.90990147999925342  0.92624823985319038  0.94062074831957920
  0.95458711706400212  0.96910151769362629  0.98461466139053544  1.00000000000000000
  0.19258580956547205  0.57431299093128652  0.63693514497873083  0.67784691321616286
  0.70921111500437539  0.73620948908503792  0.76014317369709583  0.78062676162629718
  0.79803880957573847  0.81395829257821850  0.82808577327287725  0.84006636821634029
  0.85069316258045335  0.85994323765623870  0.86792642212352100  0.87529649963689549
  0.88183052299210074  0.88853792544834020  0.89506282858752184  0.90074794536203873
  0.90572394840740678  0.91023624425920724  0.91457925914118676  0.91857030727431588
  0.92199054744016029  0.92523813973169045  0.92856223719558284  0.93192657180274852
  0.93519517486654447  0.93796760360581144  0.94026409158834134  0.94248661410356327
  0.94475644248351431  0.94700475077697865  0.94912045544751877  0.95102863507155877
  0.95280453139700449  0.95454463661044553  0.95629052808115267  0.95802114796591376
  0.95946002784968598  0.96076310668359921  0.96201800869038756  0.96323826212451946
  0.96440881453316896  0.96547623896812362  0.96648207555313104  0.96745462220247602
  0.96839702494965285  0.96941441454846600  0.97042090831432504  0.97136864233978149
  0.97230371972181606  0.97323737659415932  0.97422399942212490  0.97517639339586815
  0.97610350907789323  0.97697903294829247  0.97780180048988530  0.97858518450751375
  0.97932955585457182  0.98000960627832778  0.98068307016774126  0.98134286254348846
  0.98198728108077538  0.98263511771181622  0.98325995222922502  0.98388115722897751
  0.98450837924419266  0.98507024551447298  0.98557804574062158  0.98608933869827275
  0.98660532486138686  0.98714770649728245  0.98771159323928559  0.98823975472055248
  0.98875196119525188  0.98925720758790781  0.98975673998890712  0.99024655817771734
  0.99074755373446921  0.99125915791626773  0.99178968852791116  0.99229616804787102
  0.99278893467983353  0.99326301898418845  0.99373568965540893  0.99420942549425861
  0.99470752887730385  0.99519621530904856  0.99568501978123791  0.99619437138832456
  0.99679686248786259  0.99754233007379756  0.99853824711164230  1.00000000000000000
   9.1874338950119855E-007  -1.0000000000000000     
 F F F F F F F F F F F F F F F F F F F F F F F F F F F F F F F F F F F F F F F F F F F F F F F F F F F F F F F F F F F F F F F F
  <DiscreteSampler_grid>
  grouped_processes
  1 # 1 for a reference and 2 for a running grid.
  10 # Attribute 'min_bin_probing_points' of the grid.
  1 # Attribute 'grid_mode' of the grid. 1=='default',2=='initialization'
  0.0000000000000000 # Attribute 'small_contrib_threshold' of the grid.
  0.5000000000000000 # Attribute 'damping_power' of the grid.
 # binID   n_entries weight   weight_sqr   abs_weight
    10   10   4.637410525890746E+002   6.640282426841295E+005   4.637410525890746E+002
  </DiscreteSampler_grid>
