 -0.00248539664130868  0.00947306232475922  0.01969308708879828  0.03079840572662398
  0.04176378026336602  0.05224224673116330  0.06242997006158152  0.07238753489231549
  0.08260317680825623  0.09274579121190264  0.10253532236091271  0.11244270743242528
  0.12212087972894922  0.13218629678673377  0.14262175885679676  0.15304187983810688
  0.16334257071668823  0.17349007484970744  0.18392540984783320  0.19438197560539935
  0.20496196745882000  0.21537327759359096  0.22569890303493217  0.23614017733427387
  0.24664560176135003  0.25745060675192127  0.26803756272435203  0.27872775163474844
  0.28947119351862466  0.30040117621644158  0.31123499681994488  0.32160859624173860
  0.33175404628615435  0.34200473896851669  0.35244095159657424  0.36278391273150351
  0.37319080011839628  0.38356995117038772  0.39392325132702011  0.40401393135700520
  0.41402727087253888  0.42410364503009501  0.43443879410333852  0.44483094622987385
  0.45500115460638063  0.46508383704104989  0.47532841610259541  0.48584081476800511
  0.49597404567138065  0.50590218036451029  0.51548697110974573  0.52539796460891952
  0.53570838158303091  0.54642690945703032  0.55715074133286446  0.56751919226983338
  0.57809745492226572  0.58873016269541167  0.59959943451479703  0.60993642520296110
  0.62018324325969365  0.63048093565506813  0.64116742735356469  0.65183234253894262
  0.66288344138127975  0.67419027759370320  0.68529839356946987  0.69572614838584534
  0.70547684105415065  0.71533306310513645  0.72531088591914439  0.73587986063380018
  0.74676692033103165  0.75801451041132428  0.76936549935428145  0.77988792883234537
  0.79023652297660008  0.80068425623648110  0.81142727083801547  0.82151515939151465
  0.83183201048252997  0.84253039159641951  0.85340121728120122  0.86406435155544903
  0.87457588591455582  0.88600237032794393  0.89730264201986176  0.90844065508550864
  0.91918696040407943  0.92991791373465893  0.94077623924635734  0.95159148368674307
  0.96260113264455582  0.97404313818547816  0.98666605762382720  1.00000000000000000
  0.00687754988425780  0.01625210665654604  0.02760095845941482  0.03874258301627787
  0.04965081392266467  0.06048538199989970  0.07145313371351072  0.08280043630956960
  0.09463422314232507  0.10640570105505762  0.11762656363952578  0.12873929727930422
  0.13990373301185732  0.15109245519906686  0.16212880400656804  0.17279477703433357
  0.18352248378220809  0.19448789163135424  0.20531443201864155  0.21579512606269660
  0.22595449481046445  0.23635908159833854  0.24721164336447685  0.25863981570851913
  0.27037890432386630  0.28189610368719276  0.29281863487590210  0.30352598428521632
  0.31447511497791469  0.32544509158699719  0.33600830587457842  0.34624129765527761
  0.35640324933801182  0.36657302947893122  0.37676804248129087  0.38723377962193012
  0.39800171354184227  0.40868291517995115  0.41911870924889139  0.42933471505233978
  0.43944555979466976  0.44954776333208629  0.45977597484250043  0.47024673797193417
  0.48092088491003981  0.49165196325824445  0.50224075282703329  0.51240755590740761
  0.52244695812731268  0.53275456819317213  0.54312445812608734  0.55318387961040916
  0.56312404437998509  0.57315697299336499  0.58322239406096188  0.59334111539418122
  0.60380588295758597  0.61487817526818456  0.62616130477829202  0.63650321411197830
  0.64746245765068600  0.65806439778104464  0.66876867198030443  0.67879234343661787
  0.68913553486440848  0.69953075938697273  0.70974242219931571  0.71973286740806852
  0.72971306776724987  0.73993108476166514  0.75050200195022687  0.76106819243332469
  0.77140733247998383  0.78139146366400491  0.79120462762387855  0.80126445349507891
  0.81157427109744751  0.82238664874399603  0.83313101502096742  0.84371587231585565
  0.85413822189706123  0.86443117188148211  0.87453729456830887  0.88445573626480767
  0.89422968129525027  0.90393013481290962  0.91380940017814383  0.92382391443422673
  0.93410076506915085  0.94408389888585986  0.95393800741752655  0.96364474796550126
  0.97319038450616502  0.98254316942783759  0.99185265520405519  1.00000000000000000
  0.00007592214556119  0.00008347567301592  0.00008821101321020  0.00009321694436909
  0.00009867676556921  0.00010476315087128  0.00011178150143161  0.00011945517449231
  0.00012774855780380  0.00013690849020059  0.00014702356824132  0.00015842191882877
  0.00017118704868607  0.00018514087995146  0.00020035659046375  0.00021699379348693
  0.00023513038579252  0.00025515187717084  0.00027721608763227  0.00030122121685865
  0.00032755807143576  0.00035612825307981  0.00038681380601171  0.00042067538549502
  0.00045670722438604  0.00049590034389726  0.00053862951737964  0.00058653240433941
  0.00064162089879083  0.00070353325992197  0.00077326655614707  0.00085116667310207
  0.00093556748316365  0.00102778968721487  0.00112499489309533  0.00123201294852664
  0.00134939217938093  0.00147711417668825  0.00161713639353023  0.00177090605625003
  0.00194307763025041  0.00213592796709737  0.00234733966840718  0.00257539216839274
  0.00282830246536479  0.00310469623594044  0.00341378420350695  0.00375270253411762
  0.00412031615051030  0.00450919173439841  0.00493841509389950  0.00539068336210537
  0.00587723792493207  0.00642047758821642  0.00703569223876812  0.00770168604135672
  0.00839825643605524  0.00915564307817623  0.01000222234644531  0.01097350781940288
  0.01203098583791256  0.01315098995408460  0.01435790622929289  0.01568224638589538
  0.01714117154503196  0.01878653546943502  0.02064543015635236  0.02260118428429363
  0.02460160554100166  0.02668686007099918  0.02897587352158536  0.03153754542458932
  0.03440145042703669  0.03761783514517113  0.04125579549117428  0.04537267965707140
  0.04985902616079840  0.05476729866957816  0.06025609465166473  0.06628213142264885
  0.07303184413675155  0.08046738109708874  0.08846331941133778  0.09655456950451857
  0.10571037159659842  0.11606099557058334  0.12901186048212712  0.14338587106388737
  0.15910370518310668  0.17864861520434674  0.20168870189567362  0.22834792871682627
  0.26358544119284905  0.31900807556186234  0.36070667018964636  1.00000000000000000
 -0.00237155476747150  0.01051713665434408  0.02114596042270051  0.03229854047452707
  0.04360124541317511  0.05494081098313809  0.06616129234657042  0.07714881395483188
  0.08786827438667755  0.09862388056680074  0.10963161301564998  0.12087220150562873
  0.13194890965159717  0.14274552453665115  0.15316356843498571  0.16371438576161573
  0.17414696462646870  0.18483233395675805  0.19555674694428149  0.20629526632791190
  0.21647229379593902  0.22672758810603277  0.23753996185206377  0.24879104062134516
  0.25971787317012646  0.27046711544930868  0.28132499929958227  0.29220306499769433
  0.30244956631353831  0.31263916885849924  0.32291165918695885  0.33337427886992593
  0.34353742416689248  0.35359341774885950  0.36397885005778902  0.37451115678857683
  0.38520710905134553  0.39588288178726472  0.40680185667961033  0.41749338314190171
  0.42804846029429144  0.43869889738071433  0.44941636146621938  0.46003947778976262
  0.47043887844025573  0.48081559521171985  0.49114369434177485  0.50180932149732371
  0.51260193062539516  0.52345346129959314  0.53413570521678166  0.54461094859853254
  0.55498405135795192  0.56522980611700879  0.57569308132018737  0.58655414201735823
  0.59742283268608909  0.60796146256563699  0.61782376015528739  0.62793481215906044
  0.63837857934518316  0.64895679981556953  0.65919991744226825  0.66917999615050761
  0.67932297993064050  0.68928876531431460  0.69941929486043430  0.70959222343999939
  0.71998720370551139  0.73058082914055711  0.74117958401810746  0.75161008264613094
  0.76190654030791327  0.77206979918768315  0.78224529291680889  0.79243747490256677
  0.80262511361443289  0.81311385631956168  0.82348358406051281  0.83360276565312752
  0.84348473811953140  0.85377058491585534  0.86466032355496358  0.87553376737637745
  0.88595101128369624  0.89613064474082882  0.90647874765206959  0.91677020386553654
  0.92717197783597916  0.93753277845785610  0.94793641758900882  0.95828050315021551
  0.96863735057231215  0.97912956969561749  0.98953426808347611  1.00000000000000000
 -0.00237632559346766  0.00987152170156952  0.02015704902100985  0.03127293454935631
  0.04218155612786247  0.05278927640739677  0.06291547248641946  0.07321082365425945
  0.08353056659018128  0.09390383692732432  0.10446419222448879  0.11488389668148577
  0.12540876968651679  0.13584588792596414  0.14616758375926275  0.15645093481936237
  0.16677489865730413  0.17722134418824911  0.18772079864761385  0.19817249931158398
  0.20872181287642480  0.21940826170646008  0.23041586656864532  0.24160982351809793
  0.25269352430290409  0.26368668506806520  0.27436152246905121  0.28461227773729969
  0.29467729236191820  0.30488330249900630  0.31566152563383809  0.32710475778006687
  0.33815194706547391  0.34865886867560181  0.35860429944957395  0.36855876861776732
  0.37872981484463697  0.38903886111393027  0.39975329067126186  0.41092993041505710
  0.42262806980957673  0.43423389413403207  0.44537004471033048  0.45629633906279310
  0.46694822871632824  0.47758046290791550  0.48822189436426339  0.49886907335477337
  0.50952952847696997  0.52001961256456031  0.53081639445589712  0.54183055648332823
  0.55269921639775366  0.56291479619795948  0.57280891260805478  0.58284653823546773
  0.59325387412140906  0.60383004461301604  0.61425120904973951  0.62467210700941000
  0.63482950139466177  0.64516304116739098  0.65511393174791188  0.66534238518400435
  0.67571953471263801  0.68603470589448745  0.69640565004783483  0.70682389006697866
  0.71737299668460508  0.72790589233185277  0.73817345095830567  0.74813978906953293
  0.75798302117658989  0.76763548822324223  0.77792683147588138  0.78865123863695286
  0.79949926181853848  0.81034770607204309  0.82066602807304301  0.83089167545750942
  0.84093074336772033  0.85122191832432959  0.86162225645870572  0.87238445681661758
  0.88350528322094446  0.89477039067905084  0.90558570485121337  0.91599805431415382
  0.92611665681216437  0.93613106847611149  0.94637588167344033  0.95719712702813142
  0.96824094864869037  0.97913430059976292  0.98969152507890412  1.00000000000000000
 -0.00248589703976292  0.01021793880654936  0.02064037681647537  0.03111285698392940
  0.04163773245718345  0.05192951202966824  0.06228494141308104  0.07242444030282598
  0.08290422317916731  0.09275841800759992  0.10272715887888451  0.11289722687858236
  0.12348333552813165  0.13385595072145004  0.14426838956724763  0.15466709985760482
  0.16508194354585001  0.17521412909446019  0.18525950369377595  0.19578734615625129
  0.20631311402753896  0.21678374216932678  0.22715345838953174  0.23757096980431502
  0.24825160524701240  0.25882299255877494  0.26915418335398006  0.27939835802295149
  0.28960388443638424  0.29975346741983322  0.30959643267282744  0.31948730705162293
  0.32964132561048964  0.33987597805341174  0.35040428846626315  0.36118125912337506
  0.37251561509953379  0.38359541738866282  0.39411350898307151  0.40408839821480946
  0.41388037643627107  0.42417451715182297  0.43464796807440803  0.44486244861085533
  0.45505244627025154  0.46571538009575408  0.47681728957898251  0.48773197028749249
  0.49823114167752464  0.50888456816081851  0.51970591013114620  0.53076272269479441
  0.54150235420347548  0.55224191826507041  0.56323615221430967  0.57439686518273647
  0.58559996585689256  0.59641553363440369  0.60748398395988057  0.61848123331033855
  0.62925289499554793  0.63996688181422989  0.65035867364308908  0.66110238573748337
  0.67179681455210871  0.68260773762087590  0.69334886064479351  0.70427889670946064
  0.71524639568884174  0.72637652559128107  0.73755798179907472  0.74872561342753763
  0.75966716060931339  0.77009802992745102  0.78026697330649408  0.79082557155553190
  0.80216779855216014  0.81362526512959166  0.82432885745452200  0.83450346663337827
  0.84446461591378685  0.85427789362178175  0.86409419016996625  0.87404281775282211
  0.88418217730219584  0.89481884949292911  0.90619390834495583  0.91763373622098343
  0.92817727995784793  0.93833758169309811  0.94866270035816436  0.95937820330090517
  0.96965680157843714  0.97967344296236014  0.98981790423660043  1.00000000000000000
 -0.00277037558959629  0.01059424200129050  0.02178709731972692  0.03214340942723675
  0.04236758270982502  0.05216712253467636  0.06228690290298243  0.07288481757523978
  0.08357566818377990  0.09437471607190449  0.10456379740268426  0.11431966477682083
  0.12405391202474422  0.13386452504627244  0.14423130254018124  0.15448056857410994
  0.16476254125445439  0.17522834999329018  0.18556240760622961  0.19584087892653024
  0.20612726331295575  0.21682442895390183  0.22758735683736303  0.23784151433374706
  0.24794433723474457  0.25866112469739050  0.26961679686778811  0.28050549188774310
  0.29091627129222358  0.30160510708793742  0.31212708653724736  0.32263465484697712
  0.33281488238631635  0.34312215037435517  0.35354112339637422  0.36378951303711649
  0.37421891634363463  0.38447504377884589  0.39483330972847985  0.40547888468389376
  0.41605142371509296  0.42660229287838819  0.43725648355465213  0.44777320996292264
  0.45817142249911635  0.46823382711029848  0.47826396464093635  0.48855659737223811
  0.49871518256105507  0.50940783092776099  0.52029855275972436  0.53166375126468390
  0.54282885877701648  0.55362976658300167  0.56439623318477550  0.57538170598698157
  0.58658458780912881  0.59772866849624273  0.60853281740167475  0.61904808960195390
  0.62940766978685225  0.63989529441406678  0.65071576461561775  0.66179583651459706
  0.67254152003443768  0.68331874921175784  0.69370296208072846  0.70419127187422259
  0.71461447138307421  0.72489566751743395  0.73519227934207965  0.74555244385891384
  0.75622683879755204  0.76698448001102104  0.77765004473080968  0.78808312518990031
  0.79847842292019944  0.80837688649001049  0.81870114988247311  0.82925895565994601
  0.84042346095483667  0.85137113262296371  0.86227085519294833  0.87350098645167362
  0.88492022128318226  0.89619233698641099  0.90711159685778553  0.91772317300543815
  0.92806416539895786  0.93868344732152842  0.94912884663695452  0.95937288212621730
  0.96930290967597799  0.97937638225672718  0.98964493331723369  1.00000000000000000
 -0.00264716418403893  0.00953393446682447  0.02000481527063368  0.03129845345055888
  0.04279417166217045  0.05344950423689025  0.06403541771360091  0.07447644838912972
  0.08497810697400657  0.09523311567444824  0.10507756214563096  0.11499815263860362
  0.12467754778801839  0.13439800176241104  0.14411066010743642  0.15381589596945713
  0.16361359632496350  0.17341917483788957  0.18337908024971100  0.19346221044511283
  0.20381873515607979  0.21448277726610010  0.22529105296231147  0.23600125918178042
  0.24665362081354600  0.25754190742415312  0.26854376352435638  0.27957038606854967
  0.29017955906619186  0.30072667587534119  0.31091098500123415  0.32137204663831415
  0.33169050956927881  0.34236540973896090  0.35269797677822806  0.36244769867571919
  0.37215724611928541  0.38180105477973225  0.39170969379869058  0.40214612016728846
  0.41277637746969137  0.42378015766420268  0.43464173988691995  0.44563091947454209
  0.45647488610134240  0.46692890513276852  0.47728622040283825  0.48781055040384264
  0.49827715207406137  0.50894614329910226  0.51980480154513586  0.53064484635342679
  0.54132211406176745  0.55158456316780780  0.56171266568098366  0.57156797515094104
  0.58184621580250062  0.59311534735824134  0.60459246132970967  0.61597211352647407
  0.62702232698226934  0.63752375117348981  0.64796482001143307  0.65825573880188792
  0.66857953494941480  0.67881304108607643  0.68929539310857868  0.70023194374266784
  0.71133177784821078  0.72194725803089188  0.73265673630579187  0.74320082165780665
  0.75395181911462417  0.76471429095098942  0.77555694825615273  0.78619961477650424
  0.79672594676146202  0.80712851219326154  0.81770339750167464  0.82825296672083148
  0.83910616522528170  0.84990123560309550  0.86106309584660357  0.87205775253439133
  0.88298478325827456  0.89327600616799707  0.90347746482071811  0.91382933512955011
  0.92402495600769763  0.93453057971983400  0.94530183580064253  0.95624196577812393
  0.96714549690900742  0.97784220875377126  0.98894556817395052  1.00000000000000000
  0.06553363286196630  0.20942277461188449  0.24212757932186180  0.26768011237723410
  0.29144541827679499  0.31324054451577110  0.33405349133733009  0.35412116886371681
  0.37383593849516455  0.39255019624467430  0.41005479817601653  0.42698403811462282
  0.44355094932320577  0.45995560719685841  0.47606887619326543  0.49158323577628177
  0.50656359044251154  0.52095922465551248  0.53490049510781612  0.54845497881736804
  0.56166493753870617  0.57453173409157821  0.58702301850056338  0.59920868020574658
  0.61091112489378008  0.62206715102199639  0.63289181050309407  0.64348517433563479
  0.65376526455806672  0.66355667145496067  0.67310527603123205  0.68261827949319742
  0.69207840764669515  0.70115309000434622  0.70980167433625663  0.71809127171488862
  0.72609403817171903  0.73383920678517611  0.74145918502330643  0.74902750919504979
  0.75644266502681401  0.76366341170669616  0.77070472242618648  0.77765587403365066
  0.78457359735767462  0.79127542467244205  0.79761665227660650  0.80365754717868620
  0.80954356404458216  0.81521958506080272  0.82065407709149996  0.82611188290412729
  0.83151230206742921  0.83680657527747404  0.84188651498976275  0.84684915976961839
  0.85167682441742465  0.85639511216612485  0.86100570535639664  0.86552926217185489
  0.86997745595822618  0.87433359108835773  0.87862218884735277  0.88283372069667210
  0.88691788658971416  0.89096488194634371  0.89488474679287577  0.89870135602252132
  0.90243900536756250  0.90607793603200870  0.90961758963874506  0.91314352657941622
  0.91656949820295452  0.91996907091807734  0.92327978507477326  0.92649397558872360
  0.92961087884827942  0.93266750129528420  0.93575735163654183  0.93877120441813600
  0.94175667470906888  0.94470694057970550  0.94761591378408849  0.95049150847913022
  0.95336078873712027  0.95621720049891845  0.95911105467461510  0.96216132543854338
  0.96532326929706624  0.96855006382649489  0.97187562903408509  0.97547949112960330
  0.97949444831562538  0.98423012968919854  0.99049442354853356  1.00000000000000000
   1.6561622380103076E-010  -1.0000000000000000     
 F F F F F F F F F F F F F F F F F F F F F F F F F F F F F F F F F F F F F F F F F F F F F F F F F F F F F F F F F F F F F F F F
  <DiscreteSampler_grid>
  grouped_processes
  1 # 1 for a reference and 2 for a running grid.
  10 # Attribute 'min_bin_probing_points' of the grid.
  1 # Attribute 'grid_mode' of the grid. 1=='default',2=='initialization'
  0.0000000000000000 # Attribute 'small_contrib_threshold' of the grid.
  0.5000000000000000 # Attribute 'damping_power' of the grid.
 # binID   n_entries weight   weight_sqr   abs_weight
    10   10   2.817790631652540E+001   4.029078894668701E+003   2.817790631652540E+001
  </DiscreteSampler_grid>
