0.66673E-05 0.19271E-08 0.00000E+01 9831170 0 0 621684 0.93244E+11 0.00000E+01 0.66673E-05 0.00000E+01 0.00000E+01 0
1 6.6997e-06 6.7561e-08 1.0084 4.0104e-05 6.6997e-06
2 6.676e-06 3.9426e-08 0.83518 2.6017e-05 6.676e-06
3 6.7039e-06 2.4764e-08 0.73879 3.6444e-05 6.7039e-06
4 6.6627e-06 6.7455e-08 1.0124 3.5837e-05 6.6627e-06
5 6.6964e-06 3.929e-08 0.82977 2.3631e-05 6.6964e-06
6 6.6709e-06 2.4476e-08 0.73382 3.0697e-05 6.6709e-06
7 6.668e-06 6.6318e-08 0.99457 3.7363e-05 6.668e-06
8 6.6794e-06 3.9443e-08 0.83512 2.2966e-05 6.6794e-06
9 6.7019e-06 2.4616e-08 0.73461 3.2633e-05 6.7019e-06
10 6.6159e-06 6.6621e-08 1.007 3.5756e-05 6.6159e-06
11 6.6293e-06 3.9253e-08 0.83737 2.315e-05 6.6293e-06
12 6.6641e-06 2.445e-08 0.73378 3.0127e-05 6.6641e-06
13 6.6422e-06 6.7172e-08 1.0113 4.3079e-05 6.6422e-06
14 6.6985e-06 3.9455e-08 0.833 2.4314e-05 6.6985e-06
15 6.6492e-06 2.4828e-08 0.74681 1.9583e-05 6.6492e-06
16 6.8186e-06 6.8605e-08 1.0061 3.5421e-05 6.8186e-06
17 6.6885e-06 3.9712e-08 0.83966 2.3392e-05 6.6885e-06
18 6.634e-06 2.4756e-08 0.74632 1.769e-05 6.634e-06
19 6.6964e-06 6.721e-08 1.0037 3.4252e-05 6.6964e-06
20 6.663e-06 3.9493e-08 0.83823 2.45e-05 6.663e-06
21 6.6711e-06 2.4645e-08 0.73885 3.2885e-05 6.6711e-06
22 6.6786e-06 6.6567e-08 0.99672 3.5813e-05 6.6786e-06
23 6.7194e-06 3.9709e-08 0.83575 2.3152e-05 6.7194e-06
24 6.6563e-06 2.463e-08 0.74004 1.9838e-05 6.6563e-06
25 6.5948e-06 6.6534e-08 1.0089 3.1455e-05 6.5948e-06
26 6.6853e-06 3.9342e-08 0.83225 2.4494e-05 6.6853e-06
27 6.6731e-06 2.4422e-08 0.73195 3.5019e-05 6.6731e-06
28 6.7359e-06 6.7634e-08 1.0041 3.8593e-05 6.7359e-06
29 6.6524e-06 3.9666e-08 0.84324 2.6494e-05 6.6524e-06
30 6.6576e-06 2.4706e-08 0.74218 1.7912e-05 6.6576e-06
31 6.5465e-06 6.5499e-08 1.0005 3.338e-05 6.5465e-06
32 6.6528e-06 3.9368e-08 0.83685 2.3511e-05 6.6528e-06
33 6.6185e-06 2.4536e-08 0.74143 3.4757e-05 6.6185e-06
34 6.721e-06 6.6583e-08 0.99068 3.6331e-05 6.721e-06
35 6.6797e-06 3.9096e-08 0.82772 2.3247e-05 6.6797e-06
36 6.6626e-06 2.4425e-08 0.73319 2.237e-05 6.6626e-06
37 6.6352e-06 6.7113e-08 1.0115 3.7698e-05 6.6352e-06
38 6.6888e-06 3.9748e-08 0.8404 2.4455e-05 6.6888e-06
39 6.6209e-06 2.4756e-08 0.7478 3.2585e-05 6.6209e-06
40 6.7122e-06 6.6751e-08 0.99447 3.4661e-05 6.7122e-06
41 6.6826e-06 3.9254e-08 0.83072 2.2309e-05 6.6826e-06
42 6.6743e-06 2.4541e-08 0.73539 3.549e-05 6.6743e-06
43 6.6589e-06 6.6755e-08 1.0025 2.9836e-05 6.6589e-06
44 6.6913e-06 3.9539e-08 0.83567 2.5472e-05 6.6913e-06
45 6.6676e-06 2.4648e-08 0.73933 3.029e-05 6.6676e-06
46 6.68e-06 6.722e-08 1.0063 3.1432e-05 6.68e-06
47 6.6515e-06 3.9927e-08 0.8489 2.4246e-05 6.6515e-06
48 6.6742e-06 2.4871e-08 0.74529 2.1135e-05 6.6742e-06
49 6.5829e-06 6.6484e-08 1.0099 3.2215e-05 6.5829e-06
50 6.61e-06 3.9659e-08 0.8485 2.5377e-05 6.61e-06
51 6.6826e-06 2.487e-08 0.74433 3.6448e-05 6.6826e-06
52 6.6777e-06 6.7066e-08 1.0043 4.1376e-05 6.6777e-06
53 6.7321e-06 3.958e-08 0.83146 2.4257e-05 6.7321e-06
54 6.6566e-06 2.4575e-08 0.73835 3.1109e-05 6.6566e-06
55 6.6534e-06 6.6714e-08 1.0027 3.1124e-05 6.6534e-06
56 6.6125e-06 3.953e-08 0.84543 2.1699e-05 6.6125e-06
57 6.69e-06 2.4902e-08 0.74447 3.5978e-05 6.69e-06
58 6.6058e-06 6.608e-08 1.0003 3.0362e-05 6.6058e-06
59 6.6446e-06 3.9143e-08 0.83311 2.8081e-05 6.6446e-06
60 6.6536e-06 2.4575e-08 0.7387 1.9411e-05 6.6536e-06
61 6.6228e-06 6.6958e-08 1.011 3.4812e-05 6.6228e-06
62 6.6285e-06 3.9212e-08 0.83659 2.7551e-05 6.6285e-06
63 6.676e-06 2.4637e-08 0.73807 3.4452e-05 6.676e-06
64 6.6428e-06 6.6846e-08 1.0063 3.1091e-05 6.6428e-06
65 6.6401e-06 3.9639e-08 0.84422 2.822e-05 6.6401e-06
66 6.6616e-06 2.4772e-08 0.74372 3.5148e-05 6.6616e-06
67 6.7185e-06 6.6872e-08 0.99533 3.1043e-05 6.7185e-06
68 6.6994e-06 3.9411e-08 0.83195 2.5897e-05 6.6994e-06
69 6.657e-06 2.4695e-08 0.74193 1.8993e-05 6.657e-06
70 6.6303e-06 6.6486e-08 1.0028 3.2991e-05 6.6303e-06
71 6.6685e-06 3.9635e-08 0.84055 2.5318e-05 6.6685e-06
72 6.6828e-06 2.4926e-08 0.74599 2.1418e-05 6.6828e-06
73 6.6639e-06 6.6952e-08 1.0047 4.149e-05 6.6639e-06
74 6.6756e-06 3.9231e-08 0.83109 2.2701e-05 6.6756e-06
75 6.6719e-06 2.4755e-08 0.74206 1.8621e-05 6.6719e-06
76 6.6567e-06 6.6716e-08 1.0022 3.3096e-05 6.6567e-06
77 6.664e-06 3.9123e-08 0.83027 2.7891e-05 6.664e-06
78 6.6456e-06 2.4617e-08 0.74084 2.1314e-05 6.6456e-06
79 6.6559e-06 6.6924e-08 1.0055 3.3568e-05 6.6559e-06
80 6.6566e-06 3.9492e-08 0.83902 2.7769e-05 6.6566e-06
81 6.6699e-06 2.4798e-08 0.74359 3.4808e-05 6.6699e-06
82 6.6146e-06 6.6695e-08 1.0083 3.8162e-05 6.6146e-06
83 6.652e-06 3.915e-08 0.83232 2.3158e-05 6.652e-06
84 6.648e-06 2.4499e-08 0.73703 3.4659e-05 6.648e-06
85 6.6893e-06 3.9621e-08 0.83764 2.3957e-05 6.6893e-06
86 6.7377e-06 2.4628e-08 0.73105 3.1101e-05 6.7377e-06
87 6.6435e-06 1.6033e-08 0.68258 1.6114e-05 6.6435e-06
88 6.8388e-06 6.862e-08 1.0034 3.6596e-05 6.8388e-06
89 6.6698e-06 3.9869e-08 0.84536 2.6288e-05 6.6698e-06
90 6.6513e-06 2.4913e-08 0.74913 3.2337e-05 6.6513e-06
91 6.625e-06 6.7237e-08 1.0149 3.8972e-05 6.625e-06
92 6.6706e-06 3.939e-08 0.83509 2.4302e-05 6.6706e-06
93 6.7097e-06 2.4528e-08 0.73112 2.0611e-05 6.7097e-06
94 6.6941e-06 6.7346e-08 1.006 4.4544e-05 6.6941e-06
95 6.6804e-06 3.9815e-08 0.84287 2.4128e-05 6.6804e-06
96 6.6489e-06 2.488e-08 0.74838 1.9556e-05 6.6489e-06
97 6.7727e-06 6.7412e-08 0.99536 4.0374e-05 6.7727e-06
98 6.6399e-06 3.8942e-08 0.82941 2.3471e-05 6.6399e-06
99 6.6742e-06 2.4595e-08 0.73702 3.6027e-05 6.6742e-06
100 6.712e-06 6.813e-08 1.0151 4.5346e-05 6.712e-06
101 6.7227e-06 3.9818e-08 0.83762 2.2678e-05 6.7227e-06
102 6.7077e-06 2.4815e-08 0.73989 1.8928e-05 6.7077e-06
103 6.7569e-06 6.7953e-08 1.0057 3.2203e-05 6.7569e-06
104 6.6507e-06 3.9292e-08 0.83552 2.3213e-05 6.6507e-06
105 6.6179e-06 2.4765e-08 0.74843 1.7953e-05 6.6179e-06
106 6.6567e-06 6.6808e-08 1.0036 4.0553e-05 6.6567e-06
107 6.6671e-06 3.9447e-08 0.83675 2.3067e-05 6.6671e-06
108 6.6689e-06 2.459e-08 0.73745 1.8673e-05 6.6689e-06
109 6.5822e-06 6.5915e-08 1.0014 4.2774e-05 6.5822e-06
110 6.633e-06 3.9235e-08 0.83654 2.4807e-05 6.633e-06
111 6.6686e-06 2.4707e-08 0.74098 3.4842e-05 6.6686e-06
112 6.6948e-06 6.6457e-08 0.99266 3.2509e-05 6.6948e-06
113 6.6227e-06 3.9172e-08 0.83648 2.3225e-05 6.6227e-06
114 6.6665e-06 2.4519e-08 0.73559 1.8251e-05 6.6665e-06
115 6.584e-06 6.749e-08 1.0251 3.5186e-05 6.584e-06
116 6.7176e-06 3.9602e-08 0.83373 2.3776e-05 6.7175e-06
117 6.6266e-06 2.4675e-08 0.74472 3.3274e-05 6.6266e-06
118 6.6503e-06 6.6692e-08 1.0028 3.3727e-05 6.6503e-06
119 6.674e-06 3.9622e-08 0.83958 2.5077e-05 6.674e-06
120 6.647e-06 2.4671e-08 0.74233 1.8953e-05 6.647e-06
121 6.5696e-06 6.6431e-08 1.0112 3.5368e-05 6.5696e-06
122 6.6314e-06 3.9676e-08 0.84613 2.4371e-05 6.6314e-06
123 6.6728e-06 2.458e-08 0.73673 1.8535e-05 6.6728e-06
124 6.7045e-06 6.7916e-08 1.013 3.8297e-05 6.7045e-06
125 6.6454e-06 3.9341e-08 0.83722 2.1791e-05 6.6454e-06
126 6.6564e-06 2.4827e-08 0.74598 1.9775e-05 6.6564e-06
127 6.5581e-06 6.6841e-08 1.0192 3.7148e-05 6.5581e-06
128 6.6317e-06 3.9351e-08 0.83917 2.8142e-05 6.6317e-06
129 6.6693e-06 2.4723e-08 0.74141 1.8569e-05 6.6693e-06
130 6.6056e-06 6.6242e-08 1.0028 3.6782e-05 6.6056e-06
131 6.6078e-06 3.9115e-08 0.83715 2.5701e-05 6.6078e-06
132 6.64e-06 2.4634e-08 0.74198 3.8169e-05 6.64e-06
133 6.6714e-06 6.655e-08 0.99753 3.7397e-05 6.6714e-06
134 6.6415e-06 3.928e-08 0.83642 2.4889e-05 6.6415e-06
135 6.6567e-06 2.4298e-08 0.73002 3.4703e-05 6.6567e-06
136 6.7222e-06 6.7464e-08 1.0036 4.0188e-05 6.7222e-06
137 6.6485e-06 3.9552e-08 0.84131 2.2371e-05 6.6485e-06
138 6.675e-06 2.4965e-08 0.74801 1.8544e-05 6.675e-06
139 6.7208e-06 6.7833e-08 1.0093 4.1801e-05 6.7208e-06
140 6.6939e-06 3.9527e-08 0.83508 2.4061e-05 6.6939e-06
141 6.6578e-06 2.4744e-08 0.7433 1.9464e-05 6.6578e-06
142 6.7178e-06 6.7778e-08 1.0089 3.3378e-05 6.7178e-06
143 6.6722e-06 3.9482e-08 0.83684 2.3656e-05 6.6722e-06
144 6.6761e-06 2.457e-08 0.73608 1.9304e-05 6.6761e-06
145 6.6661e-06 6.7337e-08 1.0101 2.9074e-05 6.6661e-06
146 6.6055e-06 3.8945e-08 0.83378 2.9568e-05 6.6055e-06
147 6.679e-06 2.4713e-08 0.74002 1.915e-05 6.679e-06
148 6.6054e-06 6.6652e-08 1.0091 3.6757e-05 6.6054e-06
149 6.6412e-06 3.9659e-08 0.84452 2.5725e-05 6.6412e-06
150 6.6569e-06 2.4736e-08 0.74319 1.7456e-05 6.6569e-06
151 6.7182e-06 6.7086e-08 0.99858 3.0794e-05 6.7181e-06
152 6.6284e-06 3.9228e-08 0.83695 2.1804e-05 6.6284e-06
153 6.6965e-06 2.4786e-08 0.74027 1.9811e-05 6.6965e-06
154 6.5992e-06 6.6772e-08 1.0118 3.2571e-05 6.5991e-06
155 6.6724e-06 3.9472e-08 0.83662 2.2239e-05 6.6724e-06
156 6.6845e-06 2.4664e-08 0.73794 1.8948e-05 6.6845e-06
157 6.6844e-06 6.6737e-08 0.99841 3.8495e-05 6.6844e-06
158 6.6262e-06 3.8988e-08 0.83211 2.3221e-05 6.6262e-06
159 6.6469e-06 2.4402e-08 0.73424 3.1095e-05 6.6469e-06
160 6.6706e-06 6.7024e-08 1.0048 3.4484e-05 6.6706e-06
161 6.6923e-06 3.9229e-08 0.82898 2.7145e-05 6.6923e-06
162 6.6816e-06 2.4664e-08 0.73827 2.2994e-05 6.6816e-06
163 6.6442e-06 6.6847e-08 1.0061 3.9225e-05 6.6442e-06
164 6.6663e-06 3.9202e-08 0.83165 3.0498e-05 6.6663e-06
165 6.6448e-06 2.4498e-08 0.73737 3.536e-05 6.6448e-06
166 6.7616e-06 6.7062e-08 0.99182 3.1507e-05 6.7616e-06
167 6.6461e-06 3.8988e-08 0.82963 2.1907e-05 6.6461e-06
168 6.6323e-06 2.4498e-08 0.73875 1.906e-05 6.6323e-06
169 6.629e-06 6.6506e-08 1.0033 3.8543e-05 6.629e-06
170 6.6617e-06 3.9268e-08 0.83362 3.0432e-05 6.6617e-06
171 6.6741e-06 2.4521e-08 0.73479 1.8011e-05 6.6741e-06
172 6.6431e-06 6.6456e-08 1.0004 3.5018e-05 6.6431e-06
173 6.6575e-06 3.9408e-08 0.83711 2.674e-05 6.6575e-06
174 6.6377e-06 2.4649e-08 0.7427 1.8148e-05 6.6377e-06
175 6.7113e-06 6.7787e-08 1.01 3.6625e-05 6.7113e-06
176 6.6845e-06 3.9672e-08 0.83933 2.4131e-05 6.6845e-06
177 6.6993e-06 2.486e-08 0.74218 1.8529e-05 6.6993e-06
178 6.6634e-06 6.6994e-08 1.0054 3.361e-05 6.6634e-06
179 6.7128e-06 3.9591e-08 0.83408 2.6742e-05 6.7128e-06
180 6.6617e-06 2.4787e-08 0.74415 3.4586e-05 6.6617e-06
181 6.6455e-06 6.6708e-08 1.0038 3.2223e-05 6.6455e-06
182 6.7039e-06 3.9611e-08 0.83562 2.5961e-05 6.7039e-06
183 6.6894e-06 2.4804e-08 0.7416 3.3299e-05 6.6894e-06
184 6.5215e-06 6.6415e-08 1.0184 3.8114e-05 6.5215e-06
185 6.6773e-06 3.9532e-08 0.83727 2.4904e-05 6.6773e-06
186 6.6824e-06 2.4461e-08 0.73211 1.9777e-05 6.6824e-06
187 6.7787e-06 6.716e-08 0.99075 3.5621e-05 6.7787e-06
188 6.6587e-06 3.9517e-08 0.83929 3.0055e-05 6.6587e-06
189 6.6731e-06 2.476e-08 0.7421 1.8401e-05 6.6731e-06
190 6.6656e-06 6.724e-08 1.0088 3.1836e-05 6.6656e-06
191 6.7187e-06 3.9674e-08 0.8351 2.364e-05 6.7186e-06
192 6.6434e-06 2.4733e-08 0.74459 2.0682e-05 6.6434e-06
193 6.6053e-06 6.69e-08 1.0128 3.8969e-05 6.6053e-06
194 6.6972e-06 3.9404e-08 0.83206 2.2864e-05 6.6972e-06
195 6.6741e-06 2.4891e-08 0.74588 1.9674e-05 6.6741e-06
196 6.6259e-06 6.6804e-08 1.0082 3.4523e-05 6.6259e-06
197 6.6115e-06 3.9394e-08 0.84264 2.2619e-05 6.6115e-06
198 6.672e-06 2.4647e-08 0.73882 1.7942e-05 6.672e-06
199 6.7323e-06 6.7362e-08 1.0006 3.2734e-05 6.7323e-06
200 6.6725e-06 3.9573e-08 0.83873 2.473e-05 6.6725e-06
201 6.6697e-06 2.4764e-08 0.74257 2.5401e-05 6.6697e-06
202 6.6569e-06 6.6595e-08 1.0004 3.6775e-05 6.6569e-06
203 6.6913e-06 3.981e-08 0.8414 2.2077e-05 6.6913e-06
204 6.6547e-06 2.4853e-08 0.74693 1.7624e-05 6.6547e-06
205 6.7509e-06 6.7857e-08 1.0051 3.0478e-05 6.7509e-06
206 6.7328e-06 3.9186e-08 0.82309 2.4884e-05 6.7328e-06
207 6.6829e-06 2.4547e-08 0.73461 1.9011e-05 6.6829e-06
208 6.6523e-06 6.7086e-08 1.0085 4.1357e-05 6.6523e-06
209 6.6339e-06 3.9312e-08 0.83805 2.1703e-05 6.6339e-06
210 6.6726e-06 2.4789e-08 0.74301 2.0174e-05 6.6726e-06
211 6.6964e-06 6.6645e-08 0.99524 3.2013e-05 6.6964e-06
212 6.6145e-06 3.9459e-08 0.84365 2.299e-05 6.6145e-06
213 6.673e-06 2.4721e-08 0.74094 1.8598e-05 6.673e-06
214 6.6258e-06 6.7024e-08 1.0116 3.4152e-05 6.6258e-06
215 6.6428e-06 3.9527e-08 0.84151 2.2702e-05 6.6428e-06
216 6.6762e-06 2.4652e-08 0.7385 1.8913e-05 6.6762e-06
217 6.6507e-06 6.6857e-08 1.0053 3.1565e-05 6.6507e-06
218 6.6773e-06 3.992e-08 0.8455 2.5312e-05 6.6773e-06
219 6.6674e-06 2.4587e-08 0.73754 3.3975e-05 6.6674e-06
220 6.6937e-06 6.6254e-08 0.98979 3.5959e-05 6.6937e-06
221 6.722e-06 3.9436e-08 0.82969 2.458e-05 6.722e-06
222 6.6986e-06 2.4647e-08 0.73589 3.4419e-05 6.6986e-06
223 6.7006e-06 6.6689e-08 0.99527 3.1155e-05 6.7006e-06
224 6.7144e-06 3.9329e-08 0.82836 2.608e-05 6.7144e-06
225 6.6671e-06 2.4641e-08 0.73918 3.0093e-05 6.6671e-06
226 6.5972e-06 6.626e-08 1.0044 3.2703e-05 6.5972e-06
227 6.6304e-06 3.9447e-08 0.84138 2.5002e-05 6.6304e-06
228 6.6683e-06 2.4776e-08 0.74309 3.7419e-05 6.6683e-06
229 6.7876e-06 6.8514e-08 1.0094 3.937e-05 6.7876e-06
230 6.7272e-06 3.9658e-08 0.8337 2.5347e-05 6.7272e-06
231 6.6769e-06 2.4542e-08 0.73513 3.1049e-05 6.6769e-06
232 6.6967e-06 6.7149e-08 1.0027 4.0637e-05 6.6967e-06
233 6.6856e-06 3.9416e-08 0.83377 2.2153e-05 6.6856e-06
234 6.6694e-06 2.4306e-08 0.72888 2.0296e-05 6.6694e-06
235 6.82e-06 6.7986e-08 0.99686 3.8196e-05 6.82e-06
236 6.6342e-06 3.931e-08 0.83797 2.2137e-05 6.6342e-06
237 6.6812e-06 2.4752e-08 0.74093 3.0384e-05 6.6812e-06
238 6.6785e-06 6.7569e-08 1.0117 3.3136e-05 6.6785e-06
239 6.6701e-06 3.966e-08 0.84088 2.8407e-05 6.6701e-06
240 6.6794e-06 2.4549e-08 0.73507 4.0298e-05 6.6794e-06
241 6.7655e-06 6.7452e-08 0.997 3.3524e-05 6.7655e-06
242 6.6828e-06 3.9896e-08 0.84429 2.356e-05 6.6828e-06
243 6.6437e-06 2.4693e-08 0.74336 2.5232e-05 6.6437e-06
244 6.7057e-06 6.7484e-08 1.0064 3.561e-05 6.7057e-06
245 6.6928e-06 3.9499e-08 0.83462 2.4869e-05 6.6928e-06
246 6.6439e-06 2.4677e-08 0.74284 3.1797e-05 6.6439e-06
247 6.6652e-06 6.681e-08 1.0024 3.4872e-05 6.6652e-06
248 6.6945e-06 3.98e-08 0.84078 2.375e-05 6.6945e-06
249 6.6587e-06 2.4687e-08 0.74149 1.8187e-05 6.6587e-06
250 6.6507e-06 6.6495e-08 0.99982 3.8383e-05 6.6507e-06
251 6.6367e-06 3.945e-08 0.84064 2.1115e-05 6.6367e-06
252 6.6793e-06 2.4691e-08 0.73933 2.1856e-05 6.6793e-06
253 6.6476e-06 6.6801e-08 1.0049 3.132e-05 6.6476e-06
254 6.7071e-06 3.9447e-08 0.83176 2.2243e-05 6.7071e-06
255 6.6725e-06 2.4666e-08 0.73933 3.8159e-05 6.6725e-06
256 6.601e-06 6.6514e-08 1.0076 3.8528e-05 6.601e-06
257 6.6884e-06 3.9549e-08 0.83624 2.2892e-05 6.6884e-06
258 6.6249e-06 2.4664e-08 0.74459 1.8377e-05 6.6249e-06
259 6.7257e-06 6.658e-08 0.98993 3.1479e-05 6.7257e-06
260 6.7259e-06 3.9447e-08 0.82942 2.9978e-05 6.7259e-06
261 6.6897e-06 2.4699e-08 0.73842 1.9926e-05 6.6897e-06
262 6.6409e-06 6.618e-08 0.99654 3.0565e-05 6.6409e-06
263 6.6021e-06 3.9129e-08 0.83817 2.6962e-05 6.6021e-06
264 6.6785e-06 2.4672e-08 0.73884 3.3351e-05 6.6785e-06
265 6.5743e-06 6.6633e-08 1.0135 3.3515e-05 6.5743e-06
266 6.6291e-06 3.9678e-08 0.84646 2.6368e-05 6.6291e-06
267 6.7e-06 2.5004e-08 0.74638 1.9784e-05 6.7e-06
268 6.7443e-06 6.8123e-08 1.0101 3.1603e-05 6.7443e-06
269 6.6476e-06 3.9368e-08 0.83751 2.6112e-05 6.6476e-06
270 6.6201e-06 2.4827e-08 0.75005 2.0248e-05 6.6201e-06
271 6.5249e-06 6.6164e-08 1.014 3.4292e-05 6.5249e-06
272 6.6935e-06 3.9558e-08 0.83579 2.5325e-05 6.6935e-06
273 6.7065e-06 2.462e-08 0.73421 3.1581e-05 6.7065e-06
274 6.6308e-06 6.6449e-08 1.0021 3.1845e-05 6.6308e-06
275 6.6914e-06 3.9159e-08 0.82761 2.3954e-05 6.6914e-06
276 6.645e-06 2.4439e-08 0.73556 1.944e-05 6.645e-06
277 6.6139e-06 6.636e-08 1.0033 3.0811e-05 6.6139e-06
278 6.6624e-06 3.9401e-08 0.83636 2.2619e-05 6.6624e-06
279 6.6906e-06 2.484e-08 0.74253 1.9042e-05 6.6906e-06
280 6.7277e-06 6.7822e-08 1.0081 3.3165e-05 6.7277e-06
281 6.6855e-06 3.9176e-08 0.8287 2.3333e-05 6.6855e-06
282 6.6703e-06 2.4587e-08 0.7372 3.1784e-05 6.6703e-06
283 6.8561e-06 6.7878e-08 0.99004 4.8028e-05 6.8561e-06
284 6.6525e-06 3.8884e-08 0.82661 2.5773e-05 6.6525e-06
285 6.6412e-06 2.427e-08 0.73089 1.8947e-05 6.6412e-06
286 6.7464e-06 6.6976e-08 0.99277 3.6146e-05 6.7464e-06
287 6.7114e-06 3.946e-08 0.83149 2.4951e-05 6.7114e-06
288 6.6981e-06 2.4605e-08 0.7347 1.9232e-05 6.6981e-06
289 6.6457e-06 6.6792e-08 1.005 3.4727e-05 6.6457e-06
290 6.5818e-06 3.9069e-08 0.83948 2.9964e-05 6.5818e-06
291 6.6408e-06 2.4629e-08 0.74175 3.1865e-05 6.6408e-06
292 6.6806e-06 6.7481e-08 1.0101 4.1205e-05 6.6806e-06
293 6.676e-06 3.9524e-08 0.83727 2.5341e-05 6.676e-06
294 6.6586e-06 2.479e-08 0.74459 3.347e-05 6.6586e-06
295 6.6467e-06 6.6622e-08 1.0023 4.5366e-05 6.6467e-06
296 6.6209e-06 3.9047e-08 0.83403 2.5256e-05 6.6209e-06
297 6.6388e-06 2.4709e-08 0.7444 3.131e-05 6.6388e-06
298 6.5686e-06 6.6184e-08 1.0076 3.7432e-05 6.5686e-06
299 6.6705e-06 3.9133e-08 0.82966 2.5862e-05 6.6705e-06
300 6.6674e-06 2.4338e-08 0.73006 3.4449e-05 6.6674e-06
301 6.6602e-06 6.6837e-08 1.0035 3.461e-05 6.6602e-06
302 6.7373e-06 3.946e-08 0.8283 2.8579e-05 6.7373e-06
303 6.6497e-06 2.4662e-08 0.74174 1.7819e-05 6.6497e-06
304 6.6378e-06 6.7012e-08 1.0096 3.3827e-05 6.6378e-06
305 6.6433e-06 3.9585e-08 0.84267 2.4743e-05 6.6433e-06
306 6.679e-06 2.4819e-08 0.74321 1.8396e-05 6.679e-06
307 6.5497e-06 6.5935e-08 1.0067 3.2109e-05 6.5497e-06
308 6.6377e-06 3.9552e-08 0.84269 2.7512e-05 6.6377e-06
309 6.6597e-06 2.4659e-08 0.74053 3.2863e-05 6.6597e-06
310 6.6327e-06 6.6285e-08 0.99936 3.5401e-05 6.6327e-06
311 6.6774e-06 3.9228e-08 0.83083 2.6424e-05 6.6774e-06
312 6.6516e-06 2.4317e-08 0.73116 2.0609e-05 6.6516e-06
313 6.7017e-06 6.6856e-08 0.99759 3.5367e-05 6.7017e-06
314 6.6925e-06 3.9558e-08 0.83591 2.4429e-05 6.6925e-06
315 6.6742e-06 2.461e-08 0.73747 3.2965e-05 6.6742e-06
316 6.7083e-06 6.7663e-08 1.0087 3.2221e-05 6.7083e-06
317 6.6299e-06 3.9049e-08 0.83295 2.2782e-05 6.6299e-06
318 6.6712e-06 2.4806e-08 0.74369 1.9843e-05 6.6712e-06
319 6.6632e-06 6.6868e-08 1.0035 3.9655e-05 6.6632e-06
320 6.6835e-06 3.9617e-08 0.83829 2.2378e-05 6.6835e-06
321 6.6783e-06 2.4763e-08 0.74159 1.8203e-05 6.6783e-06
322 6.7262e-06 6.7571e-08 1.0046 3.6243e-05 6.7262e-06
323 6.6808e-06 3.9245e-08 0.83074 2.4137e-05 6.6808e-06
324 6.6756e-06 2.471e-08 0.7403 1.7745e-05 6.6756e-06
325 6.6699e-06 6.6978e-08 1.0042 3.8344e-05 6.6699e-06
326 6.6329e-06 3.8539e-08 0.82171 2.4129e-05 6.6329e-06
327 6.6859e-06 2.4159e-08 0.72269 1.8354e-05 6.6859e-06
328 6.6733e-06 6.7459e-08 1.0109 4.2523e-05 6.6733e-06
329 6.6679e-06 3.9824e-08 0.84465 2.5519e-05 6.6679e-06
330 6.6835e-06 2.4813e-08 0.74252 3.304e-05 6.6835e-06
331 6.6282e-06 6.7403e-08 1.0169 3.1862e-05 6.6282e-06
332 6.696e-06 3.9776e-08 0.84008 2.5014e-05 6.696e-06
333 6.681e-06 2.4583e-08 0.7359 3.2602e-05 6.681e-06
334 6.6908e-06 6.784e-08 1.0139 3.3971e-05 6.6908e-06
335 6.6753e-06 3.9315e-08 0.83292 2.3695e-05 6.6753e-06
336 6.6788e-06 2.4536e-08 0.73475 1.8305e-05 6.6788e-06
337 6.6809e-06 6.6692e-08 0.99824 3.3498e-05 6.6809e-06
338 6.6996e-06 3.9505e-08 0.83391 2.1906e-05 6.6996e-06
339 6.6444e-06 2.4745e-08 0.74485 1.9161e-05 6.6444e-06
340 6.6562e-06 6.682e-08 1.0039 3.5191e-05 6.6562e-06
341 6.7213e-06 3.941e-08 0.82922 4.3665e-05 6.7213e-06
342 6.6717e-06 2.47e-08 0.74044 3.3632e-05 6.6717e-06
343 6.6817e-06 6.6509e-08 0.99538 3.7239e-05 6.6817e-06
344 6.6521e-06 3.8873e-08 0.82643 2.5999e-05 6.6521e-06
345 6.6466e-06 2.4633e-08 0.74122 3.5897e-05 6.6466e-06
346 6.6066e-06 6.6365e-08 1.0045 3.3108e-05 6.6066e-06
347 6.6727e-06 3.9498e-08 0.83713 2.3615e-05 6.6727e-06
348 6.6536e-06 2.4608e-08 0.7397 1.8044e-05 6.6536e-06
349 6.6162e-06 6.6287e-08 1.0019 3.0792e-05 6.6162e-06
350 6.7109e-06 3.9115e-08 0.8243 2.5876e-05 6.7109e-06
351 6.6563e-06 2.445e-08 0.73465 2.8717e-05 6.6563e-06
352 6.6992e-06 6.7656e-08 1.0099 4.1208e-05 6.6992e-06
353 6.6165e-06 3.9306e-08 0.84012 2.3193e-05 6.6165e-06
354 6.6912e-06 2.4786e-08 0.74086 2.3699e-05 6.6912e-06
355 6.6574e-06 6.7048e-08 1.0071 3.1001e-05 6.6574e-06
356 6.6681e-06 3.951e-08 0.83795 2.2748e-05 6.6681e-06
357 6.6448e-06 2.4729e-08 0.74431 3.3714e-05 6.6447e-06
358 6.6686e-06 6.7192e-08 1.0076 4.0058e-05 6.6686e-06
359 6.6599e-06 3.9449e-08 0.83768 2.2277e-05 6.6599e-06
360 6.6667e-06 2.4708e-08 0.74125 1.9385e-05 6.6667e-06
361 6.6578e-06 6.7026e-08 1.0067 3.5214e-05 6.6578e-06
362 6.7024e-06 3.9072e-08 0.82441 2.1975e-05 6.7024e-06
363 6.6936e-06 2.4696e-08 0.73788 1.8639e-05 6.6936e-06
364 6.7391e-06 6.734e-08 0.99924 3.7017e-05 6.7391e-06
365 6.6396e-06 3.8836e-08 0.82719 2.5594e-05 6.6396e-06
366 6.6958e-06 2.4395e-08 0.72865 2.1003e-05 6.6958e-06
367 6.6651e-06 6.6905e-08 1.0038 3.4815e-05 6.6651e-06
368 6.7247e-06 3.9808e-08 0.83716 2.4136e-05 6.7247e-06
369 6.6719e-06 2.4695e-08 0.74026 1.9695e-05 6.6719e-06
370 6.6989e-06 6.6832e-08 0.99765 2.9368e-05 6.6989e-06
371 6.7195e-06 3.9514e-08 0.83163 2.5783e-05 6.7195e-06
372 6.6724e-06 2.447e-08 0.73346 1.8738e-05 6.6724e-06
373 6.7275e-06 6.6977e-08 0.99558 3.5988e-05 6.7275e-06
374 6.6006e-06 3.9028e-08 0.83619 2.3951e-05 6.6006e-06
375 6.67e-06 2.465e-08 0.73914 1.8157e-05 6.67e-06
376 6.7142e-06 6.7427e-08 1.0043 3.4497e-05 6.7142e-06
377 6.68e-06 3.9426e-08 0.83469 2.2807e-05 6.68e-06
378 6.6332e-06 2.4727e-08 0.74555 2.1059e-05 6.6332e-06
379 6.5575e-06 6.6466e-08 1.0136 3.6897e-05 6.5575e-06
380 6.6593e-06 3.9371e-08 0.83612 2.6485e-05 6.6593e-06
381 6.6359e-06 2.4675e-08 0.74367 3.1798e-05 6.6359e-06
382 6.6863e-06 6.6607e-08 0.99619 2.7948e-05 6.6863e-06
383 6.6941e-06 3.9524e-08 0.835 2.5703e-05 6.6941e-06
384 6.6803e-06 2.4668e-08 0.73852 2.1511e-05 6.6803e-06
385 6.7151e-06 6.7801e-08 1.0097 3.4568e-05 6.7151e-06
386 6.6785e-06 3.9684e-08 0.84033 2.3368e-05 6.6785e-06
387 6.6531e-06 2.4718e-08 0.74304 1.8311e-05 6.6531e-06
388 6.7758e-06 6.7657e-08 0.99851 3.7102e-05 6.7758e-06
389 6.6758e-06 3.9645e-08 0.83985 2.1532e-05 6.6758e-06
390 6.6725e-06 2.4856e-08 0.74502 1.9728e-05 6.6725e-06
<lo_statistics>
<cumulated_time> 645.924356 </cumulated_time>
</lo_statistics>