  0.00403493462872956  0.00871938706110535  0.01531647351003832  0.02364372926315785
  0.03371921192130849  0.04481943155491200  0.05641969047814948  0.06778001640686064
  0.07846277535127993  0.08818789146568205  0.09710639526772623  0.10662806047852427
  0.11442265972371342  0.12161732744874836  0.12875519792664575  0.13571293035120083
  0.14293766328433105  0.15078505910069878  0.15910068939828742  0.16760082100005108
  0.17932480345957749  0.19133243696025293  0.20256021387344816  0.21392532865244046
  0.22597330377476810  0.23696675021572450  0.24869656847699645  0.26082884793901462
  0.27256195636596364  0.28401368684875600  0.29508951892726881  0.30606391043350056
  0.31732516533702099  0.32856674461959035  0.34069633595636817  0.35309661281933924
  0.36620597782578085  0.37980215438630416  0.39288998961734889  0.40463731228966565
  0.41473871859984862  0.42585628959541871  0.43663041982087863  0.44847127100741174
  0.46043398755773585  0.47272627927065741  0.48436858727083809  0.49572416561687183
  0.50820537323375026  0.52013376466222150  0.53185050689419267  0.54383885450726377
  0.55704777552355189  0.57001535589814811  0.58151647624581349  0.59303437196668951
  0.60403095571759602  0.61471136611604960  0.62518721201509975  0.63630220509920365
  0.64720855461682980  0.65682322025734385  0.66616334011697764  0.67426679155984948
  0.68346014479977168  0.69382649253195816  0.70511376096562517  0.71514634497803109
  0.72466238604776678  0.73433229146668799  0.74422289095272642  0.75450253484111640
  0.76443726318233107  0.77443490928927272  0.78499660741629873  0.79537939009251801
  0.80470641165303469  0.81331961408974507  0.82144574444876739  0.82973093808643195
  0.83862735495769769  0.84695644559860062  0.85529698622758188  0.86530340591371480
  0.87564527605047893  0.88640608885425898  0.89787315319423455  0.90937280225656014
  0.92120131410817174  0.93365654257512554  0.94588067614042792  0.95739268890488971
  0.96845583254683698  0.97905403871277508  0.98928870320017603  1.00000000000000000
  0.00027831921980004  0.00036148959293366  0.00042404578693902  0.00048562443175767
  0.00054274022415767  0.00059985601655766  0.00073966795322811  0.00088057333054254
  0.00101850878633108  0.00116130036328065  0.00130070202835805  0.00143875227844860
  0.00158362622355456  0.00173683222765127  0.00189649088768991  0.00205860325331411
  0.00222598461925866  0.00239498071160539  0.00256935746658379  0.00274478167274785
  0.00292553802720290  0.00310586214289411  0.00329928457302009  0.00349421437994284
  0.00367452231211756  0.00386670620394169  0.00407789047948240  0.00428780716345448
  0.00449917481325912  0.00471801263590706  0.00496708215784685  0.00525498238019783
  0.00555714256972682  0.00585129506256923  0.00612921957406846  0.00641302103093312
  0.00673649605326869  0.00709355586669389  0.00746320330912587  0.00782480705198292
  0.00814126014362242  0.00845604959539463  0.00879315069296921  0.00912119900774027
  0.00944843092694976  0.00976430910207240  0.01007091236452013  0.01039554280811296
  0.01083158757284840  0.01140773612974355  0.01203066894012930  0.01259682728179087
  0.01314213369756278  0.01370227285402463  0.01423870920765306  0.01474370367209450
  0.01525497704218832  0.01615047217690015  0.01729503977499333  0.01774393776419243
  0.01805569317526595  0.01855981328983251  0.01907658055559425  0.01959541503839191
  0.02011358281320009  0.02063506668533610  0.02128643061964097  0.02202271214936484
  0.02274153735602816  0.02331789961115178  0.02375442515212296  0.02427916147461093
  0.02489932282979187  0.02560824390765085  0.02642706281353852  0.02738833691688137
  0.02818699074432167  0.02912224051206930  0.03017389011885325  0.03147972357428631
  0.03289197574891731  0.03440233603708216  0.03568833611775348  0.03703873489086045
  0.03835239841020675  0.04038189387291948  0.04257688694656107  0.04821648808112836
  0.06041202827177175  0.07645495723323362  0.09020166346715451  0.10189417813177340
  0.11989510956117515  0.15173830032485325  0.22157617243819186  1.00000000000000000
  0.00000822874031350  0.00000854388755965  0.00000886179554093  0.00000919648897417
  0.00000958501414463  0.00000996584448269  0.00001038687763416  0.00001084523459103
  0.00001130188804760  0.00001176612777771  0.00001226360409842  0.00001279850876132
  0.00001337354236160  0.00001383887128298  0.00001437102220032  0.00001496070121364
  0.00001557553422600  0.00001626898932418  0.00001711976857380  0.00001817360341836
  0.00001938797827808  0.00002073880762587  0.00002204973009311  0.00002332412753712
  0.00002463004508020  0.00002602723058267  0.00002755027398896  0.00002921840826229
  0.00003102135680048  0.00003296899015598  0.00003513515892300  0.00003746511079629
  0.00004024652376740  0.00004345480362118  0.00004700595258983  0.00005087005866945
  0.00005504439429617  0.00005940085708568  0.00006407726355337  0.00006896796347672
  0.00007398566984278  0.00007931456260917  0.00008536059646749  0.00009241953468616
  0.00009966199287832  0.00010640997402491  0.00011360487737229  0.00012155905803359
  0.00012999267441885  0.00013843597130453  0.00014838608572594  0.00016093421978259
  0.00017507471950747  0.00018972343015436  0.00020566227793867  0.00022340815065191
  0.00024328452983691  0.00026759163459112  0.00029026495738532  0.00031215994321199
  0.00033473671856793  0.00035899354080301  0.00038786152440963  0.00042388344473795
  0.00046384988565535  0.00050464150243610  0.00054700852703765  0.00058735001671064
  0.00062509123514907  0.00066515997915486  0.00071233488620569  0.00076509271491669
  0.00082279716244157  0.00087714120919855  0.00095135321298743  0.00104883249743355
  0.00116857488968796  0.00134155247172650  0.00156303232785842  0.00179428924738578
  0.00204003053824540  0.00238404185163647  0.00278711677711770  0.00324064653348373
  0.00368674806717264  0.00425961554055682  0.00496151494416505  0.00583279402502958
  0.00683885985324358  0.00793023802694680  0.00965339619998083  0.01427284692642126
  0.01930603282104852  0.03814065532348568  0.46217329905482268  1.00000000000000000
 -0.00246819599241018  0.01424254406437714  0.02965288932282448  0.04666950227954584
  0.06181997692496974  0.07109682338945333  0.07890401597616882  0.08746287130370259
  0.09654261600673958  0.10571086970682517  0.11587004657182969  0.12767424607757660
  0.14081802402059632  0.15319211108991831  0.16512064709211069  0.17733245847568521
  0.19129022723532102  0.20763117290751737  0.22267759839734727  0.23592491929305748
  0.24791570250079928  0.25873129545183571  0.27020937816225044  0.28391712186478213
  0.29952713012526977  0.31624963794775746  0.33146045538687524  0.34495893554969637
  0.35773806663790270  0.37082238787664795  0.38281299622480730  0.39355717257554412
  0.40371780114515671  0.41325925078139508  0.42197315228071497  0.43051822053136563
  0.44056606582952379  0.45089774968797458  0.46058940871616016  0.46968898610742199
  0.47855162780099780  0.48826288032899240  0.49809116951713750  0.50819229329152094
  0.51855818611380800  0.52954531447725994  0.54139395594979933  0.55452874927684603
  0.56615689366463040  0.57500442557668641  0.58402362560403220  0.59276218649096579
  0.60264048443829610  0.61182918316074408  0.62039188261296008  0.62802452415298726
  0.63574267254040562  0.64293487336572441  0.65044746574890311  0.65790816157132248
  0.66593334829180961  0.67472830019449992  0.68276784349249942  0.69098051054772236
  0.69957625111591071  0.70924518980307139  0.71961992856723533  0.73025953476184158
  0.74138094704564539  0.75303540501395361  0.76509829330915136  0.77678935791550829
  0.78747605198907733  0.79736545285384941  0.80668106551347196  0.81579332434662233
  0.82541951108412415  0.83626375848866485  0.84729349922673702  0.85770949980918165
  0.86797646065603673  0.87762478180587389  0.88689256928909210  0.89568706137651477
  0.90345790893402422  0.91150637042885130  0.91965051654616026  0.92761231888588824
  0.93587142563285663  0.94408556973100977  0.95171837026647743  0.95903024881129684
  0.96737418828794774  0.97702483305047338  0.98860176054441273  1.00000000000000000
 -0.00184974488459504  0.00929885611448614  0.01965776649144622  0.03018960757488721
  0.03978406187072188  0.04874317944477052  0.05836676453384550  0.06977766010046051
  0.08218154717353389  0.09467650326801032  0.10645034945141853  0.11805747892176534
  0.12761588242000535  0.13547763388639850  0.14206679718623086  0.14847571330874340
  0.15602347123489971  0.16514168374452384  0.17636011697193388  0.18744594394007821
  0.19899148759832561  0.21079943959767339  0.22254010443972810  0.23464763891254961
  0.24698076412295666  0.26099380387931737  0.27605351353952556  0.28927250901869578
  0.30005947438266156  0.31010267788478185  0.31998931839712097  0.33010017098611716
  0.33932046377572839  0.34712468162414190  0.35523575370210009  0.36381220928677538
  0.37213499594384530  0.38075319242264494  0.38951301810456473  0.39965938826992120
  0.41266128501511645  0.42612496460660615  0.43840683598293578  0.44999845021071805
  0.46060637144047600  0.47014497324812221  0.47909794640210795  0.48671163862496541
  0.49454023432812594  0.50286933949574175  0.51236009091721413  0.52113303655848198
  0.53151072621037543  0.54270535975676726  0.55514903931672677  0.56892342116829342
  0.57882101190070523  0.58848361404170990  0.59776949422251269  0.60752155673497554
  0.61740701876625292  0.62769436490673958  0.63944971044585930  0.65133275374422528
  0.66206859279793806  0.67162489033048967  0.67955695825035900  0.68732565336935159
  0.69548437494054050  0.70457439059663118  0.71360507753247637  0.72223939615154142
  0.73111366827432422  0.74126131956127705  0.75171998074277357  0.76234991424330756
  0.77324819392315303  0.78587306018676839  0.79873041880757067  0.81149136466255833
  0.82439997065696291  0.83680651272668227  0.84872023202485924  0.86193498091312537
  0.87495762228169038  0.88708784764161241  0.89893231205546675  0.91108816210255716
  0.92284374633805755  0.93390011790270167  0.94460988387863232  0.95486789534900585
  0.96542611272404100  0.97657168617160417  0.98786990918305884  1.00000000000000000
 -0.00303814584302019  0.01326247129027206  0.02919216880819887  0.04932115675475880
  0.07077857144114993  0.09135101227645905  0.11333045670190368  0.13651531052027555
  0.16144653100951334  0.18835728055852047  0.21415346069881394  0.23913144455590080
  0.26423441791725388  0.28540014782035672  0.30751511385555486  0.33424118207639952
  0.36084340327178682  0.38380573505276577  0.40469972615047300  0.42366676089910876
  0.44151896523712814  0.45979571713874912  0.47821650275670613  0.49596660002445708
  0.51473183714025683  0.53260054115744926  0.54937515877078580  0.56558844264321961
  0.58236125627830804  0.59730392330379889  0.61098081012549932  0.62424755929827924
  0.63762937713410206  0.65129787447020160  0.66539388259682841  0.67936324116610580
  0.69183388897156683  0.70418992291693305  0.71550856738092383  0.72711937194837717
  0.73941279874020871  0.75224828720511860  0.76460415788164682  0.77626929747444773
  0.78669032803194960  0.79635156563090481  0.80535545443422696  0.81414671018638651
  0.82231444320199587  0.83044313843936668  0.83864188777557702  0.84683992590862767
  0.85451975068728347  0.86183454152554295  0.86865683047316222  0.87541934022358792
  0.88165885676677713  0.88726507427004908  0.89246304213437444  0.89743590467442613
  0.90235733438277788  0.90720074434012832  0.91242335276329423  0.91768825249811359
  0.92262693312365673  0.92733306889665723  0.93167005816955017  0.93553126239241990
  0.93880084131424657  0.94188350131476883  0.94502964892809271  0.94818587331979720
  0.95149099289705863  0.95491668090431214  0.95822724181057461  0.96083112472766075
  0.96316000684449476  0.96537123434445549  0.96741387634899967  0.96948726774586791
  0.97161389100545770  0.97377529565830434  0.97611446996772977  0.97832829360010642
  0.98032326740947739  0.98222130104381267  0.98415141131495987  0.98616848342293983
  0.98817546424476932  0.99021650964646013  0.99237174464574529  0.99442859535610240
  0.99595953045249686  0.99740943365942725  0.99876066600585522  1.00000000000000000
 -0.00241292115587798  0.01188310080054555  0.02463071551027839  0.03743343987475383
  0.04636593959208925  0.05414341160888701  0.06202103165894420  0.06999505795626669
  0.07749713719401456  0.08479056546830123  0.09193430343880737  0.09889891479215948
  0.10747990454602430  0.11863282864851916  0.13037650685306748  0.14279282470979343
  0.15545676683424980  0.16940089238773429  0.18296578540817846  0.19636870490823369
  0.20958692060284018  0.22267470424120903  0.23542001486269556  0.24734844065756906
  0.25818946175234936  0.26832456714834579  0.27710573349326612  0.28598034409573403
  0.29653390788401546  0.30716503145962909  0.31727412140740779  0.32617376145956689
  0.33533381808414364  0.34557841276727025  0.35677287933629348  0.36693484435700902
  0.37655939870586602  0.38575842064141652  0.39511184188630649  0.40560380756231612
  0.41638046572013193  0.42674777582190093  0.43767069483229376  0.44869787613113910
  0.45941002115645796  0.47011434401333829  0.48042690727361292  0.49070146112035051
  0.50130161437877940  0.51268544517340298  0.52449469516057146  0.53531083906764365
  0.54620190771245758  0.55615669011788027  0.56621612694709134  0.57590403288944736
  0.58552360772989531  0.59501482764447722  0.60433155996818932  0.61494383986189127
  0.62620157258625775  0.63757929194143270  0.64878542636703340  0.65903829821150084
  0.67010488444376337  0.68094348073356259  0.69117665081231239  0.70039893842466605
  0.70956549840641725  0.71956782808558140  0.73058069750868171  0.74254186490975538
  0.75494209042323968  0.76655169510167964  0.77775583800145642  0.78830800762727427
  0.79857544926931123  0.80901066232434637  0.81868063285357573  0.82869979867350774
  0.83824089483154562  0.84752282273976964  0.85675124529992230  0.86582299640689964
  0.87513183217529800  0.88570541898016353  0.89694598304471196  0.90837398012956994
  0.92047584544278105  0.93280752916787224  0.94534899638754888  0.95642827726689161
  0.96702559707167746  0.97761021120605951  0.98825524889562422  1.00000000000000000
 -0.00192698751759811  0.00902743240339158  0.01766350594689081  0.02654389611247983
  0.03612726760107240  0.04677791582599214  0.05818147062841449  0.06990829329318285
  0.08195064028560772  0.09360525929376391  0.10440581042483901  0.11495676036099860
  0.12625538903399058  0.13894774104358978  0.15191136912018019  0.16325331597830509
  0.17388004353451322  0.18424201716455738  0.19532554500498719  0.20632134680299322
  0.21663183198198196  0.22653428389819877  0.23642110631407684  0.24645337410447787
  0.25629439055109299  0.26583049764256483  0.27561138123383855  0.28558171886866729
  0.29554577036318291  0.30547285448754358  0.31527075488396350  0.32565779608365009
  0.33761921215713842  0.35065249160328354  0.36399468943724583  0.37804536254392368
  0.39168867015948894  0.40535451604179445  0.41830500640721391  0.43084567453280076
  0.44259534575498649  0.45342338487807238  0.46382905723597451  0.47403808168058664
  0.48361156964911423  0.49421048009684221  0.50447474610734955  0.51480823733037984
  0.52465621602736057  0.53332920034292242  0.54195831640543957  0.55115195159937069
  0.56074491778033986  0.57062482771336964  0.58100258955853323  0.59230707440055719
  0.60326476537153439  0.61200612655633102  0.62038077338913922  0.62971928801463617
  0.64068003417665265  0.65141281077451063  0.66111499403535323  0.67132724392705090
  0.68244429856521061  0.69313421103065898  0.70373733450960763  0.71479825790130191
  0.72599731868455286  0.73763163671568577  0.74941408790109343  0.76195247513802999
  0.77490619114668591  0.78818547494609448  0.80142933831703533  0.81358088315177457
  0.82412806910633662  0.83444187253636770  0.84575956851538658  0.85743080621929468
  0.86843827520693895  0.87798724564461972  0.88693793010586419  0.89612778853630060
  0.90494230011568721  0.91462126537493516  0.92534337511759912  0.93656945857966678
  0.94484767336099629  0.95344743971385093  0.96195619229034923  0.97057239976933418
  0.97887706099950256  0.98622688950664128  0.99325189925635871  1.00000000000000000
  0.40425374809725029  0.57453556859876376  0.60982477401149970  0.64101754060894689
  0.66994743599173656  0.69525654256430536  0.71773615006984914  0.73642315977061923
  0.75285271485553196  0.76865242450301496  0.78373963636347754  0.79754192899073717
  0.80974300908312158  0.82022983637948710  0.82929231847654294  0.83800348138000136
  0.84634371117458107  0.85499515274989291  0.86249559478377957  0.86912568085706465
  0.87463833686075465  0.87978418381026069  0.88484734906103468  0.89021723882866099
  0.89517513068913424  0.89975257806120779  0.90419751941505344  0.90862621460203585
  0.91269879556042965  0.91655125257267123  0.91968407778338646  0.92283892291115865
  0.92619616649924841  0.92966204173158684  0.93301078267617588  0.93610033811074789
  0.93868775354023182  0.94083552545599747  0.94294593436896523  0.94501213079357926
  0.94703039062042182  0.94907359999269814  0.95115977808663632  0.95323707017084602
  0.95527502133843423  0.95719833309724722  0.95887342321374436  0.96029579302086276
  0.96162242292096689  0.96293729064692357  0.96428695033513900  0.96566211117409095
  0.96700391576728939  0.96827324655050451  0.96946456390892377  0.97065660517455776
  0.97184720161713833  0.97296286396102638  0.97399882556032502  0.97497043688908347
  0.97593690260050980  0.97690022033873058  0.97788270403453825  0.97884523752240049
  0.97972065245441509  0.98052776219658100  0.98137236806886852  0.98222990137362676
  0.98302593533185434  0.98379347066144995  0.98450834650275998  0.98521353991172422
  0.98591746937878777  0.98658359515577387  0.98720750442649385  0.98782155215326339
  0.98845598242666088  0.98911039360755026  0.98977383642331951  0.99041635947176287
  0.99103230280799826  0.99165320256670653  0.99225459536989791  0.99279714616581405
  0.99334072992506073  0.99384324459796503  0.99433215937549424  0.99483016691309556
  0.99531801911683215  0.99579297059718852  0.99629121781153129  0.99681125946662497
  0.99738188213375101  0.99805237585145212  0.99889711588646224  1.00000000000000000
   3.1746034803896296E-007  -1.0000000000000000     
 F F F F F F F F F F F F F F F F F F F F F F F F F F F F F F F F F F F F F F F F F F F F F F F F F F F F F F F F F F F F F F F F
  <DiscreteSampler_grid>
  grouped_processes
  1 # 1 for a reference and 2 for a running grid.
  10 # Attribute 'min_bin_probing_points' of the grid.
  1 # Attribute 'grid_mode' of the grid. 1=='default',2=='initialization'
  0.0000000000000000 # Attribute 'small_contrib_threshold' of the grid.
  0.5000000000000000 # Attribute 'damping_power' of the grid.
 # binID   n_entries weight   weight_sqr   abs_weight
    10   10   5.340672346661811E+001   8.049350898717332E+003   5.340672346661811E+001
  </DiscreteSampler_grid>
