  0.00311448938826334  0.01171506199231555  0.02109501924831695  0.03046254216977628
  0.03963369386135702  0.04873999804235306  0.05823104511456199  0.06860217285088609
  0.07930086916231048  0.09064564575699231  0.10260995101326328  0.11507581975085711
  0.12787252381460953  0.14002425479709102  0.15232142705264703  0.16393271523047198
  0.17580122352108093  0.18778382711955219  0.20006622911295335  0.21192623886366901
  0.22335106310695588  0.23300227137539256  0.24152292420106217  0.24936716783625892
  0.25832712793936763  0.26770760417491368  0.27861258173798781  0.28896191787348197
  0.29947887273575902  0.31057320617939671  0.32283042272134205  0.33570628633676625
  0.34895732771559101  0.36098929713398142  0.37250183398471209  0.38347730258499740
  0.39433104262792390  0.40545519410494646  0.41707177323292871  0.42831836644082955
  0.43913514208323695  0.44996831504463120  0.46155921230508096  0.47391968762425662
  0.48525394048219694  0.49629901784668656  0.50699145894663922  0.51752750930653757
  0.52715929692152286  0.53650789235433238  0.54578494549160428  0.55425720590930050
  0.56415953944429409  0.57479787136019944  0.58492385171532735  0.59478008499089952
  0.60468494525664040  0.61530816605746719  0.62507227843815139  0.63526983276626348
  0.64547288366718703  0.65555312262178100  0.66630998666425012  0.67591713330374725
  0.68534716796681294  0.69425953504825255  0.70467062035517614  0.71642625128132609
  0.72841547553225783  0.74112991573576581  0.75343496505010987  0.76568046444914994
  0.77687912346838561  0.78792607418649474  0.79858260589726104  0.80939286697769042
  0.82015237554508591  0.83061355140426951  0.84063258753070635  0.85042183593453480
  0.86084389756383994  0.87193428853797372  0.88252328721494977  0.89242198292610098
  0.90256336752920530  0.91205382146707581  0.92140038685857051  0.93044147398883781
  0.94064613028094513  0.95282897557950863  0.96363950318342328  0.97228629700118430
  0.97962687477986199  0.98656437861426305  0.99206829230870852  1.00000000000000000
  0.00021514672984795  0.00056873492349046  0.00069263099738042  0.00080104421150331
  0.00090645693074845  0.00101084395317045  0.00110857462282834  0.00120542553874047
  0.00130731552867259  0.00142048890371999  0.00154620065968254  0.00167277632308864
  0.00179680587860823  0.00192292459941870  0.00205294479491604  0.00218495228831936
  0.00232170590202627  0.00246274545954804  0.00260586993160636  0.00275453591340435
  0.00290048235191482  0.00303350347419974  0.00316457599234088  0.00329665457806318
  0.00343475576835851  0.00358247699407465  0.00374266156081395  0.00391021395836854
  0.00408134519752748  0.00425407000645716  0.00442784011671678  0.00461266666460063
  0.00480215574081432  0.00499270024338681  0.00518118407686385  0.00537275707603050
  0.00557668617345888  0.00580812058284842  0.00606748176393082  0.00634263149705324
  0.00661592575053175  0.00691461807828349  0.00719672447992297  0.00743718855505611
  0.00765364240955199  0.00785190159433420  0.00807719490479960  0.00831904919282877
  0.00857561827360392  0.00884183590047029  0.00912761519826636  0.00942847190552912
  0.00973992440478231  0.01006790755785873  0.01043921741223909  0.01084454954079343
  0.01126849726692616  0.01172182921274686  0.01222797300677951  0.01274057617488166
  0.01319927023091916  0.01376568354212635  0.01433110629579748  0.01472538866734173
  0.01508342849239304  0.01545223583725616  0.01580365063168955  0.01623544044446595
  0.01673427179173599  0.01718204926663138  0.01759170165393403  0.01800142487895481
  0.01845949229067478  0.01886844769403382  0.01927604737033724  0.01966399598206649
  0.02034727997651074  0.02117469940345072  0.02201849513719769  0.02302592873424333
  0.02439163648136247  0.02628487323730722  0.02829175668794960  0.03028830683364678
  0.03193855602810840  0.03345005434504564  0.03480586963141106  0.03650923562309601
  0.03870478924945039  0.04188447885184114  0.04665101524328971  0.05055136480708632
  0.06184415350922018  0.16955303622006260  0.27424762459382057  1.00000000000000000
  0.00000766667975267  0.00000832683699247  0.00000879108938858  0.00000921236161779
  0.00000962619462919  0.00001004926204687  0.00001049405551414  0.00001090925959109
  0.00001136304161924  0.00001187268535600  0.00001246647375671  0.00001319745672221
  0.00001404300630498  0.00001498075530847  0.00001593865847127  0.00001705919878486
  0.00001840528440584  0.00001988985180225  0.00002154462547909  0.00002335168236028
  0.00002528479598810  0.00002736256400228  0.00002957755855309  0.00003191675719945
  0.00003442435567143  0.00003728954230014  0.00004039650322412  0.00004412721884111
  0.00004834875823113  0.00005312253725200  0.00005856716088759  0.00006483200074089
  0.00007213607617641  0.00008015279926093  0.00008888259249971  0.00009840379850164
  0.00010931811845670  0.00012196543834125  0.00013634396794888  0.00015299488888486
  0.00017172115682384  0.00019225502744092  0.00021542343103623  0.00023997662385147
  0.00026548118457470  0.00029354105728823  0.00032435384820481  0.00035988193612877
  0.00039754794940969  0.00043800713093385  0.00048122681651436  0.00052499773940368
  0.00057069172343051  0.00061750640919748  0.00066799725143309  0.00072643376010248
  0.00078351367269520  0.00084362603688337  0.00091766502648185  0.00099525633270383
  0.00107961915003333  0.00117442181216254  0.00128140279374942  0.00140853946423828
  0.00153896025416508  0.00166887865342097  0.00180024023560129  0.00194051088844849
  0.00207974573268588  0.00222093400178160  0.00239032471854272  0.00261695950502636
  0.00286962477220852  0.00317264410114212  0.00355494497049872  0.00398855559322865
  0.00441829231755972  0.00489465224753403  0.00543235187409608  0.00603830987397133
  0.00666373166709852  0.00726634922490318  0.00791841238386225  0.00869819794621407
  0.00977713549605213  0.01161120130591739  0.01444222164019959  0.01821462315997737
  0.02183877868628639  0.02371067379295012  0.02571928585543735  0.02805926780159040
  0.03137572615006975  0.06589243745800194  0.30631403023025472  1.00000000000000000
 -0.00152883081808657  0.00705546008752117  0.01465013607459677  0.02310912626165951
  0.03184829956512973  0.03962397792188913  0.04789167128819984  0.05629401315768441
  0.06504027520516756  0.07416937948133158  0.08293786794518102  0.09227660978491578
  0.10179233838035848  0.11161611790636018  0.12121565357763799  0.13077871389816401
  0.13934624034356063  0.14688845825235139  0.15404550655899968  0.16103994447901665
  0.16815228582829592  0.17555028539999668  0.18275621906151898  0.19078979738035157
  0.19965080999384405  0.20884941991465530  0.21805415434233277  0.22739504911178388
  0.23725475258545511  0.24716932022029714  0.25658590490135724  0.26576905219729913
  0.27483651629815364  0.28401531605065600  0.29244823815331800  0.29996417232651856
  0.30751064960080304  0.31596544519101555  0.32503427551681141  0.33378021980028444
  0.34187611195699963  0.35024592169910457  0.35968499777644775  0.36925942025341923
  0.37805265779670294  0.38630429233556640  0.39497411550303141  0.40455222342456509
  0.41447872808457842  0.42451257262687486  0.43483198587689298  0.44542006541102552
  0.45607692633269281  0.46641527044301112  0.47700139636589411  0.48660086118157514
  0.49675786845551756  0.50687040521950755  0.51765463030743497  0.52808439466617962
  0.53825243636028997  0.54907408371313104  0.56018675644564841  0.57084000091235032
  0.58178149979058202  0.59269325201319634  0.60285192990794090  0.61302226627395451
  0.62341959404430614  0.63625577409447265  0.64949731297144742  0.66080780890135726
  0.67156039944779122  0.68117400803043271  0.69381299994290202  0.70570940535708038
  0.71849491308547453  0.73096363416985033  0.74428500934181330  0.75772171170100522
  0.77207775180668936  0.78692372007427402  0.80211285678438216  0.81730556665071452
  0.83311855907879395  0.84689086769008370  0.85625738600088053  0.86518264561942337
  0.87402030359503358  0.88502966744412026  0.90199380202430524  0.91951388288351521
  0.93824426156797058  0.95749010118397049  0.97790040587182736  1.00000000000000000
 -0.00195990609678852  0.00981077557425509  0.01953502779424807  0.02955254133832101
  0.03936961552867205  0.05033411803893576  0.06125218458662975  0.07210646724506205
  0.08258651869965132  0.09316647621058689  0.10335437978266374  0.11374673988065891
  0.12468690420432349  0.13558072010669839  0.14605611473040900  0.15603972232420446
  0.16696778867120290  0.17708558001445288  0.18670736922894024  0.19636373568035451
  0.20610305840388210  0.21636112896766826  0.22705167095167234  0.23778052123781970
  0.24813495747009212  0.25803501009823254  0.26809533002675601  0.27861024460354955
  0.28987523038892932  0.30164816152466972  0.31330874010192550  0.32553186723008315
  0.33835312651324462  0.35068287161188422  0.36187159781674860  0.37243112783067955
  0.38406847080715534  0.39539943907739383  0.40763816174775086  0.41820342148923695
  0.42912908049487081  0.43935157207872605  0.44940071210252508  0.45983378800480690
  0.46965078645249270  0.47940973788855779  0.48987822018768590  0.50066919925900866
  0.51089634151489882  0.52038017912452161  0.52966344146978639  0.53953958354516485
  0.55034151091732586  0.56088168001141436  0.57031859204832869  0.57929774574203519
  0.58783881538628013  0.59752759039779568  0.60860275130013952  0.61924178984478051
  0.62920005536509582  0.63891262097241563  0.64806966728172111  0.65759277415160811
  0.66746305916391813  0.67901377122075623  0.69183767164388299  0.70609078092357214
  0.71946005397405421  0.73144191946351789  0.74240194721220687  0.75253837954628466
  0.76245787890709149  0.77156948050382279  0.77970575057397529  0.78841465597497629
  0.79768329918698855  0.80746461900220423  0.81728794366107804  0.82803898841591783
  0.83936114556273111  0.85038631329091430  0.86061719123695823  0.87092430055685099
  0.88185951410194174  0.89146591861364799  0.90130093609018702  0.91165620076940668
  0.92239174461767270  0.93336821230916756  0.94505415074872612  0.95640973046448252
  0.96738388759900695  0.97820608400395292  0.98857525192380902  1.00000000000000000
 -0.00227638880010118  0.00953330225166229  0.01869729841740975  0.02792192340521567
  0.03712707595623878  0.04703994221055825  0.05883074984854072  0.07125390523218841
  0.08524181456881433  0.09971025230275785  0.11571260851876231  0.13321789901946032
  0.14964863215413204  0.16435029923652325  0.17856185772506425  0.19312410409056852
  0.20769406091300074  0.22260926477218354  0.23753641511590115  0.25297142569048553
  0.27040462424424888  0.28885398437624105  0.30400242258839616  0.31767637280128030
  0.33259316021913116  0.34848839601856729  0.36429290674295323  0.37936209375319402
  0.39453991881329692  0.41022053911540451  0.42566150380306611  0.44123113144811438
  0.45727297712876330  0.47358439162215138  0.49039396343685371  0.50639668152953299
  0.52103416297373728  0.53616953348437635  0.55163639839670020  0.56722181659208726
  0.58226191634674518  0.59653020323298289  0.61004141551291735  0.62363354036111085
  0.63785606022873775  0.65240038225234320  0.66629336300969566  0.68006146724330885
  0.69357085233233839  0.70675523377049143  0.71990947869158495  0.73175485966556653
  0.74358551775079906  0.75519047452058874  0.76777494819061098  0.77917535919218317
  0.79051846398604020  0.80092420215068794  0.81145147980406784  0.82126871417676095
  0.83058226289799242  0.83931034445899888  0.84761435846227262  0.85504119923788768
  0.86162141224267752  0.86796932949333894  0.87432462838904534  0.88081800276677391
  0.88737682748941760  0.89349359888099167  0.89981234738200466  0.90559006494345606
  0.91125822246325228  0.91685023162653301  0.92263960611183427  0.92880150527549576
  0.93476369491790023  0.94022051525029371  0.94507222855678075  0.94948742371341510
  0.95359716253596638  0.95747523899493858  0.96124830362693481  0.96502119042133294
  0.96860653835684618  0.97193655984317584  0.97512268247013179  0.97820356980707546
  0.98090399853795607  0.98380009991328754  0.98675273929730256  0.98960216962539460
  0.99235119043067743  0.99500875900435293  0.99753080318572485  1.00000000000000000
 -0.00269712179790911  0.01294974343146885  0.02561195995556135  0.03797274483592691
  0.04867993732491661  0.05896655923274052  0.06944885045281279  0.08071497228733131
  0.09285136001884325  0.10484031584436514  0.11547274271112024  0.12465318027873010
  0.13364308335721795  0.14298198336871604  0.15347056194061950  0.16390859646099781
  0.17433222409255400  0.18442959605361495  0.19398627966340076  0.20322290344649588
  0.21198836349256242  0.22073506004883192  0.23003519870779079  0.24001140214594233
  0.25121044065562631  0.26290744641329311  0.27458315086245338  0.28600220195057313
  0.29604468200780915  0.30540247823585137  0.31457433403610374  0.32258778475050592
  0.33061947234596056  0.33958256912434448  0.34941797928547691  0.35923403620122785
  0.36988124696969399  0.38161761444697412  0.39410157599957119  0.40623220807343607
  0.41734500253873830  0.42858792139021584  0.43996257686834084  0.45145055570942383
  0.46324694036751435  0.47477895507063517  0.48536504517590401  0.49578829623431203
  0.50655073837290177  0.51780912695084136  0.52789907467593056  0.53822496058330482
  0.54854190127741165  0.56007636076422518  0.57154680808513791  0.58312639687358347
  0.59434968325560267  0.60498888316696409  0.61562980485846097  0.62678032101114656
  0.63857057004208695  0.65074433045353841  0.66278980530552234  0.67422820779545889
  0.68558419253037639  0.69710766210245168  0.70934432950443149  0.72234673465121280
  0.73354720135850027  0.74325989109534507  0.75260738866265708  0.76140679185425553
  0.77092400864851418  0.78026388499331678  0.79049000991952101  0.79918958815671781
  0.80670127696282568  0.81515199387786319  0.82395267318165644  0.83372409282939230
  0.84228145690215994  0.85147934299610506  0.86100633936289506  0.87084578175943572
  0.88137498821197591  0.89293100958969140  0.90430560430868201  0.91494005960419844
  0.92451200958220092  0.93433289721824175  0.94491926592010567  0.95555876247802773
  0.96615497102855874  0.97645841953818313  0.98809928227080346  1.00000000000000000
 -0.00307172374081404  0.01151329381941615  0.02392944461838330  0.03704314179252985
  0.04956540510228276  0.06112994051040525  0.07248072910998407  0.08277144104574244
  0.09195175290884088  0.10067732215402200  0.11066358493213851  0.12014976331255835
  0.13027693678222158  0.14063185495784869  0.15114602305191277  0.16247697489290078
  0.17283336743612321  0.18362360725512897  0.19412246479793843  0.20400666140915821
  0.21404667625167703  0.22444541591569739  0.23556467358045061  0.24634593965671356
  0.25743096306409619  0.26927973343976586  0.28072287109447996  0.29062733976150540
  0.30003278803585492  0.30923517264579625  0.31926903131905149  0.32945195112666892
  0.33966611759325888  0.35086061609044994  0.36251964399147818  0.37205598887243824
  0.38076231451861492  0.38888243444806797  0.39818718081192539  0.40785313087639896
  0.41850572486333903  0.43066375413967928  0.44232218869985218  0.45254068036141343
  0.46237011482234475  0.47212114384211712  0.48206329811382731  0.49220474689201826
  0.50307992571552129  0.51451200641113659  0.52505422406392976  0.53386967040978017
  0.54251291255860945  0.55120460113878911  0.56170092545207462  0.57281124681364159
  0.58409312296370131  0.59555320004583556  0.60631580009575603  0.61666674868534976
  0.62719544822793383  0.63857839415083251  0.65046939062673403  0.66079415246228801
  0.67110867500831206  0.68197511157912272  0.69229466726926425  0.70372073386566514
  0.71428966497977564  0.72357813376611380  0.73281128967540465  0.74161917769818542
  0.75040287822490614  0.75966780235983866  0.76878216058170445  0.77903132812295328
  0.78998731353394891  0.80211159201166427  0.81250077614343807  0.82298537930562454
  0.83270466136469057  0.84352991359273755  0.85516379234617734  0.86674776518769692
  0.87870631999608551  0.89074860690529944  0.90285151803308339  0.91471752007632401
  0.92579751736438898  0.93614187353063771  0.94606991037029398  0.95744347731621804
  0.96892194054180381  0.97954077836304521  0.98992488494615938  1.00000000000000000
  0.12424557673877926  0.59889913228880720  0.63975894735288363  0.66836570296938314
  0.69054318443435969  0.71065651814009123  0.72959980422158188  0.74827841218879543
  0.76450944065512549  0.77821519453204935  0.79104189480761933  0.80313285600003337
  0.81396812886297421  0.82330315515609054  0.83200598348631916  0.84025954106437872
  0.84806665276588711  0.85509487981723875  0.86162188985004140  0.86800128996296055
  0.87393005012346414  0.87908465313876805  0.88391497539123431  0.88889232547554176
  0.89416061506921674  0.89891372032527572  0.90329693642953401  0.90751079625535658
  0.91145552191112278  0.91546572156341754  0.91888299801175144  0.92214987192656206
  0.92524826384383019  0.92822963042679885  0.93113125948752273  0.93408140030006648
  0.93694435590168557  0.93938935875750840  0.94163301439922986  0.94384598958963761
  0.94594939975627956  0.94793255102828822  0.94977858466250431  0.95160458888996957
  0.95341831177162861  0.95517919570110976  0.95690951470778429  0.95856090542712935
  0.96004985025499578  0.96148854949751317  0.96293752893986095  0.96432148492001701
  0.96562513631233660  0.96684971678210108  0.96806056683602937  0.96932136877522879
  0.97051424535367126  0.97166485499344035  0.97276314522132035  0.97379257978464062
  0.97476458366270491  0.97575581442835324  0.97674948876745016  0.97775853042318606
  0.97875880728827458  0.97972315204919425  0.98063930972462299  0.98152464958249863
  0.98235471177141898  0.98314871429669914  0.98392685871246088  0.98467427533232910
  0.98544150497395755  0.98620236134888339  0.98695377596811651  0.98769673023298499
  0.98839702788706918  0.98906378034866771  0.98970940880508662  0.99033260152097524
  0.99092915571892237  0.99148813152777027  0.99203498427951053  0.99259649999611665
  0.99315922195015682  0.99371553050064054  0.99426294421254335  0.99477431110550585
  0.99529191477943402  0.99582214906459365  0.99635560586256555  0.99691341445070314
  0.99750567910604282  0.99815453910325991  0.99897475705561245  1.00000000000000000
   2.0162297217439631E-007  -1.0000000000000000     
 F F F F F F F F F F F F F F F F F F F F F F F F F F F F F F F F F F F F F F F F F F F F F F F F F F F F F F F F F F F F F F F F
  <DiscreteSampler_grid>
  grouped_processes
  1 # 1 for a reference and 2 for a running grid.
  10 # Attribute 'min_bin_probing_points' of the grid.
  1 # Attribute 'grid_mode' of the grid. 1=='default',2=='initialization'
  0.0000000000000000 # Attribute 'small_contrib_threshold' of the grid.
  0.5000000000000000 # Attribute 'damping_power' of the grid.
 # binID   n_entries weight   weight_sqr   abs_weight
    10   10   6.335743423711664E+001   1.437607714221291E+004   6.335743423711664E+001
  </DiscreteSampler_grid>
