  0.00314752938467795  0.01451833702432823  0.02687657447738557  0.03776512355942122
  0.04852718514592881  0.05948032433849958  0.06991265492279018  0.07992101541040537
  0.08989138388571953  0.10011432847631435  0.11023818107257355  0.12020920268354440
  0.13044017492862692  0.14151845597888912  0.15302139680281718  0.16492330585191001
  0.17724879352671077  0.18957612349440248  0.20186788158901561  0.21407364299868248
  0.22593365166258142  0.23826159891370344  0.24900424918391559  0.25933289453883801
  0.26941953419747117  0.28177774606914208  0.29453326694747867  0.30657072155664383
  0.31836179169130630  0.32961634441720566  0.34110400705042587  0.35247658929950731
  0.36358541347543982  0.37469963593999017  0.38572146772474974  0.39603525881660961
  0.40624583686429322  0.41597433271207895  0.42604520818571484  0.43654190903484463
  0.44757141198297423  0.45909463275758222  0.47032748887540127  0.48126126544327175
  0.49147441477413961  0.50128366387668999  0.51109202184390434  0.52103148645818764
  0.53129121940675328  0.54196473616505525  0.55318540333171085  0.56484361663934435
  0.57649733033965012  0.58799355479910143  0.59909564953388716  0.60944893534859956
  0.61925343636987251  0.62897341047745492  0.63933614282654860  0.64957687697989830
  0.66041800577862819  0.67159726559705057  0.68329728875587981  0.69421402980697688
  0.70461769108914918  0.71485797204890378  0.72423210547501904  0.73357134764481124
  0.74274189580781280  0.75288661317544936  0.76377236055096909  0.77527241959068993
  0.78647798709292605  0.79682864358226735  0.80700818076276326  0.81686447993271216
  0.82601901885475337  0.83454674336414270  0.84347567685376623  0.85292207058343406
  0.86301049506871996  0.87204008663765842  0.88155070764010257  0.89141948871031540
  0.90104283185530232  0.91059503279881404  0.92049794713640665  0.93098448806574741
  0.94153573809210400  0.95180131071097585  0.96148430280948727  0.97033688387984307
  0.97826798117715230  0.98555362435950489  0.99262412059511085  1.00000000000000000
  0.00009189251500824  0.00010483135436870  0.00012222185915261  0.00014112363350057
  0.00016206288925677  0.00018633740024715  0.00021678968611416  0.00025330415527799
  0.00029404498345875  0.00033978015150452  0.00039056220964396  0.00044775326234893
  0.00050777416663484  0.00057161149183615  0.00063952188773528  0.00070851044484506
  0.00078178333678796  0.00085803961873136  0.00094245620851781  0.00103113779544174
  0.00112374123026620  0.00121878885349429  0.00131531990146983  0.00141187718161901
  0.00150870780828856  0.00161390501978422  0.00172675593968126  0.00184657122924166
  0.00196635737070101  0.00209727576304132  0.00223548817802364  0.00237439606118636
  0.00252001557862526  0.00266687582175821  0.00281348925417880  0.00296451947003633
  0.00311396603363835  0.00326535196821817  0.00342643338729546  0.00359789283207744
  0.00377885433169207  0.00396681392986458  0.00416668454764168  0.00437752405204191
  0.00460627247600993  0.00484752003647864  0.00509206995822617  0.00533792180461509
  0.00558779679432462  0.00584365056497110  0.00612155369490244  0.00644150261985370
  0.00676972761018006  0.00711445916096606  0.00746779379957710  0.00782371167503786
  0.00816945510320211  0.00851454523416418  0.00887573235797124  0.00925655795100306
  0.00970864658666196  0.01018614008897423  0.01069850007115204  0.01122843080384471
  0.01179842191624608  0.01243844641063277  0.01313655897731979  0.01385923991423675
  0.01462057565126659  0.01537850104631788  0.01606117301901410  0.01678107639887354
  0.01748191218489455  0.01821242580918708  0.01907878098409493  0.02005759628362422
  0.02114430918062125  0.02225602870093706  0.02347695140069333  0.02483647299737990
  0.02658503396235587  0.02871498900282957  0.03083916872950999  0.03312587988868909
  0.03569280429968342  0.03853518007055840  0.04192037726220282  0.04641843847444325
  0.05199508829036976  0.05938231334827074  0.06811724890804736  0.07893785657960239
  0.09650640419543305  0.16032621734022814  0.29884377907228993  1.00000000000000000
  0.00008085977618899  0.00008438764996847  0.00008806439084915  0.00009221977431944
  0.00009678363916683  0.00010101430037565  0.00010520188485773  0.00010953831844974
  0.00011403971350972  0.00011934500718421  0.00012520034178150  0.00013157183945725
  0.00013807427609070  0.00014425872531675  0.00015037752848146  0.00015690478615781
  0.00016347388890164  0.00016987827106945  0.00017647448551704  0.00018349515552049
  0.00019097799865341  0.00019909158726011  0.00020787529855106  0.00021735737730675
  0.00022781571535026  0.00023908596861216  0.00025107637632434  0.00026311690544910
  0.00027507285746604  0.00028926029467053  0.00030338667488473  0.00031934001072210
  0.00033708611785535  0.00035594924494848  0.00037552975431596  0.00039592797745498
  0.00041768375143023  0.00044107443226954  0.00046559338570536  0.00049086516584248
  0.00051708037794148  0.00054519726363594  0.00057485144278536  0.00060587374690191
  0.00063985275146862  0.00067746936530377  0.00071789084585347  0.00076144135180594
  0.00081069466076233  0.00086465466485252  0.00092316541570490  0.00098537735849227
  0.00104828763998791  0.00111222707945659  0.00117637001824752  0.00124652844553402
  0.00132162248549468  0.00140231343622799  0.00148934412370604  0.00158396143910106
  0.00168664378427411  0.00180357974182952  0.00193503020179882  0.00206903514822104
  0.00220199845143962  0.00234312398717440  0.00249501047686897  0.00266821809413410
  0.00286219931979240  0.00306811306922759  0.00329095037761332  0.00352703083241082
  0.00379168017794429  0.00410298572918960  0.00444666381518509  0.00483139523635365
  0.00527361371926888  0.00575731977606447  0.00628351270078481  0.00688393460059727
  0.00760925464304696  0.00849083321126637  0.00950634417899104  0.01064630379745772
  0.01202209743050068  0.01366870910220655  0.01569715176615341  0.01851124727245605
  0.02241333125622580  0.02652295109536405  0.03221690867973964  0.04372525470248480
  0.06119810348647830  0.09664229998291596  0.14196584178424615  1.00000000000000000
 -0.00154670331397004  0.00583237995408704  0.01263303568773625  0.01939436346318317
  0.02652631430965868  0.03405001510990764  0.04176211909383368  0.04930222129802991
  0.05653590969622996  0.06383143860943628  0.07103933324315509  0.07829176565412638
  0.08531142786571048  0.09247063102634340  0.09960685603879381  0.10670992705658731
  0.11353060765169581  0.12026557927845638  0.12712796574893076  0.13432948636196548
  0.14188557185375894  0.14948737601062134  0.15679445738919393  0.16393387765907430
  0.17122528645081753  0.17878563474914616  0.18653044969950272  0.19451922008287445
  0.20281256401904077  0.21091593256721142  0.21880587602951612  0.22657820880019364
  0.23521302260412397  0.24465172464394797  0.25399322541902131  0.26288705808860918
  0.27173607015163459  0.28053544621969528  0.28945514029837660  0.29864663994832058
  0.30828677788572473  0.31797868534842866  0.32728025096002328  0.33641396434758886
  0.34506925261682692  0.35424345507013572  0.36397866430305503  0.37417184052353020
  0.38463792556466320  0.39498165700053117  0.40529084787672381  0.41567776624051417
  0.42578100690562509  0.43565438693650577  0.44562112575017715  0.45555672208203268
  0.46550311617977236  0.47594763454352312  0.48668275391117238  0.49824121251518161
  0.50936089873392587  0.52120863460883216  0.53260029694242417  0.54452282621162440
  0.55662096816426387  0.56843776216748299  0.57961209390095503  0.59154313516996460
  0.60402663111185650  0.61628069830479726  0.62860383436712108  0.64171857055336301
  0.65472945027742080  0.66618622282959117  0.67704050238707914  0.68857489256163484
  0.70249990487803360  0.71815452944688174  0.73360543178049509  0.74828320316231656
  0.76189182611802986  0.77484285820080478  0.78830149456746501  0.80378829591603718
  0.82105442157442432  0.83677863156926691  0.85229575254885781  0.86808578819862237
  0.88459289487093240  0.90301957950063505  0.92120798212880273  0.93678789687961839
  0.95156792303663995  0.96714178057776101  0.98322398950966139  1.00000000000000000
 -0.00190569095387148  0.00882175739433779  0.01825464806346161  0.02944525439303871
  0.03952974231684046  0.04975024440989862  0.06002415730508959  0.07042397797427036
  0.08117739578326513  0.09209077162937790  0.10314512694418904  0.11366553330677209
  0.12397601116045714  0.13432273503356013  0.14493281931777677  0.15552327120756063
  0.16611716454712921  0.17633836179191961  0.18635293025113298  0.19636742778829586
  0.20656821996733682  0.21694104617012144  0.22765374423054383  0.23948242231899064
  0.25089380903179453  0.26117198137417064  0.27091758535465105  0.28086766932433532
  0.29086014583013781  0.30101444680351364  0.31187996734231710  0.32302141187771510
  0.33345797627452289  0.34342064552480556  0.35361395196530038  0.36425105670353120
  0.37442050370379143  0.38428349984522903  0.39454206213877113  0.40540228856987787
  0.41684689923625118  0.42836600480544934  0.43982381607135440  0.45145629044735675
  0.46246471341871243  0.47305861894601697  0.48287461540813914  0.49242219965222556
  0.50234647288845502  0.51191658526361228  0.52129736344270439  0.53056163943999934
  0.53991943558317412  0.54974122165222372  0.55995951466308691  0.56993018216839963
  0.57966250677401132  0.58924768967585650  0.59936969629982373  0.61000698285542843
  0.62047109309616721  0.63038121875892594  0.64010758089011077  0.65039088174572790
  0.66150507662242686  0.67260456068103425  0.68359892420103818  0.69458015854758115
  0.70581176638252252  0.71754695344863151  0.72966547410188010  0.74200082260861511
  0.75331773653723277  0.76314630590081212  0.77267578030231299  0.78309944832259981
  0.79476623116957323  0.80689122052372242  0.81734203754139056  0.82746419085140199
  0.83701580033182588  0.84770781434333065  0.85831247220660301  0.86916792351030325
  0.87981483223362056  0.89088722333007242  0.90187773412460359  0.91341937983191057
  0.92481759685537535  0.93626482451320747  0.94756407689286659  0.95821965994994951
  0.96845320237026200  0.97848173391853521  0.98904870607141226  1.00000000000000000
 -0.00260681047388210  0.01006175197272750  0.02072921429866896  0.03173214338764147
  0.04304049488548225  0.05414083001829108  0.06468918383495721  0.07488061997121565
  0.08504379713782804  0.09570511302388553  0.10664092737643922  0.11776350770273079
  0.12820806133368204  0.13842851917877935  0.14806257463473527  0.15741020436036826
  0.16671461151721570  0.17607708723751428  0.18529600824530251  0.19420307094236819
  0.20311318928553126  0.21263546410505713  0.22183921234787801  0.23091244122125928
  0.24053468917100396  0.25089611784776683  0.26134276068395429  0.27095382040735683
  0.28073240259917748  0.29107131702583733  0.30225359077905523  0.31335621003996800
  0.32394156814341213  0.33489746095612860  0.34621623688107273  0.35762776108694777
  0.36919582691410713  0.38117259384052560  0.39328856234392784  0.40502502765194143
  0.41642525607379027  0.42808977326801273  0.44000217028893629  0.45156462651216212
  0.46243928572873810  0.47317801772460905  0.48462078589530216  0.49695468040941393
  0.50874412811985459  0.51961752606130940  0.52971232391260648  0.53957781977398089
  0.54967749186322223  0.55971981805997106  0.57003455103530087  0.58020070786654643
  0.59076099424481432  0.60157435080853383  0.61219726342342351  0.62265587737908179
  0.63275521456913142  0.64306148101401939  0.65339382152635939  0.66416624461295792
  0.67516536801082283  0.68594811897464814  0.69654561179152064  0.70726949842735432
  0.71791914793044287  0.72813634066083643  0.73825904860499636  0.74863822645032685
  0.75852179974300027  0.76844078225481649  0.77835273489694634  0.78904372578843374
  0.79960288771106491  0.80997645410649877  0.82021379981550802  0.82996321020936414
  0.83956015696999520  0.84940799377397536  0.85994073201352450  0.87093570862096981
  0.88164839953711061  0.89132621424762226  0.90098904874340158  0.91094454220117227
  0.92102167176315797  0.93143259903882192  0.94215381286348288  0.95362625178533911
  0.96508814216995120  0.97644556831439255  0.98812179615886619  1.00000000000000000
  0.00260636831400923  0.00616923644686172  0.00881932354060877  0.01130061557075243
  0.01364797731800512  0.01587810657181600  0.01802459837980672  0.02012410184504394
  0.02218378165968826  0.02423180730981306  0.02625175284234155  0.02823544001379094
  0.03017752599866272  0.03208498186964416  0.03398345902114688  0.03591054517974486
  0.03783448634434914  0.03975513905870575  0.04163724149229441  0.04347450424166854
  0.04531617311399881  0.04714816057517369  0.04905710231519487  0.05089282220552669
  0.05269904545709147  0.05450436259236146  0.05634233790956681  0.05829016437758297
  0.06020025962547790  0.06220377013053555  0.06423925030590019  0.06619130505827683
  0.06807292628214057  0.06993349096616884  0.07183810129170627  0.07388865704896937
  0.07610245891790751  0.07828554861505521  0.08019023071091537  0.08201501715871500
  0.08385496461101105  0.08555062695204933  0.08723746104843341  0.08913202666228021
  0.09111307759731736  0.09304148586330833  0.09484564360550178  0.09654645426842350
  0.09836772653928140  0.09999333813205744  0.10176986855013823  0.10373785235407482
  0.10592330754649974  0.10827390079584362  0.11027798485446448  0.11225380000440886
  0.11411335182539008  0.11579468535223503  0.11754095836293810  0.11950073963527721
  0.12181735654793398  0.12428567403205147  0.12663801466851612  0.12881465816993365
  0.13097557230952628  0.13322171719018336  0.13594736304497274  0.13934567576055218
  0.14289280168800203  0.14627806929627815  0.14994299086474785  0.15384454658989910
  0.15786429574810218  0.16259328095757256  0.16838830150248815  0.17416769243381719
  0.18037305646926619  0.18604305581687747  0.19119895667664449  0.19733373857601325
  0.20361158740976851  0.20999604303335334  0.21592795686713614  0.22092987144901094
  0.22427447443667192  0.22709659395940379  0.23130141898454476  0.23657084208694107
  0.24402621529067745  0.25497854102106227  0.27627604162657782  0.30815012330767866
  0.38300224852346865  0.42686043133642665  0.57765118946783822  1.00000000000000000
 -0.00238608276914329  0.01218411191032415  0.02565328139391108  0.04097992602457394
  0.05695122006137270  0.07301111300716133  0.08932639594177891  0.10555234610121624
  0.12163279175527245  0.13715292514209054  0.15186759097786007  0.16605861662449423
  0.17880694776404610  0.19119855245212122  0.20318432982984602  0.21472818176515240
  0.22596573828737826  0.23718870293169159  0.24856254605917244  0.26002578047720448
  0.27148804841664076  0.28285699070463582  0.29371578116479091  0.30354268439957210
  0.31250293440878169  0.32070655307299395  0.32886975354218079  0.33701768075732158
  0.34499886513601835  0.35267392829764510  0.36018406414098791  0.36794378959164842
  0.37610400654210380  0.38474283381089819  0.39360137259953715  0.40272163515590931
  0.41173566543207712  0.42070725219417515  0.42999980095590445  0.43873576369509448
  0.44733826382806396  0.45552287202153280  0.46316922846870995  0.47065830287621108
  0.47843491351378697  0.48596501739765308  0.49358069813851707  0.50101690637772056
  0.50836469709577170  0.51559736006474044  0.52277451748296788  0.52960976515275504
  0.53622464466635622  0.54290413107426783  0.54960207006324924  0.55670132196938538
  0.56410082111717963  0.57190568245731477  0.57993121865159403  0.58813595208419156
  0.59635356565158526  0.60466499680408758  0.61233981891599942  0.61995209758185787
  0.62782846303636730  0.63664855336021220  0.64606729465451174  0.65540233520403524
  0.66436647378709457  0.67306970003014943  0.68178946308267430  0.69060504888605112
  0.69973944311684622  0.70929912759910141  0.71952533033908539  0.73012241035371517
  0.74058433762965348  0.75098821348655920  0.76158202610598003  0.77247349352361983
  0.78367944513188059  0.79555140116257228  0.80819459197623567  0.82009563541786856
  0.83173656044075128  0.84386159521862303  0.85612191906270774  0.86858262847483281
  0.88248992071705523  0.89774025748934949  0.91303340711548997  0.92909935841571056
  0.94619807860535099  0.96382832018289011  0.98145744458860951  1.00000000000000000
  0.36497578334059205  0.58767502371328217  0.61242029782808782  0.63393278904871331
  0.65265575236070394  0.67130665427732261  0.68766173701631195  0.70293248067416114
  0.71671644662436684  0.72904549666934870  0.74014737249202567  0.75063452910550366
  0.76031257694185239  0.76958414710465572  0.77896854764809431  0.78773437835451621
  0.79571524115377168  0.80334875798017413  0.81059263982368090  0.81703768947607180
  0.82311159160033853  0.82908428586982541  0.83454756511777217  0.83969643758323576
  0.84470828597321268  0.84958675584393117  0.85412372204925635  0.85833035307378291
  0.86236464522664824  0.86636783339000678  0.87030431065054870  0.87410134816484564
  0.87769192173063371  0.88109699656774942  0.88435258718782994  0.88761706690894404
  0.89084751366615778  0.89400271570758694  0.89701450970634899  0.89988483327284274
  0.90273981088233890  0.90558879293026606  0.90831582545588607  0.91101835015565313
  0.91371778678147331  0.91628135953943857  0.91865309321590871  0.92092670321597503
  0.92323237904489008  0.92548075812172492  0.92766470378927457  0.92983729209614796
  0.93190926019281584  0.93386316151112592  0.93575434621993869  0.93761466241333680
  0.93944051430940689  0.94126199069218841  0.94307309951657592  0.94481547074817207
  0.94648498607835907  0.94811040573734240  0.94969402680159876  0.95124113135115163
  0.95273623915998440  0.95422612264025497  0.95569963723678342  0.95719519711924139
  0.95870256215419691  0.96020181393534654  0.96167960497914251  0.96309737999815404
  0.96445825448862721  0.96587666958560237  0.96722186619451711  0.96852394247826279
  0.96977937808229309  0.97099710724697352  0.97221725139090720  0.97338220145140175
  0.97459417151474537  0.97581180626916675  0.97704494122248264  0.97828083729135429
  0.97950318694116179  0.98074978273158442  0.98200805902217758  0.98326936497307993
  0.98452853489430747  0.98580968992350748  0.98724923242731677  0.98875966150581862
  0.99040720813221494  0.99228496888986739  0.99490690538875215  1.00000000000000000
   1.0825398350441509E-008  -1.0000000000000000     
 F F F F F F F F F F F F F F F F F F F F F F F F F F F F F F F F F F F F F F F F F F F F F F F F F F F F F F F F F F F F F F F F
  <DiscreteSampler_grid>
  grouped_processes
  1 # 1 for a reference and 2 for a running grid.
  10 # Attribute 'min_bin_probing_points' of the grid.
  1 # Attribute 'grid_mode' of the grid. 1=='default',2=='initialization'
  0.0000000000000000 # Attribute 'small_contrib_threshold' of the grid.
  0.5000000000000000 # Attribute 'damping_power' of the grid.
 # binID   n_entries weight   weight_sqr   abs_weight
    10   10   1.031892688021422E+002   7.511011354173746E+004   1.031892688021422E+002
  </DiscreteSampler_grid>
