  0.00350499637206746  0.01172685233974365  0.02022744031495444  0.02912834375271509
  0.03829703025106600  0.04566867557976308  0.05357094874055128  0.06123143536067779
  0.06850698981247702  0.07712261490145630  0.08452376126495006  0.09185738985436910
  0.09955601095028099  0.10854150239767925  0.11811336794941207  0.12675328725130294
  0.13482918125948723  0.14276585638505784  0.15162719104435715  0.16196725428539716
  0.17357061306750754  0.18422345080307190  0.19572948007197322  0.21048663934625420
  0.22474463563099764  0.23828833590268547  0.25099627195160323  0.26406261645309137
  0.27735479160957366  0.28956427276765090  0.30048057733327943  0.31103838578573362
  0.32224491885249390  0.33293001301259872  0.34402492769283005  0.35561880120608513
  0.36750924236145360  0.37894973428527068  0.39024635013631759  0.40273291521762777
  0.41225008680920189  0.42190129170894702  0.43208684802467390  0.44020997461519595
  0.44633358240364696  0.45183939190156280  0.45756291729983040  0.46419465177403485
  0.47034574252239147  0.47722696055356978  0.48486986243649771  0.49123461227797577
  0.49694703229904802  0.50568422540215063  0.51927455500272168  0.53291963453075819
  0.54713801929455930  0.56405779269598799  0.58241913684545843  0.60021428914891994
  0.61742924956438872  0.63456165101659856  0.64989312268536015  0.65950543272365292
  0.66788453809803849  0.67584352981990992  0.68371698139966552  0.69123422552089153
  0.70077220032221010  0.71250212655574252  0.72481772852376203  0.73700047918679801
  0.75024175393527059  0.76072212239207848  0.77153856335559423  0.78164884709680604
  0.79317426633500865  0.80447493454931041  0.81368913629318929  0.82193591613091721
  0.82972441006067221  0.83839297611145203  0.84875339097498126  0.85978479043231260
  0.86960251323497040  0.88040079341329081  0.89254396921316104  0.90428052031655914
  0.91718022998902238  0.93016960619307154  0.94240882052879527  0.95375467007667347
  0.96522736692059474  0.97598629773829693  0.98805925804537675  1.00000000000000000
  0.00008559205538922  0.00008875140544615  0.00009109911198298  0.00009252272850514
  0.00009427317510231  0.00009591420639094  0.00009761311053923  0.00009936780169259
  0.00010174156928629  0.00010434721310645  0.00010715423268568  0.00011004388561802
  0.00011272491581314  0.00011525857442489  0.00011760065881855  0.00011990236100764
  0.00012337240065322  0.00012984477512342  0.00013893391940811  0.00015054266805036
  0.00016108644314293  0.00017676298524577  0.00019246384329924  0.00020727247234651
  0.00022711363927133  0.00024896422478617  0.00027272420835201  0.00029924482699840
  0.00032406556944894  0.00034830136173085  0.00037518065489793  0.00040561425987367
  0.00043161480237540  0.00045798892396518  0.00049084087780416  0.00052358677582317
  0.00055909188593664  0.00060389185062135  0.00066338758074460  0.00072841486591210
  0.00081029744377012  0.00091124349942029  0.00102927304815704  0.00115191569981639
  0.00127119979320145  0.00139935890588042  0.00155235180370416  0.00174665024263394
  0.00200563099346889  0.00226373260366142  0.00251332659579022  0.00275212233080059
  0.00297754601922108  0.00319473815510686  0.00342096965985826  0.00371650416001877
  0.00407408060763202  0.00442378332287105  0.00479969583026528  0.00522983632367362
  0.00567399560177001  0.00613138158042111  0.00660040282325326  0.00705181105006385
  0.00753748564120409  0.00808754535035240  0.00876679134065262  0.00956506345703376
  0.01054912565406958  0.01149260684250055  0.01247854078241145  0.01338056469044070
  0.01420309514097567  0.01509040520845838  0.01617771604431877  0.01746359568786283
  0.01936757218303788  0.02135384773482316  0.02353951313065359  0.02608575578910185
  0.02872071379443042  0.03122579186216829  0.03373276474154849  0.03679745648782550
  0.04038034200675968  0.04413243278453070  0.05004059244756544  0.05698502614285445
  0.06523458966298964  0.07775015609784611  0.09318448643669666  0.10899744752739951
  0.14301826655373301  0.20634654445271683  0.73616807011483842  1.00000000000000000
  0.00004848422252829  0.00007544869130652  0.00011999829125390  0.00018821502114338
  0.00026896878958096  0.00038638625411983  0.00055150416304568  0.00076416391046461
  0.00105268557039736  0.00141687660132813  0.00186791568237515  0.00242631586432751
  0.00301331739968267  0.00363763995802911  0.00430398085988545  0.00501895075745200
  0.00571820085446546  0.00643465456647712  0.00708706730422633  0.00779950728808384
  0.00861973974866377  0.00957355050095211  0.01046534027684756  0.01134829433961632
  0.01236646243894539  0.01370027672671759  0.01525297940461774  0.01672763129172937
  0.01807702115102211  0.01949382908659745  0.02074108057374725  0.02215357365397773
  0.02345011231357550  0.02456281451620281  0.02568087525994239  0.02675253614066150
  0.02785312074475605  0.02919163789712690  0.03037962725073694  0.03148505816806241
  0.03249924120558446  0.03357370189498379  0.03476280909482418  0.03604576349152813
  0.03802536028829601  0.04039299501884375  0.04238984478696645  0.04379417140913053
  0.04495804230853465  0.04610065751163134  0.04725755852776277  0.04847434015404238
  0.04976728842480570  0.05088284083234436  0.05211417570422436  0.05353245362736128
  0.05502016262071899  0.05657018461387062  0.05815573617342969  0.05991097244549798
  0.06168050346659554  0.06311102285563029  0.06422146720161044  0.06554036400785783
  0.06681693909159858  0.06810053425215958  0.06952502156095468  0.07112329922500574
  0.07288482771702640  0.07479513426969410  0.07688768687558703  0.07910235193739359
  0.08141103511670597  0.08383755812792143  0.08648288474031253  0.09065421571208954
  0.09463312235536897  0.09862621467796409  0.10281644212737777  0.10893063086323088
  0.11458402009191754  0.12002535099511068  0.12529188191482213  0.12982732507675254
  0.13397753622150235  0.13794642305830226  0.14160943043941904  0.14416689257402732
  0.14681839265531935  0.14968488489163004  0.15357797216131475  0.15905321241956921
  0.16939334654161953  0.18866494714681520  0.39631820572075399  1.00000000000000000
 -0.00391988954985498  0.01553643338099447  0.03533891690920903  0.05819327589527792
  0.08524150917773661  0.10753809306570911  0.12197275653336856  0.13351293595229460
  0.14475920522591895  0.15507524721413118  0.16334442933266788  0.17420057376612960
  0.18903795021211553  0.20901182276193028  0.23057606826527763  0.24342754779443640
  0.25344613475873906  0.26314754224739212  0.27235655238229733  0.28164768739414692
  0.29169909536004818  0.30328674232315184  0.31524455289171394  0.32553215576743905
  0.33490457396016249  0.34325277473532745  0.35257732597675429  0.36052216062672382
  0.36995359956744595  0.38156070038070056  0.39283138028932713  0.40109646653842906
  0.40943714551813387  0.41873031246564929  0.42808973658491156  0.43555822132277933
  0.44445211123439116  0.45469776674989160  0.46432093380248396  0.47320873951331732
  0.48493075140341674  0.49639296585653181  0.50817271681442555  0.51963583356043330
  0.53231591506979858  0.54366013072926478  0.55458508327333966  0.56510128027840023
  0.57757869251292082  0.59080617524711931  0.60444760596762448  0.61805623084750250
  0.63328965349575927  0.64686421398452953  0.65692892401240666  0.66564257136914706
  0.67447886238722177  0.68237145303961522  0.69196492867646098  0.70104314556296654
  0.70921499210453809  0.71812039807758332  0.72611564655604133  0.73367339717084257
  0.74335357482557707  0.75211354264959407  0.76019245816925218  0.76771467253448133
  0.77455707199206036  0.78084264970532535  0.78697073676615759  0.79445374146153003
  0.80225989058774860  0.80936496180447148  0.81720487044718937  0.82483477404353511
  0.83209389103886822  0.83931316892224650  0.84713653697360447  0.85687177426620120
  0.86535110671740345  0.87451970008932689  0.88495746171180556  0.89514976560960169
  0.90362864988815816  0.91228329191567492  0.92113448083717198  0.92970688323278605
  0.93578486041766984  0.94082360187543113  0.94596651488486860  0.95122810498517552
  0.95809345658994549  0.96881028614632148  0.98204688843524612  1.00000000000000000
 -0.00289703055329749  0.01382163415209072  0.02718395678233127  0.03969580828490834
  0.05322484815752052  0.06729163428247251  0.07978720077930167  0.08911415345158089
  0.09642308333357578  0.10409101926863283  0.11522563118226388  0.12885490294871740
  0.14235832080251976  0.15614879188249933  0.16863359565997202  0.18042090296221797
  0.19034354352802574  0.19843149901160662  0.20716028464887892  0.21703011044647316
  0.22694031057776054  0.23570932106988499  0.24470379334205913  0.25298192978095463
  0.26082096725846832  0.26988018027508098  0.27960549176464267  0.28914914958401455
  0.29682362920496613  0.30415944943994799  0.31352581096732512  0.32209814258663055
  0.32999635819428114  0.33826056577763225  0.34595543032419679  0.35489604561262084
  0.36760782976030687  0.38080173660147232  0.39357630072167166  0.40619482796813355
  0.41772295952719701  0.42842306488713944  0.43980571221824660  0.45178062997098895
  0.46646620917452991  0.47569317534614836  0.48385921311842406  0.49239262430467468
  0.50113550682930197  0.51102772619347769  0.52267866547273611  0.53536828656674329
  0.54562144966212944  0.55645636938983667  0.56627346905171894  0.57444312674545561
  0.58527432775524135  0.59641005727582541  0.60799852583572889  0.62012315219303205
  0.62969204636969289  0.63845608171907653  0.64655407672363863  0.65466560573787025
  0.66241563322927177  0.67144542136163354  0.68110746868564975  0.69144519727573828
  0.70218068421279201  0.71185713317091215  0.72195172758729054  0.73175991884881353
  0.74291111871274873  0.75544417993608404  0.76738419083856024  0.77779548014055089
  0.78816862897176065  0.79865999148624534  0.80970309038832777  0.82268090697990648
  0.83641148934576248  0.85053413420666679  0.86325446757353375  0.87376413874459324
  0.88285626415451768  0.89132271827407972  0.89989205644270054  0.90895898999497415
  0.91774460940835867  0.92681580031599164  0.93692704617087164  0.94715907518557074
  0.95866816041495317  0.97220207967944916  0.98540773592938036  1.00000000000000000
 -0.00258594862509116  0.01068498302941008  0.02159977900701526  0.03226034160433851
  0.04214311762614251  0.05187489996039250  0.06148238974330161  0.07097259102827055
  0.08090569118386449  0.09094899968413707  0.10012254526357252  0.10907898559617232
  0.11730289537581549  0.12708733293165075  0.13944813012880114  0.15243855952638533
  0.16558756779844233  0.17903107435374882  0.19210832341179529  0.20542078321420185
  0.21871778114601503  0.23035483744267374  0.24124922011025046  0.24836886991280641
  0.25568725454273777  0.26272116763801295  0.26976582940972987  0.27732382267334921
  0.28452936620336094  0.29520071541967929  0.30846205977508889  0.32406022250013644
  0.34279623948898774  0.36267334173620785  0.38096253716752332  0.39675756771042103
  0.40813340370233109  0.42081659269419802  0.43343618382550919  0.44244820076537827
  0.44932633940611355  0.45749206242538260  0.46598150249204501  0.47605095269961756
  0.48546332578669493  0.49413128862240530  0.50582611592084503  0.51747700406937225
  0.52990121478889540  0.54027111095674074  0.55000350069629866  0.55893934701357229
  0.56713268127847605  0.57470180571594209  0.58309997401042257  0.59400761100545041
  0.60702238973759870  0.62055548390207060  0.63378629851434787  0.64638844889110114
  0.65839329426146220  0.67162913167220151  0.68774143870875803  0.70114302970520048
  0.71259165851742390  0.71913680647900857  0.72622507414606796  0.73307100129102321
  0.73979222478054818  0.74914081763398921  0.76141500307633625  0.77390391019611804
  0.78709075787819427  0.80049732088051018  0.81316955725606233  0.82465728221868573
  0.83557535926510318  0.84636469387363999  0.85890921074376680  0.87105400967065383
  0.88465637777733808  0.89610927265394502  0.90535985704248334  0.91462051641427566
  0.92417668069104797  0.93283192395429892  0.94162298363680652  0.95155205744103555
  0.96122352539778932  0.96800386176962916  0.97364249060348163  0.98014211912049531
  0.98376049295967238  0.98756702772320981  0.99142709450918065  1.00000000000000000
  0.00248478242529195  0.00526859845936016  0.00894732570507588  0.01237617427417095
  0.01536372527100784  0.01808446163436479  0.02068531249593885  0.02320471288417909
  0.02565567282305293  0.02801349592752397  0.03038024384477624  0.03275090254738011
  0.03511008951032883  0.03700264127039331  0.03871515453158948  0.04021904992686809
  0.04158971019648635  0.04295819555410833  0.04433425453888552  0.04562765050483409
  0.04747359623442211  0.04894673914982278  0.05041216871137695  0.05184978181200286
  0.05324047317237428  0.05495919569053797  0.05616648128411814  0.05716614684049765
  0.05815989918512627  0.05904954210530822  0.05991753279644331  0.06081172148786394
  0.06176823918213703  0.06274249344074045  0.06386439204857766  0.06535957713079811
  0.06676038489901716  0.06822899515779368  0.06974481191927853  0.07116375129247161
  0.07269021534404033  0.07420962888393692  0.07573708424625493  0.07730368600889591
  0.07898129189250139  0.08085520063696885  0.08269210213908718  0.08476360546915734
  0.08717225122047294  0.08996485732207996  0.09295885100567831  0.09541734984864529
  0.09777918747684275  0.10016851334418017  0.10327387493714298  0.10702846940913933
  0.11204535846112841  0.11620616671883215  0.11909783971404672  0.12180000678317060
  0.12439438605838840  0.12681759152590608  0.12938750440071375  0.13207860929306336
  0.13487888753614596  0.13758270842842982  0.14079856154933096  0.14428646276712931
  0.14745494111202426  0.15040381668278893  0.15337988125189631  0.15670666880390138
  0.16005376378120151  0.16315227446853678  0.16699291133600785  0.16952551063302121
  0.17210308718821052  0.17503309911119694  0.18004350157710325  0.18414279187677249
  0.18781064574204456  0.19196339526034431  0.19776585661398535  0.20458687565406516
  0.21208609605286255  0.22271922868218497  0.23846809462946314  0.25578106330642231
  0.27063183225711601  0.29185326235930775  0.31696246212651130  0.33705653921709422
  0.35917575739252006  0.40015710859099479  0.63646278369740494  1.00000000000000000
 -0.00008421956800419  0.00161584446411136  0.00699379903363974  0.01545898696849493
  0.02728160320605351  0.04964914316791339  0.07212442246372515  0.08832199533398433
  0.09985381989828705  0.10978694488499659  0.11984414909149135  0.13052068838390452
  0.13784592135895266  0.14583350530414416  0.16201133030289125  0.18546859424587053
  0.20764068253130485  0.22445180136278681  0.23680226323336823  0.24683260267901844
  0.25807881679203454  0.26757072311054253  0.27609780423069746  0.28413349662843651
  0.29237087310286891  0.30056202096391427  0.30911301666421342  0.31890634247349653
  0.32853069859483092  0.34202564731696361  0.35306194059473683  0.36268946181699974
  0.37102050005216880  0.37894754928477786  0.38713356849470654  0.39518025864394235
  0.40250673735805459  0.40939931118739903  0.41523088654927770  0.41985250962921472
  0.42427765212853996  0.42864067973679537  0.43374284117142520  0.43938503422969272
  0.44506122833623757  0.45068906449038881  0.45570327573184916  0.46047629925240641
  0.46651069288554997  0.47271797707668384  0.47905499463654494  0.48584740768807944
  0.49380420398376945  0.50157921311141984  0.50848949226589479  0.51502925310466241
  0.52127762631042229  0.52800898848926481  0.53513020869709371  0.54271115594202146
  0.55078448957788240  0.55948936026843687  0.56903660383254873  0.57937391223771428
  0.58968583499435256  0.59869181042915998  0.60658377560101517  0.61396604823657175
  0.62128893508661132  0.62910986001438285  0.63734302844220092  0.64670034123381648
  0.65665424184739740  0.66713127386509385  0.67775541814915363  0.68796596376223385
  0.69848835661561581  0.70746652730800608  0.71754237180863734  0.72684688219389559
  0.73560247011564117  0.74505404497727168  0.75526338688957362  0.76947202291431438
  0.78434504315215414  0.79979658686245014  0.81701105665181173  0.83686268869606584
  0.86064242926854084  0.88117592279367718  0.90314586744795522  0.91854149634470439
  0.93696452311700484  0.95688260889169463  0.97727464664030361  1.00000000000000000
  0.40296906683212086  0.60826892580249869  0.65565261979780531  0.69245881385176367
  0.72252482683812669  0.74792019595674253  0.76863261599615573  0.78836180201321049
  0.80715697346966397  0.82251840838005275  0.83566635946078061  0.84778110302501841
  0.86018814468782312  0.87071073140448008  0.87851833732483542  0.88507787124182824
  0.89196561135161501  0.89811332810183953  0.90335048403331508  0.90852897750479855
  0.91403480637316026  0.91886235665134208  0.92269631246509609  0.92685332674546250
  0.93045295039030107  0.93339723798482055  0.93583624845548086  0.93788182487693939
  0.93989078943277649  0.94196701115327708  0.94390179968540000  0.94578413728785760
  0.94736145243797487  0.94882267009636534  0.95029469114108167  0.95174693297092428
  0.95315578870200324  0.95449009011957475  0.95575260515226268  0.95703313732180217
  0.95819712248455258  0.95924778084509288  0.96045410281574550  0.96174171833221489
  0.96311434398518547  0.96436054148953487  0.96558080371032473  0.96688735565676953
  0.96801209484716655  0.96909199466101426  0.97007703148698521  0.97106347772408175
  0.97204665949917568  0.97295748505429225  0.97372267553029890  0.97439902795939370
  0.97503100815194976  0.97564939107694215  0.97628329592028362  0.97702128227718443
  0.97766445793288581  0.97839800211423855  0.97913158188347371  0.97987984211542789
  0.98058654912621246  0.98117939537327070  0.98170889048137899  0.98221796832358277
  0.98268876382764792  0.98327973762232479  0.98393752168796644  0.98453263031020488
  0.98512078820837956  0.98569760753869506  0.98625298865384214  0.98678651688417096
  0.98731062511066614  0.98784407912210659  0.98843619066968291  0.98910276734333102
  0.98984874480274088  0.99051927533433504  0.99117155647502764  0.99178723551409731
  0.99235362129280713  0.99298002831276022  0.99358754250117820  0.99419689629823793
  0.99482727531699067  0.99541576426210587  0.99590731566727431  0.99638902561082543
  0.99689532206896281  0.99748617506132242  0.99828096779531428  1.00000000000000000
   7.0138790760251794E-009  -1.0000000000000000     
 F F F F F F F F F F F F F F F F F F F F F F F F F F F F F F F F F F F F F F F F F F F F F F F F F F F F F F F F F F F F F F F F
  <DiscreteSampler_grid>
  grouped_processes
  1 # 1 for a reference and 2 for a running grid.
  10 # Attribute 'min_bin_probing_points' of the grid.
  1 # Attribute 'grid_mode' of the grid. 1=='default',2=='initialization'
  0.0000000000000000 # Attribute 'small_contrib_threshold' of the grid.
  0.5000000000000000 # Attribute 'damping_power' of the grid.
 # binID   n_entries weight   weight_sqr   abs_weight
    10   10   2.916941574698101E-001   3.849292783280617E-001   2.916941574698101E-001
  </DiscreteSampler_grid>
