  0.00709437437207082  0.02222553061627846  0.02361772789922366  0.02500992518216887
  0.02640212246511407  0.02779431974805927  0.02918651703100447  0.03057871431394968
  0.03197091159689488  0.03336310887984008  0.03475530616278528  0.03614750344573048
  0.03753970072867568  0.03893189801162088  0.04032409529456609  0.04172911320282956
  0.04348097823655249  0.04523284327027541  0.04698470830399834  0.04873657333772127
  0.05048843837144419  0.05224030340516712  0.05399216843889004  0.05574403347261297
  0.05749589850633589  0.05924776354005881  0.06099962857378174  0.07763365360881921
  0.18305231157321089  0.28847096953760254  0.39388962750199402  0.49930828546638567
  0.60472694343077737  0.64738741386235854  0.64993481405015652  0.65248221423795461
  0.65502961442575258  0.65757701461355056  0.66012441480134854  0.66267181498914662
  0.66521921517694460  0.66776661536474258  0.67031401555254055  0.67286141574033853
  0.67540881592813651  0.67795621611593448  0.68050361630373246  0.68305101649153044
  0.68559841667932853  0.68814581686712650  0.69069321705492448  0.69324061724272246
  0.69578801743052043  0.69833541761831841  0.70088281780611639  0.70343021799391436
  0.70597761818171234  0.71626580478498547  0.73446846467108340  0.74050955572695143
  0.74655064678281957  0.75259173783868760  0.75863282889455563  0.76467391995042377
  0.77071501100629181  0.77675610206216006  0.78279719311802820  0.78883828417389634
  0.84772929211302306  0.91773605757001342  0.92082623815935438  0.92391641874869535
  0.92700659933803620  0.93009677992737716  0.93318696051671812  0.93627714110605909
  0.93901876231988224  0.94153212134756559  0.94404548037524905  0.94655883940293239
  0.94907219843061574  0.95158555745829909  0.95409891648598244  0.95661227551366579
  0.95850453680604997  0.95904763302926621  0.95959072925248246  0.96013382547569881
  0.96067692169891505  0.96122001792213130  0.96176311414534754  0.96230621036856390
  0.96284930659178014  0.96339240281499638  0.96382816979622821  1.00000000000000000
  0.00014348992523726  0.00014556770765839  0.00014764549007951  0.00014972327250064
  0.00015180105492176  0.00015387883734289  0.00015644052813388  0.00016021172956342
  0.00016398293099297  0.00016775413242251  0.00017152533385205  0.00019454240181277
  0.00019653559505007  0.00019852878828737  0.00020052198152468  0.00020251517476198
  0.00020450836799928  0.00020650156123659  0.00020849475447389  0.00021048794771119
  0.00021248114094850  0.00021447433418580  0.00021646752742310  0.00021866036564799
  0.00022088757068051  0.00022311477571303  0.00022534198074554  0.00022756918577806
  0.00022979639081058  0.00023202359584310  0.00023425080087562  0.00023647800590814
  0.00023870521094066  0.00024093241597318  0.00024327121905561  0.00024575991014890
  0.00024824860124219  0.00025073729233548  0.00025322598342877  0.00025571467452205
  0.00025820336561534  0.00026069205670863  0.00026318074780192  0.00026566943889521
  0.00026815812998849  0.00027072584329736  0.00052143948627555  0.00100425236148601
  0.00193389106073648  0.00372366209618706  0.00611222877831422  0.00632645257536768
  0.00654067637242114  0.00675490016947460  0.00696654544559584  0.00717801125373084
  0.00738947706186585  0.00760533428535607  0.00784162733676196  0.00807792038816786
  0.00831421343957376  0.00861096127747862  0.00899159644846171  0.00937223161944480
  0.01608981980215541  0.01692326842413642  0.01741256530742809  0.01790186219071976
  0.01839214174575231  0.01893888476116486  0.01948562777657742  0.02003237079198996
  0.02058358514418246  0.02119451878204137  0.02180545241990027  0.02241638605775918
  0.02489572917312839  0.04793716450288416  0.09229284440581444  0.17766863580180692
  0.19263301433181398  0.19647922673830431  0.20032543914479464  0.20417165155128500
  0.20801786395777533  0.21181151484330918  0.21524631177471151  0.21868110870611385
  0.22211590563751618  0.22555070256891852  0.22898549950032085  0.23242029643172318
  0.23515674026383476  0.23515674026384475  0.23515674026385475  1.00000000000000000
  0.00034847308758224  0.00066301135038957  0.00066823222860497  0.00067345310682037
  0.00067867398503577  0.00068389486325117  0.00068911574146657  0.00069433661968197
  0.00069955749789737  0.00070477837611277  0.00070999925432817  0.00071522013254357
  0.00072044101075898  0.00072566188897438  0.00073088276718978  0.00073656360231603
  0.00074399779106475  0.00075143197981347  0.00075886616856219  0.00076630035731091
  0.00077373454605963  0.00078116873480835  0.00078860292355706  0.00079603711230578
  0.00080347130105450  0.00081090548980322  0.00081833967855194  0.00122984828922478
  0.00131609302059035  0.00135413346909977  0.00139217391760920  0.00143021436611862
  0.00147265832344257  0.00151516492881020  0.00155767153417782  0.00160034867414505
  0.00164784578763022  0.00169534290111540  0.00174284001460057  0.00189078795770083
  0.00252189512310297  0.00257225534403828  0.00262261556497358  0.00267297578590889
  0.00272333600684419  0.00277369622777950  0.00282863985334946  0.00288491263985441
  0.00294118542635936  0.00299745821286431  0.00305373099936927  0.00311000378587422
  0.00317264968780003  0.00323552920743319  0.00329840872706635  0.00336128824669952
  0.00342416776633268  0.00385736383796305  0.00680738751398897  0.00704703532451967
  0.00728668313505037  0.00752633094558108  0.00778974628777176  0.00805753006290050
  0.00832531383802925  0.00860971726220834  0.00890894031817285  0.00920816337413736
  0.01090413433075750  0.02056772418639860  0.02106441953410007  0.02156111488180154
  0.02205781022950301  0.02255450557720448  0.02306277034529813  0.02361778044533551
  0.02417279054537289  0.02472780064541027  0.02528281074544765  0.02586017421552428
  0.02648034553899043  0.02710051686245658  0.02772068818592273  0.02834085950938887
  0.03248978574356338  0.03393794347400338  0.03538610120444338  0.03682551316519874
  0.03826162373820090  0.03969773431120305  0.05555766386366090  0.05555766386367090
  0.05555766386368090  0.05555766386369090  0.05555766386370090  1.00000000000000000
  0.00548111995061237  0.06597193233111975  0.06944386466223952  0.07291579699335927
  0.07638772932447904  0.07985966165559880  0.08333159398671856  0.08742977248368519
  0.09152826487073037  0.09562675725777557  0.09972524964482077  0.10382374203186596
  0.21031531171179810  0.29344137497936634  0.29940209787795591  0.30536282077654547
  0.31132354367513498  0.31728426657372455  0.32324498947231411  0.32920571237090368
  0.33429965487976143  0.33744185600648152  0.34058405713320167  0.34372625825992181
  0.34686845938664196  0.35001066051336210  0.35315286164008225  0.35649410009340904
  0.35993014469779894  0.36336618930218889  0.36680223390657885  0.37023827851096880
  0.37367432311535870  0.37711036771974865  0.38054641232413861  0.38398245692852856
  0.38741850153291846  0.39085454613730841  0.39429059074169837  0.45966322245681690
  0.57550440608414966  0.69134558971148230  0.71261464120296336  0.71763168230000007
  0.72264872339703690  0.72766576449407361  0.73268280559111032  0.73769984668814703
  0.74271688778518374  0.74773392888222046  0.75275096997925717  0.75776801107629388
  0.76278505217333059  0.76780209327036730  0.81668457070330636  0.85534514033834264
  0.85708732224819351  0.85882950415804438  0.86057168606789525  0.86231386797774612
  0.86405604988759688  0.86579823179744775  0.86754041370729862  0.86928259561714949
  0.87102477752700025  0.87276695943685112  0.87450914134670199  0.87625132325655286
  0.87799350516640362  0.87973568707625449  0.88147786898610536  0.88322005089595623
  0.88496223280580710  0.88670441471565786  0.88844659662550873  0.89018877853535960
  0.89193096044521047  0.89367314235506123  0.89541532426491210  0.89713865628948741
  0.89885603786504464  0.90057341944060199  0.90229080101615933  0.90400818259171656
  0.90572556416727390  0.90744294574283113  0.90916032731838847  0.91087770889394570
  0.91259509046950305  0.91431247204506039  0.91602985362061762  0.92046560158173685
  0.92650336841624958  0.93254113525076221  0.93532133499781289  1.00000000000000000
  0.00064038832982381  0.25141817371730657  0.25283634743461320  0.25425452115191977
  0.25567269486922634  0.25709086858653296  0.25850904230383953  0.25992721602114610
  0.26134538973845267  0.26276356345575930  0.26418173717306587  0.26559991089037244
  0.26701808460767906  0.26843625832498563  0.26985443204229220  0.27138846149965473
  0.27318067090807718  0.27497288031649969  0.27676508972492220  0.27855729913334470
  0.28034950854176721  0.28214171795018966  0.28393392735861217  0.28572613676703468
  0.28751834617545718  0.28931055558387964  0.29110276499230214  0.29291232213629870
  0.29472984342223252  0.29654736470816628  0.29836488599410010  0.30018240728003387
  0.30199992856596769  0.30381744985190151  0.30563497113783528  0.30745249242376910
  0.30927001370970286  0.31108753499563668  0.31343508100370887  0.31763086738115698
  0.32182665375860503  0.32602244013605314  0.33021822651350119  0.33441401289094930
  0.33860979926839740  0.34280558564584557  0.34700137202329367  0.35119715840074178
  0.35539294477818989  0.35958873115563800  0.36378451753308605  0.36798030391053416
  0.37217609028798226  0.41212945126613743  0.42157646771260848  0.42669060477889093
  0.43180474184517337  0.43691887891145581  0.44203301597773820  0.44714715304402064
  0.45226129011030308  0.45737542717658553  0.46248956424286797  0.46760370130915047
  0.47271783837543296  0.47783197544171546  0.52214727434838948  0.52567843589971663
  0.52920959745104368  0.53274075900237072  0.53627192055369777  0.53980308210502481
  0.54333424365635175  0.54686540520767879  0.55039656675900583  0.55392772831033277
  0.55745888986165981  0.56099005141298686  0.56452121296431379  0.56805237451564083
  0.57158353606696788  0.57511469761829481  0.57864585916962186  0.58217702072094890
  0.65970552136960148  0.69207277391992394  0.69812750911616483  0.70418224431240573
  0.71000027742591998  0.71530215820525656  0.72060403898459313  0.72590591976392971
  0.77288447314507869  0.80910236040751138  0.80910236040752137  1.00000000000000000
 -0.00041777292887370  0.00348629742385286  0.00697259484770572  0.01045889227155858
  0.01394518969541143  0.01743148711926430  0.02093304944974446  0.02504950960052945
  0.02916596975131443  0.03328242990209943  0.03739889005288441  0.04151535020366940
  0.04499004862829799  0.04844025636049894  0.05189046409269989  0.05534067182490083
  0.05879087955710177  0.06224108728930272  0.06569129502150367  0.06914150275370461
  0.07259171048590556  0.07604191821810651  0.07949212595030744  0.08294233368250839
  0.08639254141470937  0.08984274914691034  0.09329295687911134  0.09674316461131231
  0.10019337234351329  0.10364358007571428  0.20316623851554599  0.31985737352333710
  0.43654850853112825  0.48027599499577495  0.48202357943595719  0.48377116387613950
  0.48551874831632180  0.48726633275650411  0.48901391719668641  0.49076150163686866
  0.49250908607705096  0.49425667051723327  0.49600425495741551  0.49775183939759782
  0.49949942383778012  0.50124700827796242  0.50299459271814473  0.50474217715832703
  0.50648976159850922  0.50823734603869153  0.50998493047887383  0.51173251491905614
  0.51348009935923844  0.51522768379942074  0.51697526823960305  0.51872285267978535
  0.52047043711996754  0.52221802156014985  0.52396560600033215  0.52571319044051457
  0.52746077488069687  0.52920835932087917  0.53095594376106148  0.53270352820124378
  0.53445111264142608  0.53619869708160839  0.53794628152179069  0.53969386596197300
  0.54144145040215530  0.54830726541114883  0.55593026175645610  0.56323142353901390
  0.56852512975920866  0.57381883597940331  0.57911254219959807  0.58440624841979283
  0.58969995463998759  0.59499366086018235  0.60028736708037711  0.60576712275912525
  0.61175715714436030  0.61774719152959545  0.62373722591483050  0.71709118586224496
  0.83378232087003590  0.85832666507470112  0.86336717093976301  0.86840767680482489
  0.87344818266988677  0.87800437676928200  0.88234514223880356  0.88668590770832523
  0.89102667317784690  0.89536743864736856  0.96652812163035073  1.00000000000000000
  0.00359990171618197  0.00456124845884272  0.00552259520150348  0.00648394194416424
  0.00744528868682499  0.00840663542948575  0.00936798217214650  0.01032932891480726
  0.01129067565746801  0.01225202240012877  0.01321336914278952  0.01417471588545028
  0.01513606262811103  0.01609740937077179  0.01705875611343255  0.01802010285609330
  0.01898144959875406  0.01994279634141482  0.02092853661845032  0.02222106154726914
  0.02351358647608796  0.02480611140490678  0.02609863633372560  0.02739116126254442
  0.02868368619136324  0.02997621112018206  0.03126873604900089  0.03256126097781971
  0.03385378590663853  0.03514631083545735  0.03643883576427617  0.03773136069309500
  0.03902388562191381  0.04031641055073264  0.04160893547955146  0.04446422165325489
  0.04739257271123647  0.05032092376921803  0.05324927482719961  0.05617762588518118
  0.05910597694316275  0.06203432800114433  0.06496267905912589  0.06789103011710747
  0.07081938117508904  0.07374773223307061  0.07667608329105219  0.07960443434903376
  0.08253278540701534  0.16050144332018390  0.25070126350052135  0.25516013262739223
  0.25961900175426317  0.26407787088113405  0.26853674000800493  0.27299560913487586
  0.27745447826174680  0.28191334738861773  0.28637221651548872  0.29083108564235965
  0.29528995476923053  0.29974882389610141  0.30420769302297235  0.30866656214984323
  0.32739650648163082  0.39714048635167959  0.40081646794460640  0.40449244953753322
  0.40816843113046003  0.41184441272338684  0.41552039431631366  0.41919637590924042
  0.42287235750216723  0.42654833909509399  0.43022432068802074  0.43390030228094750
  0.43757628387387426  0.44125226546680107  0.44492824705972783  0.44860422865265459
  0.45228021024558135  0.45595619183850816  0.49585757457885044  0.60205880774732989
  0.70826004091580919  0.81446127408428870  0.85781698613542690  0.86364695122232982
  0.86947691630923274  0.87526932540887969  0.88038582237010432  0.88550231933132906
  0.89061881629255368  0.89573531325377831  0.97220683495203652  1.00000000000000000
  0.17199366887410486  0.17431054626643530  0.17662742365876574  0.17894430105109618
  0.18126117844342662  0.18357805583575706  0.18589493322808751  0.18863732648783268
  0.19233921846833016  0.19604111044882760  0.19974300242932508  0.20344489440982252
  0.20714678639032000  0.21100106443608591  0.21492722654435920  0.21885338865263249
  0.22277955076090578  0.22670571286917904  0.23039183689445375  0.23367479460709653
  0.23695775231973931  0.24024071003238209  0.24352366774502487  0.24680662545766768
  0.25008958317031044  0.25337254088295325  0.25665549859559605  0.25993845630823881
  0.26322141402088162  0.26650437173352437  0.26978732944616718  0.27307028715880999
  0.27635324487145280  0.27963620258409566  0.28291916029673847  0.28620211800938128
  0.28948507572202409  0.33000687919452154  0.35796786699781535  0.36278805595550950
  0.36760824491320365  0.37242843387089780  0.37724862282859195  0.38206881178628610
  0.38688900074398025  0.39170918970167440  0.39652937865936855  0.40134956761706275
  0.40616975657475696  0.41098994553245116  0.41581013449014537  0.46096091295863295
  0.46670154091480887  0.47244216887098478  0.47818279682716069  0.48392342478333661
  0.48966405273951247  0.49540468069568833  0.50114530865186413  0.50688593660804004
  0.51262656456421585  0.51836719252039176  0.54230615186116693  0.54395383247789453
  0.54560151309462224  0.54724919371134984  0.54889687432807743  0.55054455494480503
  0.55219223556153263  0.55383991617826023  0.55548759679498794  0.55713527741171553
  0.55878295802844313  0.56043063864517073  0.56207831926189833  0.56346293863946550
  0.56475707851582801  0.56605121839219052  0.56734535826855303  0.56863949814491555
  0.56993363802127794  0.57122777789764045  0.57252191777400296  0.57381605765036547
  0.57511019752672798  0.57640433740309038  0.57769847727945289  0.57899261715581540
  0.58028675703217791  0.58158089690854042  0.58287503678490282  0.65714610224374270
  0.77143073482915714  0.88571536741457180  0.97051668564478555  1.00000000000000000
  0.62796592315038047  0.81502013378658522  0.81754026757317044  0.82006040135975566
  0.82258053514634089  0.82510066893292600  0.82762080271951122  0.83014093650609644
  0.83266107029268166  0.83551945580952747  0.83850089870860134  0.84148234160767532
  0.84446378450674919  0.84744522740582306  0.85042667030489705  0.85340811320397092
  0.85682489558433494  0.86039023608260445  0.86395557658087407  0.86752091707914369
  0.87108625757741320  0.87465159807568282  0.87608470171756447  0.87728687915218784
  0.87848905658681120  0.87969123402143456  0.88089341145605793  0.88209558889068129
  0.88329776632530477  0.88449994375992813  0.88570212119455149  0.88690429862917486
  0.88810647606379822  0.88930865349842159  0.89051083093304495  0.89171300836766842
  0.89291518580229179  0.89411736323691515  0.89531954067153852  0.89651165134815824
  0.89769624845592144  0.89888084556368475  0.90006544267144806  0.90125003977921125
  0.90243463688697456  0.90361923399473787  0.90480383110250107  0.90598842821026437
  0.90717302531802768  0.90835762242579088  0.90954221953355419  0.91072681664131749
  0.91191141374908069  0.91309601085684400  0.91428060796460731  0.91546520507237050
  0.91664980218013381  0.91783439928789712  0.91901899639566031  0.92020359350342362
  0.92138819061118682  0.92257278771895013  0.92375738482671332  0.92494198193447663
  0.92612657904223994  0.92731117615000314  0.92849577325776644  0.92968037036552964
  0.93086496747329295  0.93204956458105614  0.93323416168881945  0.93441875879658276
  0.93560335590434596  0.93678795301210926  0.93967230039824967  0.94511786196038372
  0.95056342352251788  0.95600898508465193  0.95982594008114930  0.96243008184174483
  0.96503422360234037  0.96763836536293590  0.97024250712353144  0.97284664888412697
  0.97545079064472240  0.97805493240531793  0.98041384748606131  0.98259008665427672
  0.98476632582249213  0.98694256499070754  0.98911880415892295  0.99129504332713836
  0.99347128249535377  0.99564752166356918  0.99782376083178459  1.00000000000000000
   1.1445243029527156E-011  -1.0000000000000000     
 F F F F F F F F F F F F F F F F F F F F F F F F F F F F F F F F F F F F F F F F F F F F F F F F F F F F F F F F F F F F F F F F
  <DiscreteSampler_grid>
  grouped_processes
  1 # 1 for a reference and 2 for a running grid.
  10 # Attribute 'min_bin_probing_points' of the grid.
  1 # Attribute 'grid_mode' of the grid. 1=='default',2=='initialization'
  0.0000000000000000 # Attribute 'small_contrib_threshold' of the grid.
  0.5000000000000000 # Attribute 'damping_power' of the grid.
 # binID   n_entries weight   weight_sqr   abs_weight
    10   10   1.780453174967961E+002   2.553389400995277E+005   1.780453174967961E+002
  </DiscreteSampler_grid>
