  0.00363492322402874  0.00872966420384374  0.01587146409281714  0.02433612451953462
  0.03329722587005422  0.04289860776294507  0.05342799918414659  0.06407512238814142
  0.07415712744639638  0.08402517893023635  0.09431187163427460  0.10483727659818758
  0.11567847941120339  0.12610463592363561  0.13624915525279016  0.14595160271722601
  0.15576529266120359  0.16580655311895803  0.17608166149997520  0.18645891783564186
  0.19687657769380576  0.20745374089427057  0.21760807694380363  0.22765135376164997
  0.23749093389545262  0.24755221746259681  0.25784945778408308  0.26860088920705633
  0.27975621007517143  0.29183309627526299  0.30405864464441523  0.31594711378698032
  0.32702805667097451  0.33768066338409874  0.34838644123557977  0.35913830301787858
  0.37068451585364842  0.38317661659159330  0.39608920721275970  0.40787985410098881
  0.41899051810084492  0.42992433074352154  0.44085838619327955  0.45225053525497838
  0.46289522070039579  0.47294232052728941  0.48196019907188309  0.49112652661099099
  0.50088161172385315  0.51138824248869963  0.52255669547504646  0.53401624860469998
  0.54547789451833895  0.55711694960110203  0.56915982396980569  0.58170086069788574
  0.59371971151791392  0.60525039567751859  0.61642630498535333  0.62694640445448668
  0.63672560947967272  0.64665260385873780  0.65707977241221394  0.66755447173089588
  0.67732567703990132  0.68705415437760387  0.69683480901084105  0.70684751940506663
  0.71705426087540303  0.72740601448923914  0.73741768894450588  0.74714132508672371
  0.75702736504016899  0.76735811189147396  0.77795709056528328  0.78817218621893381
  0.79798154321250547  0.80712189909768406  0.81641174068430789  0.82642845932709219
  0.83710579726791023  0.84876496925825706  0.85953006303263457  0.87089948145513618
  0.88248056081034743  0.89431264429671453  0.90568207593908590  0.91738435480533209
  0.92908364855675141  0.93942097855450102  0.94947274756942335  0.95910426344062039
  0.96925677954244249  0.97891007154315124  0.98925254992560729  1.00000000000000000
  0.00229207199733544  0.00453172089348884  0.00514589558557606  0.00572021492524036
  0.00624947837840685  0.00673102020976311  0.00719877070221924  0.00763789621918394
  0.00808042062209489  0.00853870027283817  0.00901464300432588  0.00948109862375452
  0.00995425544227499  0.01043260862124026  0.01093291341445848  0.01146401989859762
  0.01200375359586040  0.01254779305891135  0.01309978663119665  0.01364265462960655
  0.01416516927840286  0.01468734772698012  0.01521469555419521  0.01573869751144085
  0.01626946122347624  0.01682213510175527  0.01741897039533120  0.01805327847624402
  0.01869401542729916  0.01933388175036152  0.01996267493644376  0.02060034903071674
  0.02121209164068907  0.02181918107530558  0.02245655584882085  0.02313084480702858
  0.02383451559000613  0.02456068775881928  0.02527572737866183  0.02597919156428582
  0.02670586544419727  0.02746406781394243  0.02825510515499566  0.02908481402051791
  0.02994044544913627  0.03082074024421371  0.03174752346321601  0.03271735563619887
  0.03372547658918035  0.03470897211512255  0.03570227098815821  0.03673993984066055
  0.03783142339010712  0.03895364718030128  0.04007405322270691  0.04124826878140123
  0.04247562789875925  0.04368045490350211  0.04489585027967761  0.04615832831802682
  0.04748805886738107  0.04892364400044526  0.05046914626143140  0.05206424531680272
  0.05398878865811170  0.05572909992303492  0.05762418470852720  0.05973192619230442
  0.06190451477770965  0.06444706906254583  0.06721617782185357  0.07008135530156596
  0.07330270791606049  0.07718622288011821  0.08091839184402136  0.08387886671338436
  0.08710250211154273  0.09124081250169827  0.09594449959654994  0.10068806366260989
  0.10634924407726787  0.11291426996004163  0.11990433234092859  0.12592294295936388
  0.13155117057339147  0.14289023418113600  0.15198663915889621  0.15727352880560513
  0.16570448384870295  0.17446369471695891  0.18729400364534393  0.20765807041450798
  0.24137128194978696  0.34096966855641059  0.70169810658911347  1.00000000000000000
  0.00008290123451694  0.00008518606829591  0.00008734821621061  0.00009007267369972
  0.00009334644282412  0.00009709809926359  0.00010074595552006  0.00010410796220454
  0.00010748762494800  0.00011109777998273  0.00011523482634782  0.00012029817240379
  0.00012531472363182  0.00013028908530804  0.00013528556202559  0.00014025064360131
  0.00014535238266838  0.00015086117648642  0.00015662749716813  0.00016286226291534
  0.00016918033153323  0.00017602572907081  0.00018358773665457  0.00019172864313049
  0.00020027346258372  0.00020920504525632  0.00021869228581011  0.00022913665015087
  0.00024067818127738  0.00025297084932576  0.00026592291938593  0.00028006789076760
  0.00029510139618259  0.00031096017501898  0.00032774811698923  0.00034494862604117
  0.00036482575177877  0.00038660887084904  0.00041140011967076  0.00043961425770588
  0.00047031485097214  0.00050362378429278  0.00053753947956275  0.00057209658124837
  0.00061045459790301  0.00065040307968755  0.00068815715249029  0.00072643143202489
  0.00076801288867656  0.00081611290977143  0.00086713020453389  0.00091510863908995
  0.00097443631296367  0.00103894227569990  0.00111048923193558  0.00119257577898756
  0.00127770381758444  0.00136632416586948  0.00145616003335963  0.00155212295171963
  0.00165766094939517  0.00177414271109122  0.00191776137681481  0.00208222341409378
  0.00226128698944364  0.00245379616144574  0.00265131110376776  0.00285703981140581
  0.00308080123817751  0.00330981845692498  0.00356336757057833  0.00386614537989472
  0.00422166312788212  0.00460575943281580  0.00501745810010154  0.00544363707569290
  0.00595342407714516  0.00654335640789602  0.00719899011505969  0.00788485513703651
  0.00870250861720127  0.00965019493908590  0.01068257129839009  0.01186521516663375
  0.01330772473768103  0.01509392956975193  0.01755322790642506  0.02044749081050436
  0.02357345756645172  0.02723294053668408  0.03191671366272265  0.04122212016491426
  0.05599456853327355  0.08200756861797437  0.16490012606218418  1.00000000000000000
 -0.00160727155745178  0.00676637403769333  0.01317740731981822  0.01986955931654797
  0.02636167060814004  0.03269256571975451  0.03892165669135805  0.04560156292722482
  0.05283663538276260  0.06027246626482699  0.06794310386123302  0.07548042727154114
  0.08300668243290059  0.09033935893318903  0.09765450600363228  0.10513598324657854
  0.11269965584596746  0.12060820843036388  0.12839318833692243  0.13600280338329931
  0.14370077178475010  0.15135229665372590  0.15909331441632032  0.16661326509349433
  0.17411377711387307  0.18208062301016556  0.19032195230729546  0.19851947106308926
  0.20698935374794472  0.21536400440654005  0.22315764660210696  0.23058235973006910
  0.23763898697542007  0.24472072411647722  0.25211838772692768  0.25973768897688149
  0.26809643454638982  0.27629284151706784  0.28410979145468085  0.29206114276241063
  0.30068732186279118  0.30971341272123232  0.31840396939054971  0.32674557574414281
  0.33577757764665755  0.34545539134132569  0.35590395592952756  0.36631340000860724
  0.37721814695707001  0.38881308608376858  0.40020196089022458  0.41027237384061055
  0.41963254713863973  0.42911919779452234  0.43879177262542524  0.44851767038960766
  0.45835158958753985  0.46915727747212044  0.48017677152978677  0.49083991264031490
  0.50175480546628093  0.51346104411063798  0.52493644153846530  0.53580316459124910
  0.54621201550278065  0.55634582549916700  0.56657245129970746  0.57715319325129588
  0.58819785221314547  0.59927717912395972  0.61043308115722861  0.62071378466737459
  0.63200315160032605  0.64375299401142450  0.65758488684293337  0.67159887941138352
  0.68448659233861597  0.69720981017854622  0.71049332262431641  0.72410519904130610
  0.73784324898088194  0.75161747592628014  0.76622011124472433  0.78081797634902861
  0.79646737825924840  0.81305588345600366  0.83084200658756580  0.84783574164672648
  0.86442189738271435  0.88018378104508532  0.89569172803287600  0.91225522202221176
  0.93091885792567630  0.95254404443100960  0.97624759279481355  1.00000000000000000
 -0.00225821225932030  0.01003304351980687  0.02037518291124417  0.03033755368706360
  0.04044259130439228  0.05084918659166534  0.06168617587592546  0.07235480115952377
  0.08247242121184284  0.09218323366407200  0.10179816102119618  0.11154370083677810
  0.12135277129224709  0.13164981303463605  0.14215943766296038  0.15257632216523975
  0.16295645568035058  0.17347898989665889  0.18408661669797066  0.19434547604251595
  0.20440840219999129  0.21462624180103856  0.22485728046233669  0.23456964565758995
  0.24397134842863033  0.25343682217984254  0.26278005889753259  0.27239332316674064
  0.28189478674094204  0.29162300496501031  0.30054873184602438  0.30903799004322519
  0.31796383311631127  0.32734030695773209  0.33648603288192880  0.34536982112711556
  0.35483259935642486  0.36528019363431191  0.37575970541968812  0.38566285897899250
  0.39608964765490318  0.40734569396452658  0.41832947635370044  0.42814021271038488
  0.43784058901113754  0.44825836446030393  0.45902462147913092  0.47014904992433770
  0.48165412515495548  0.49354036261932294  0.50526623235710444  0.51665084759084290
  0.52834757992846559  0.54073599027698782  0.55297453889027703  0.56477018109445531
  0.57628367992190654  0.58795503231172974  0.59962135913034886  0.61128682923920374
  0.62307985736475124  0.63531719755935301  0.64755863976856265  0.65973927015396661
  0.67212536304251824  0.68314410943621573  0.69354741646574958  0.70316075915382226
  0.71236909532906389  0.72167727088951161  0.73065075252487632  0.73905249355516722
  0.74817939018356316  0.75812177653662849  0.76968477164652360  0.78052345650348798
  0.79138819333749866  0.80249158383755304  0.81391012185905831  0.82531855339800131
  0.83702551469341702  0.84906713636918441  0.86061791488750694  0.87123826211423094
  0.88182200465147753  0.89246900336831148  0.90367692603475158  0.91550064593072111
  0.92702718188755706  0.93814819213474088  0.94935429854831355  0.96048936616496339
  0.97079511058567702  0.98047393076373612  0.98977561501490796  1.00000000000000000
 -0.00100334129717410  0.00770859239379743  0.01397247021194564  0.02045656137083369
  0.02782140968148922  0.03621049061140354  0.04496630065188552  0.05344211017399104
  0.06225855350169368  0.07156087884681343  0.08088468517593370  0.09193817143064134
  0.10432773051299943  0.11666210550164857  0.12900487374047875  0.14235711671417747
  0.15647688111208030  0.17131711234565136  0.18644292580604727  0.20256906279327513
  0.21786910721703692  0.23276790587454155  0.24848640336557265  0.26475203619224863
  0.28083164850399944  0.29589642704497532  0.31062130170472163  0.32625845320336966
  0.34341968837613246  0.36090266444483138  0.37794496062863930  0.39374869396940948
  0.40898136258721030  0.42320373002331729  0.43720361316259260  0.45120540004717075
  0.46638141908050862  0.48214876299460041  0.49801036118225445  0.51400539580597771
  0.52962372443552996  0.54501626310019669  0.56041433466880453  0.57437428849042704
  0.58750753459736071  0.60051159579641888  0.61367782603688770  0.62681483470568711
  0.63972390541922608  0.65230130985795587  0.66488102654614079  0.67663352308507241
  0.68797269845784448  0.69877264443980036  0.70951155454685055  0.72018576466662643
  0.73104592886076603  0.74183893401886414  0.75224313674490773  0.76231336386450765
  0.77238375076464094  0.78244309577682114  0.79196309259414310  0.80093978148131906
  0.80946653327736506  0.81751964715163228  0.82497785983395799  0.83265989580002586
  0.83995112389527138  0.84768853126483035  0.85535261078037716  0.86382247127319978
  0.87201235293500712  0.87999565100598365  0.88735335047664954  0.89442400261892885
  0.90113700249344164  0.90786072660530648  0.91466170918435930  0.92126978699043238
  0.92759193461053790  0.93362140931464332  0.93926187749510093  0.94459157220887968
  0.94955970316473126  0.95453159679836574  0.95966872668237846  0.96504423378600046
  0.97024240239199044  0.97503909196234828  0.97943155645526991  0.98374666872014915
  0.98813957358551507  0.99226699298428145  0.99616439469165408  1.00000000000000000
 -0.00192125189963729  0.00806096313326381  0.01775711556536554  0.02835220407147393
  0.03957558071591580  0.04990959311178925  0.05980015507602835  0.06938169145864402
  0.07924117599553568  0.08978650344397779  0.10038014868085000  0.11138683608834320
  0.12244602148188743  0.13318104603798170  0.14340034302608914  0.15347129293443099
  0.16355710879338628  0.17405004039471650  0.18487768937999938  0.19599955910113420
  0.20715152527727557  0.21854329756274493  0.22939659601383336  0.23980194683043357
  0.24974892373615692  0.26021808880119063  0.27078595475858952  0.27973734062652095
  0.28919109551262712  0.29885410093709974  0.30936599379601537  0.32001264358520998
  0.32993662615225483  0.33968986592292566  0.34988471760880818  0.36042512221174733
  0.37114689455309430  0.38192721550083863  0.39305671262054315  0.40457592362836137
  0.41419820723361434  0.42336682497382888  0.43245312446880885  0.44245149725554256
  0.45273388532112568  0.46346080270984286  0.47439850490005164  0.48560621845851754
  0.49714984422906083  0.50899115681096629  0.52089910382605797  0.53246839976097160
  0.54364104832858651  0.55480993577008397  0.56615661475432655  0.57779045303946897
  0.58951851218940976  0.60036130891993156  0.61072853031121199  0.62079201993091182
  0.63087069129673545  0.64118534960795559  0.65166472250706409  0.66330361191336007
  0.67483850803802281  0.68632555975927323  0.69693771145506389  0.70712987538054950
  0.71786830512036426  0.72920533473722582  0.74028604020177291  0.75107469274521366
  0.76129342687022616  0.77145736656518848  0.78139008769189933  0.79184318567641332
  0.80228668198637454  0.81203131306295373  0.82088920805395627  0.82953950997609727
  0.83813470791224054  0.84699754761791590  0.85546062477924889  0.86385933707218432
  0.87278574310179158  0.88206175340252613  0.89151959960762650  0.90118620770402624
  0.91206137662427234  0.92406336272571798  0.93625497139169778  0.94847941698092142
  0.96072922060106258  0.97314090188615754  0.98667529776436980  1.00000000000000000
 -0.00228602043928675  0.00920776062440059  0.01835186224944400  0.02778665593560870
  0.03712838703411758  0.04762627859846078  0.05915887677049831  0.07141117563304419
  0.08350680861666640  0.09518194975917353  0.10585321170484512  0.11595730980191134
  0.12611263955067351  0.13680729737882807  0.14732953619326297  0.15747808636683391
  0.16791338595682107  0.17842987970549673  0.18822655395278304  0.19778672256964280
  0.20684145004297810  0.21817373916096841  0.22803531885094894  0.23790307536262165
  0.24737841771929037  0.25732409667903927  0.26779230449387659  0.27840109550695274
  0.28908339189483523  0.29989845071516880  0.31068238585263958  0.32214017019898800
  0.33408436116871060  0.34521912724080711  0.35567899249332302  0.36608141654440896
  0.37653000804567416  0.38699186980936962  0.39717189531611352  0.40827195607369920
  0.41935739731138261  0.43121597520217675  0.44293885754167539  0.45446667484713288
  0.46468824730010250  0.47478990310758384  0.48527469641102461  0.49591842535937103
  0.50620327519683583  0.51638497933192473  0.52701513180048210  0.53867066620952286
  0.55014395937090177  0.56161852550804670  0.57243083040809373  0.58337694881850477
  0.59404362560117563  0.60536692373345591  0.61539986855474671  0.62500612976373460
  0.63396389885383930  0.64235692181475557  0.65169854017971762  0.66113097503679708
  0.67142246034277453  0.68232961548930138  0.69365254379265051  0.70573139124307305
  0.71673462556335676  0.72753824547102497  0.73823192282399741  0.74823022564362063
  0.75840316330891544  0.76857038370797182  0.77898346313674272  0.78935885630859204
  0.79989213060418574  0.81058872042182861  0.82131537588315728  0.83126866954373901
  0.84101325134573302  0.85066604701978210  0.86038821004140642  0.87072489672424436
  0.88152204002164769  0.89234562506751902  0.90314039090709897  0.91406139892050231
  0.92530622853172306  0.93617464296817365  0.94687040786759091  0.95722552440348962
  0.96821755559700085  0.97910487734523888  0.98979021561494851  1.00000000000000000
  0.18541549164383744  0.55789607922146145  0.59737482473907477  0.62334827573801588
  0.64488035086909556  0.66353849578483581  0.68053182824442671  0.69621150887896932
  0.71117442935437480  0.72405420440467672  0.73604768749057647  0.74712430833419452
  0.75739408249351770  0.76723136139449999  0.77647316832184698  0.78496511127126301
  0.79265395118205384  0.79959484483793675  0.80697122880256156  0.81427029252603089
  0.82092858490577325  0.82727883626217857  0.83351842321092728  0.83947554043945594
  0.84523025959071485  0.85065119080666229  0.85558153169619511  0.86006109664592179
  0.86443006368405173  0.86876825915067157  0.87309128209329945  0.87721225448487583
  0.88102640278802657  0.88479467473500106  0.88839555606137921  0.89189664695859139
  0.89533333776503410  0.89850490200906508  0.90149026850534675  0.90438428468986576
  0.90721849552579370  0.90995636553335280  0.91264682333257863  0.91520778512342271
  0.91757726532181416  0.91980257110528785  0.92193009463918485  0.92401018072023233
  0.92602437393814918  0.92806488313917446  0.93012250230007876  0.93219476217466968
  0.93437586503469094  0.93645170777511577  0.93841620167550532  0.94030004636206665
  0.94216360256470144  0.94400671544265591  0.94578618198510045  0.94748546728413074
  0.94908948506840130  0.95060413964819135  0.95212595458676441  0.95362169465144520
  0.95502577738027672  0.95654234540280292  0.95806405147685070  0.95953295923105042
  0.96093737090442910  0.96229081922439219  0.96360736591476015  0.96490099976502686
  0.96622095541020492  0.96756087606437391  0.96889637308230903  0.97017879065380142
  0.97141424838372936  0.97254493982891954  0.97366391199279967  0.97477542379857307
  0.97588921073163459  0.97702910417558397  0.97818244327583548  0.97939623384218477
  0.98063240392937201  0.98184333694991133  0.98301464170015396  0.98416124809976369
  0.98531992834402127  0.98649538053887664  0.98770532362670249  0.98900904876990392
  0.99054662082558576  0.99249413985570489  0.99520107181061013  1.00000000000000000
   2.9881093697143064E-008  -1.0000000000000000     
 F F F F F F F F F F F F F F F F F F F F F F F F F F F F F F F F F F F F F F F F F F F F F F F F F F F F F F F F F F F F F F F F
  <DiscreteSampler_grid>
  grouped_processes
  1 # 1 for a reference and 2 for a running grid.
  10 # Attribute 'min_bin_probing_points' of the grid.
  1 # Attribute 'grid_mode' of the grid. 1=='default',2=='initialization'
  0.0000000000000000 # Attribute 'small_contrib_threshold' of the grid.
  0.5000000000000000 # Attribute 'damping_power' of the grid.
 # binID   n_entries weight   weight_sqr   abs_weight
    10   10   7.018015430599357E+001   1.905813574894197E+004   7.018015430599357E+001
  </DiscreteSampler_grid>
