  0.00398688684225988  0.00855348039759927  0.01502615546676564  0.02207282732920195
  0.02927725528858486  0.03694819221446183  0.04501626467128608  0.05367235999274599
  0.06420806504509012  0.07569793733184421  0.08727763951202988  0.09713467332282875
  0.10601208982063078  0.11480191534430619  0.12396268976408424  0.13297879065881721
  0.14168876729489038  0.14974599641015915  0.15801352942399099  0.16611458326830134
  0.17366393157372267  0.18065554516666416  0.18765063907273838  0.19507165131708931
  0.20294253808619267  0.21249177203014288  0.22244561135113122  0.23385034925362214
  0.24530965179960196  0.25635545872404103  0.26726247034500739  0.27947687746766536
  0.29200217835632453  0.30408667809199386  0.31558459914465531  0.32591141365851467
  0.33514332420610204  0.34444138516459666  0.35346991850204279  0.36212405129827352
  0.37105193529857194  0.38082592001765869  0.39018455267533297  0.39719268868954810
  0.40375849619424864  0.40991539441000818  0.41720452267346564  0.42702631786169359
  0.43769933577165543  0.44986136507900171  0.46245233310876743  0.47517068797634604
  0.48692281030193285  0.49718639449424573  0.50567377801816393  0.51463225506978627
  0.52469307744933114  0.53767695540804794  0.55076746984779856  0.56145324900243709
  0.57170623837779933  0.58203702595242035  0.59313597591580203  0.60511915417249529
  0.61627259101497911  0.62692529374700179  0.63821562802892318  0.65072002787653038
  0.66408882604004915  0.67756030321308225  0.69054032651021358  0.70297011544773991
  0.71618147917928754  0.72841066304406477  0.74169086558609221  0.75479168906773086
  0.76830749550006916  0.78268465652971964  0.79584653774399483  0.80772595778609402
  0.81864703346661627  0.82952872332090433  0.83857939255018143  0.84753872507603356
  0.85752411972632403  0.86988303479110896  0.88250113855640744  0.89546874048620595
  0.90858251740128182  0.92105705595050735  0.93306914555339804  0.94467923235324913
  0.95693802052062682  0.96903863149114366  0.98343010340776105  1.00000000000000000
  0.00278002284700306  0.00577579656097487  0.00727084129105097  0.00850903182781123
  0.00980764175676582  0.01107469043085058  0.01219795853993220  0.01319262140858434
  0.01414128006721298  0.01517943398593348  0.01626983537471874  0.01731451950808868
  0.01833389550583024  0.01930205624342510  0.02027109185158379  0.02127709842825295
  0.02232741039243222  0.02328396446525577  0.02429668244158827  0.02533414657159300
  0.02649397763760704  0.02783330915193142  0.02928928822873128  0.03070984804295493
  0.03185346449437161  0.03293758808807644  0.03406850025095470  0.03532752095129612
  0.03659309279272269  0.03786137950358429  0.03916817826795094  0.04056907662467870
  0.04205416023399192  0.04359138470387669  0.04524516886595325  0.04712417233481624
  0.04892441477840478  0.05089311219669508  0.05245945405789346  0.05386923441245017
  0.05528002535169057  0.05669136492675735  0.05832627618103869  0.06011122898765383
  0.06198884681490004  0.06401419568820262  0.06547434410049148  0.06704184877705463
  0.06859640859031887  0.07039819926285125  0.07229465660114506  0.07387599451610402
  0.07532819592140041  0.07671680759161993  0.07814413042106078  0.07973553308352968
  0.08222522550646094  0.08545981148513571  0.08892279949398391  0.09226792653084716
  0.09489650014750445  0.09710023055100499  0.09918711376557501  0.10136143904224544
  0.10339101328800171  0.10553860432666344  0.10787050922348548  0.11031725629391098
  0.11281119564079399  0.11534438372775024  0.11763788180856700  0.12036018953454250
  0.12336863412041602  0.12604612203864035  0.12888377927545475  0.13206930553886356
  0.13571473708165868  0.13935623013315579  0.14213912732762449  0.14512337111182061
  0.14911592097934195  0.15472732989336610  0.16133615597262013  0.16858030188213519
  0.17683588357030158  0.18525091409627623  0.19499002636077162  0.20220827397529395
  0.21130139904665318  0.23164089890643860  0.28171200438641786  0.34352100176983741
  0.44480742598483725  0.56049338372788038  0.66447173246824920  1.00000000000000000
  0.00007492019823409  0.00011600436200149  0.00015897678177903  0.00020906986558733
  0.00026846920879932  0.00033465308593353  0.00040926485664773  0.00048583707808915
  0.00056609776818949  0.00065161535892981  0.00073732043054264  0.00082945149398352
  0.00093544307207483  0.00106054986275731  0.00118905470282308  0.00129413198238835
  0.00141181839904276  0.00152875559498306  0.00166967258915549  0.00181376019251042
  0.00193438675688605  0.00206273806877985  0.00220874944292040  0.00235829319880077
  0.00252155796649522  0.00271350513927736  0.00293825531809607  0.00319885580280096
  0.00346983981900563  0.00369965830065298  0.00393831299371833  0.00421699865863970
  0.00453273614515800  0.00490184387958093  0.00529679594768020  0.00567469687091452
  0.00602169568387374  0.00637913522856255  0.00674827312803832  0.00718097330522994
  0.00764295138246382  0.00809760264035909  0.00853777289993293  0.00898172476455877
  0.00945681224818052  0.00996335053636683  0.01046692759404262  0.01110820939647648
  0.01178016178026360  0.01244306348930170  0.01310492893472082  0.01394309142239306
  0.01492196553578112  0.01604356045139686  0.01715480603081205  0.01817149689373083
  0.01911005538514810  0.02001583478369740  0.02094964812674551  0.02197613101303060
  0.02313655416714218  0.02450088423263466  0.02608776776027211  0.02741646779734239
  0.02894172468156929  0.03034080337672022  0.03171427658396870  0.03325579280209039
  0.03486891103552112  0.03675215933521449  0.03867515194313988  0.04069691757178992
  0.04273319311643953  0.04447257393590852  0.04624786288970212  0.04796483646759533
  0.05000872760207884  0.05280140578227643  0.05617539148009119  0.05984959184456803
  0.06413558338238237  0.06850856232342127  0.07278107086021590  0.07729976698181727
  0.08232662016114921  0.09010270938175341  0.09905716270314775  0.11001993769268634
  0.12088408387616982  0.13457154835727073  0.15139421235254719  0.17477077647285008
  0.21929647469469188  0.30138289449736150  0.33732172020536200  1.00000000000000000
 -0.00386308225038860  0.01466123855605580  0.02833398370212369  0.04177734004186894
  0.05523081788828547  0.06775110591370265  0.08017448988036557  0.09393257761591065
  0.10825346586378343  0.12259047847011556  0.13592184222054760  0.14839236212559090
  0.15940515224150312  0.16975149872421696  0.18068722118261393  0.19169370020407667
  0.20202009107880362  0.21186537354089141  0.22147239092728305  0.23094575618751717
  0.23961359930150955  0.24889956661054521  0.25858216451809141  0.26858894925310151
  0.27904596484341110  0.28946761299233970  0.29847913444541119  0.30677140343124526
  0.31533052135448519  0.32311636961686430  0.33052100537898454  0.33770282276330360
  0.34413669788633877  0.35056255801192382  0.35783723648009164  0.36656604909217355
  0.37702588300416473  0.38723328664965356  0.39872988629343814  0.41103327363339148
  0.42285199676687024  0.43245492649054912  0.44099986878078401  0.44939077104030895
  0.45751893964133417  0.46604797217862837  0.47431749493042630  0.48225411846049776
  0.49070954363630070  0.50039670906117617  0.50986496437458162  0.51747981814099642
  0.52563517572732821  0.53404998525725533  0.54356096978703405  0.55395801082559215
  0.56533179237383513  0.57718410056540648  0.58862335148651856  0.59853475279846491
  0.60679559780662251  0.61444618376129256  0.62310035248102347  0.63296248035271496
  0.64187254630724466  0.65072186398699505  0.65990046011685199  0.66990951539118937
  0.68240458478415711  0.69458657319242001  0.70756016377404241  0.72080654890897000
  0.73313219438610477  0.74526966942273842  0.75869818807935197  0.77125765124905343
  0.77764499093760209  0.78287796401712151  0.78893233756275916  0.79512628278587061
  0.80286431637934819  0.81062589147750441  0.81905146153211450  0.82781222680540478
  0.83839999094458173  0.85138286090386317  0.86576182546157932  0.87990177641997069
  0.89456398257906700  0.90953013203681632  0.92501009426946579  0.94007751127177919
  0.95512692117663489  0.97048774794881032  0.98546903933365959  1.00000000000000000
 -0.00273094510544468  0.00921773200673242  0.02019091918957193  0.03327751276282862
  0.04656920076123517  0.05807043178274673  0.06943073743619668  0.08121413398481471
  0.09343995954305714  0.10617840962456968  0.11772168801764485  0.12772742304063031
  0.13569575926248384  0.14422479665831300  0.15340344525233771  0.16339819481174789
  0.17232487655749565  0.18056878763797313  0.18933385340923803  0.19887604729441705
  0.20875224409011697  0.21861359817642209  0.22866381882691988  0.23971432961832764
  0.25071151475751069  0.26193194307642093  0.27368826869950624  0.28623335882629652
  0.29781944589833775  0.30849798688854313  0.31907794935429717  0.33021008640811816
  0.34247195125330337  0.35498074838375521  0.36900203443281332  0.38345611474535174
  0.39701036182075289  0.40983266589794409  0.42265334734875715  0.43610613279054322
  0.44963712003601808  0.46226675822237601  0.47535799454262351  0.48619831171348937
  0.49752077816196899  0.50920997456419881  0.52076727276182122  0.52981906627725039
  0.54095927916666631  0.55202555438377077  0.56196678440199443  0.57194356503058008
  0.58215497573349717  0.59396879035392502  0.60503251242355904  0.61446142071536081
  0.62369858662101663  0.63300392721356746  0.64177090601220188  0.65015295430676057
  0.65942758480905395  0.66941718520785154  0.68197930059827983  0.69342489736817980
  0.70550867876506196  0.71797285852852233  0.72943889865468226  0.73858509724630783
  0.74799819214865249  0.75748962221237170  0.76723005076839246  0.77797156235887177
  0.78706879821458053  0.79633362737394986  0.80613266009275308  0.81657350043797383
  0.82730378575630392  0.83899906927019730  0.85104828590242820  0.86079439737657470
  0.86954154443982112  0.87835998751868438  0.88705939225735475  0.89523975725145233
  0.90247367792380051  0.90891141719403934  0.91553151868158500  0.92281762554988789
  0.93125739050157708  0.93990431729078572  0.94796338740280284  0.95616582847429921
  0.96471980757308751  0.97350745100837821  0.98466349276555543  1.00000000000000000
 -0.00410835163930325  0.04077678516867531  0.07627145846425952  0.10846077001666136
  0.13591263863295033  0.16380787333404973  0.19271873054827038  0.21823149852468107
  0.23943873669510932  0.26002000714931012  0.28027638807596078  0.29883387941253947
  0.31718865215809744  0.33436863118295318  0.35123965454767547  0.36824994111090587
  0.38498238651372391  0.40113280504631832  0.41658665330672040  0.43109561894268927
  0.44628434173212367  0.46055728423129827  0.47412772364637512  0.48764986209215971
  0.50104215759452064  0.51366215809950555  0.52678783705945920  0.53999132310166276
  0.55383943211449604  0.56791181981626693  0.58190676344120718  0.59566909609853536
  0.60883862693137736  0.62199775539910018  0.63536547232870288  0.64793598964426702
  0.65928891918552590  0.67110205311835425  0.68319865966144755  0.69542758646870240
  0.70583827077037908  0.71455251045925627  0.72291614446692432  0.73148546936368075
  0.74013700558835493  0.74823601632035019  0.75570893668855754  0.76356143733063897
  0.77140582177371742  0.77860654944346930  0.78538376818622380  0.79220230197933350
  0.79892960104499311  0.80608935340228682  0.81306732984094532  0.81969948159458783
  0.82529094786178403  0.83066333347245513  0.83615179666663431  0.84212640857899068
  0.84888564841847536  0.85522207767597513  0.86083235193421603  0.86591582498453101
  0.87093739823649718  0.87606797788225377  0.88115287193234793  0.88667784351647116
  0.89247601769212359  0.89828042552761067  0.90376632351758157  0.90884588633181684
  0.91381633662178319  0.91882834192225582  0.92380362608058408  0.92858699108002263
  0.93324796604398663  0.93757210145099057  0.94131313321889176  0.94444671623886145
  0.94761537620788416  0.95080113413810430  0.95404557797418943  0.95823658035716619
  0.96268446802469732  0.96696035724277563  0.97105831395158326  0.97529335139089590
  0.97931900866428112  0.98352375033194284  0.98635193955202816  0.98912929419738604
  0.99177446113865098  0.99439071950934244  0.99702622638526328  1.00000000000000000
 -0.00260615263478255  0.01043730883595578  0.02253856073913865  0.03305111426934942
  0.04283012135361069  0.05448656451760115  0.06700345892135090  0.07992040068276936
  0.09247797698329094  0.10497212145678229  0.11608958165909213  0.12738220184617099
  0.13851729312788466  0.14916376798043524  0.15912340457779250  0.16917755203325482
  0.17928998349516245  0.18845503099296432  0.19689561713296622  0.20559929718130113
  0.21530130062504282  0.22558132618125748  0.23581174007690006  0.24554997349516294
  0.25571854445071834  0.26701754999850946  0.27988150942828682  0.29291575331377812
  0.30541937225505750  0.31583689233761530  0.32536016188508354  0.33527784307122405
  0.34487350289382929  0.35426314373448592  0.36375245146822671  0.37350515988609162
  0.38442353304579008  0.39563455781258372  0.40391472071712714  0.41125399564483489
  0.41849989754762557  0.42554582039215927  0.43373843587399663  0.44271549632342672
  0.45126828695739096  0.46007597658477672  0.47154014815339795  0.48418869691742289
  0.49752528307318522  0.51057116950071069  0.52263904335949174  0.53392534237868283
  0.54408807620474009  0.55378115573369358  0.56398132968507853  0.57382379357140778
  0.58290653807909754  0.59198214806711391  0.60231779686338738  0.61442123396657278
  0.62699888721607322  0.63773563594571392  0.64642558718382337  0.65547668477135290
  0.66466260809846844  0.67448036307813852  0.68660195619306597  0.69913073258636227
  0.71062242962850553  0.72177314123343650  0.73318388471406981  0.74537059449433063
  0.75877824548353223  0.77087449466879243  0.78175832570036019  0.79197097873057976
  0.80165609025620621  0.81206748551229202  0.82244961927332438  0.83430008444821424
  0.84571650419976918  0.85757638227100141  0.87041497877674257  0.88338859667776815
  0.89747648790952206  0.91208928869313843  0.92321440599824633  0.93156103619272479
  0.93982614668087150  0.94829335899195022  0.95724921248737682  0.96508789958432872
  0.97268289870324720  0.98092954205790506  0.98985664256037409  1.00000000000000000
 -0.00099690901924123  0.00808706002440437  0.01634989270378290  0.02511228047625047
  0.03431341603384533  0.04361662269002300  0.05202469732929088  0.05920405691555464
  0.06690759831115375  0.07609703544260012  0.08484476782556237  0.09261751297976110
  0.09999870391113783  0.10787095681921774  0.11622828624342142  0.12497954666110911
  0.13655186756753249  0.14837782656943291  0.15974100524987983  0.17069729229021199
  0.18229413037181599  0.19276927662617585  0.20205888244497122  0.21094730043226884
  0.22004559237388702  0.22920518049922731  0.23775186077320831  0.24656129396806620
  0.25601853379305695  0.26606918304931065  0.27584325094120299  0.28545720104504607
  0.29591106284762275  0.30696773680638301  0.31802111748908740  0.32917718660310807
  0.34008462866442929  0.35054567522872365  0.36091050092901794  0.37166618578581279
  0.38402835031078225  0.39638013667402089  0.40798537399337181  0.41903953356600809
  0.43010769605654897  0.44158329124060874  0.45315295992495014  0.46396447124853041
  0.47520666978601733  0.48595842862144711  0.49743278606901831  0.50982778634503012
  0.52120872392556128  0.53046471367116110  0.53895241299514196  0.54773347004309048
  0.55676591210887949  0.56581072184484993  0.57393316348381151  0.58125316689432494
  0.58799484439741312  0.59712746920626936  0.60645552037496064  0.61528114716495352
  0.62661046604024984  0.63804732658620389  0.64924451308691267  0.66056561765871336
  0.67256627264094004  0.68666662295835745  0.70182385192034813  0.71404589666444396
  0.72574531229322303  0.73759850989179132  0.74861399729649669  0.75852895167927537
  0.76813495398102527  0.77745887236736444  0.78764641138304192  0.79798143353417683
  0.80827228881620616  0.81938929417149409  0.83185289347881575  0.84582325115036572
  0.86088022717721813  0.87608741384045319  0.89043039021339898  0.90365692970541189
  0.91605458079519708  0.92785830858248164  0.93983451557453479  0.95263031753058047
  0.96600305172132972  0.97839432444564522  0.98969094969285709  1.00000000000000000
  0.34344701554742074  0.64847489346830001  0.71345259838713515  0.76283171221647716
  0.79920531345210677  0.82459321598307156  0.84425203610938593  0.86046429992508977
  0.87408214447306709  0.88465794837548251  0.89405715305295741  0.90204935404666742
  0.91001403793842572  0.91667330053316864  0.92126026091864999  0.92542423426864417
  0.92931379628656852  0.93317897563672170  0.93707757841173966  0.94029429264566533
  0.94319028476036149  0.94579407007185068  0.94813391772704447  0.95023154353233508
  0.95217669751025991  0.95409922613196041  0.95608708410581544  0.95800875066416791
  0.95942191145975075  0.96061016302462632  0.96175663025876967  0.96283866252865369
  0.96392376368802435  0.96497586493947829  0.96601435339400843  0.96707992537045218
  0.96810784747884804  0.96909805042613884  0.97004481293769740  0.97095332534076684
  0.97187129247598103  0.97274650636656490  0.97353036100024393  0.97424713010815855
  0.97494547527537212  0.97570068269458554  0.97643281993763054  0.97712755323466649
  0.97776108570784825  0.97838715067015214  0.97901574791237644  0.97963808454382428
  0.98023663778141290  0.98078666879098708  0.98130866393874838  0.98182788756894424
  0.98236818792416192  0.98290587033111931  0.98342213233392761  0.98391566987396339
  0.98440502595083534  0.98492780918955802  0.98544738279131450  0.98595188445404491
  0.98643913661376437  0.98690710386015035  0.98733214676702707  0.98773922091438859
  0.98813468599622112  0.98851003255231240  0.98888764274882179  0.98925153029562951
  0.98959641158515443  0.98995788652585714  0.99031407306400543  0.99066840867654671
  0.99103192491694891  0.99141592118342559  0.99178773281165455  0.99219176373879325
  0.99261629763208348  0.99305261711464687  0.99355750553334510  0.99401684939790214
  0.99443790212758720  0.99481916621751754  0.99519522542690364  0.99557592851013033
  0.99595966597982499  0.99632911182080441  0.99669524193580972  0.99709201770988976
  0.99752641990759716  0.99802618810637755  0.99866735294275122  1.00000000000000000
   2.2241369658685598E-007  -1.0000000000000000     
 F F F F F F F F F F F F F F F F F F F F F F F F F F F F F F F F F F F F F F F F F F F F F F F F F F F F F F F F F F F F F F F F
  <DiscreteSampler_grid>
  grouped_processes
  1 # 1 for a reference and 2 for a running grid.
  10 # Attribute 'min_bin_probing_points' of the grid.
  1 # Attribute 'grid_mode' of the grid. 1=='default',2=='initialization'
  0.0000000000000000 # Attribute 'small_contrib_threshold' of the grid.
  0.5000000000000000 # Attribute 'damping_power' of the grid.
 # binID   n_entries weight   weight_sqr   abs_weight
    10   10   6.007039839797816E+001   3.356689252869117E+004   6.007039839797816E+001
  </DiscreteSampler_grid>
