  0.00709444110168654  0.02302571624111412  0.02521809914889497  0.02741048205667583
  0.02960286496445669  0.03179524787223755  0.03398763078001841  0.03618001368779927
  0.03837239659558012  0.04056477950336098  0.04299166292486834  0.04565549647403366
  0.04831933002319899  0.05098316357236431  0.05364699712152963  0.05631083067069495
  0.05897466421986027  0.06163849776902559  0.13414795426669615  0.24004314810722796
  0.34593834194775969  0.45183353578829138  0.50282427000182672  0.50800499407499433
  0.51318571814816205  0.51836644222132977  0.52354716629449760  0.52872789036766532
  0.53390861444083304  0.53908933851400087  0.54427006258716859  0.54945078666033631
  0.55463151073350403  0.55981223480667175  0.61345665395197457  0.71935184779250638
  0.79356653431056023  0.79955773758398807  0.80554894085741591  0.81154014413084374
  0.81407375422889361  0.81594774159850225  0.81782172896811089  0.81969571633771954
  0.82156970370732818  0.82344369107693682  0.82531767844654547  0.82719166581615411
  0.82906565318576286  0.83093964055537151  0.83281362792498015  0.83468761529458879
  0.83656160266419743  0.83843559003380608  0.84030957740341483  0.84218356477302347
  0.84405755214263212  0.84593153951224076  0.84780552688184951  0.84967951425145816
  0.85155350162106680  0.85342748899067555  0.85533719983339129  0.85727017977045661
  0.85920315970752192  0.86113613964458724  0.86306911958165267  0.86500209951871798
  0.86693507945578330  0.86886805939284861  0.87080103932991404  0.87273401926697936
  0.87466699920404467  0.93802547691846327  0.94023782017925217  0.94245016344004107
  0.94466250670082985  0.94687484996161875  0.94908719322240764  0.95129953648319654
  0.95351187974398532  0.95572422300477422  0.95793656626556312  0.95872238583719716
  0.95919645995665626  0.95967053407611547  0.96014460819557457  0.96061868231503367
  0.96109275643449277  0.96156683055395198  0.96204090467341108  0.96251497879287018
  0.96298905291232939  0.96346312703178849  0.96384393398965884  1.00000000000000000
  0.00009764074706384  0.00009874921735750  0.00009959290719007  0.00010043659702263
  0.00010128028685520  0.00010212397668777  0.00010296766652033  0.00010381135635290
  0.00010465504618547  0.00010549873601803  0.00010634242585060  0.00010718611568317
  0.00010802980551573  0.00010887349534830  0.00010971718518087  0.00011056087501343
  0.00011140456484600  0.00011224825467857  0.00011341185021262  0.00011462879507515
  0.00011584573993768  0.00011706268480021  0.00011827962966274  0.00011949657452527
  0.00012071351938781  0.00012193046425034  0.00012314740911287  0.00012436435397540
  0.00012558129883793  0.00012679824370046  0.00012801518856299  0.00012976221572679
  0.00013342869470358  0.00013709517368037  0.00014076165265715  0.00014442813163394
  0.00014810548627002  0.00015231360415458  0.00015652172203914  0.00016072983992369
  0.00016493795780825  0.00016914607569281  0.00017386628523918  0.00017869605686543
  0.00018352582849168  0.00018835560011793  0.00019318537174418  0.00028439932139942
  0.00051688728089500  0.00059166659195678  0.00059747843558572  0.00060329027921466
  0.00060910212284360  0.00061491396647254  0.00062072581010148  0.00062653765373042
  0.00063234949735936  0.00063816134098830  0.00064397318461724  0.00064978502824618
  0.00065559687187512  0.00066140871550406  0.00066722055913300  0.00067303240276194
  0.00067837506542857  0.00068364332501847  0.00068891158460838  0.00069417984419829
  0.00069944810378820  0.00070471636337811  0.00070998462296802  0.00071525288255793
  0.00072052114214784  0.00072578940173775  0.00073105766132766  0.00073632592091757
  0.00074159418050748  0.00074686244009739  0.00075213069968730  0.00075739895927721
  0.00076266721886712  0.00076793547845703  0.00077320373804694  0.00138303539142252
  0.00251848469011330  0.00457594665633480  0.00833438270141024  0.01517326513435839
  0.02686451671675848  0.02705923998407323  0.02705923998408323  0.02705923998409323
  0.02705923998410323  0.02705923998411323  0.02705923998412323  1.00000000000000000
  0.00003501594887784  0.00008849469507448  0.00009168556353829  0.00009487643200210
  0.00009811858061364  0.00010232091740605  0.00010652325419846  0.00011072559099087
  0.00013172415581265  0.00013803788223503  0.00014435160865741  0.00015105597683141
  0.00015830241278384  0.00016554884873628  0.00017259203627209  0.00017933192113976
  0.00018607180600744  0.00019281169087512  0.00020161100197941  0.00021139027895876
  0.00022116955593811  0.00023200648473786  0.00024323042754930  0.00025445437036075
  0.00029773377202968  0.00030252307996787  0.00030731238790607  0.00031210169584426
  0.00031689100378245  0.00032168031172064  0.00032646961965883  0.00033125892759703
  0.00033604823553522  0.00034120625109145  0.00034670307038782  0.00035219988968420
  0.00035769670898057  0.00036319352827694  0.00036869034757332  0.00037418716686969
  0.00037968398616607  0.00038518080546244  0.00039102532425050  0.00039733417362225
  0.00040364302299400  0.00040995187236575  0.00041626072173750  0.00042256957110926
  0.00042887842048101  0.00043518726985276  0.00044149611922451  0.00051307481385353
  0.00052256732440870  0.00053205983496387  0.00054155234551904  0.00055104485607421
  0.00056053736662937  0.00057002987718454  0.00057952238773971  0.00058929813850868
  0.00060019295167669  0.00061108776484470  0.00062198257801272  0.00063287739118073
  0.00064377220434874  0.00065466701751676  0.00066556183068477  0.00067613538530285
  0.00068569874484951  0.00069526210439616  0.00070482546394281  0.00071438882348947
  0.00072395218303612  0.00073351554258277  0.00074307890212943  0.00075264226167608
  0.00076220562122273  0.00077176898076939  0.00078521236193798  0.00079943629537911
  0.00081366022882024  0.00082788416226136  0.00084210809570249  0.00085633202914362
  0.00087055596258475  0.00088477989602588  0.00168552146950125  0.00374618354136579
  0.00831940927078130  0.01845966129811512  0.02324315853807997  0.02324315853808997
  0.02324315853809997  0.02324315853810997  0.02324315853811997  1.00000000000000000
  0.00548111995061237  0.29408304768671767  0.29649942870676860  0.29891580972681953
  0.30133219074687045  0.30374857176692138  0.30616495278697231  0.30858133380702324
  0.31099771482707417  0.31361044537063398  0.31654586962164910  0.31948129387266427
  0.32241671812367939  0.32535214237469456  0.32828756662570968  0.33122299087672485
  0.33420225924622804  0.33729366935167188  0.34038507945711571  0.34347648956255955
  0.34656789966800339  0.34965930977344728  0.35275071987889112  0.41726495139267594
  0.53368807625680714  0.54810395148318625  0.55501484669566603  0.56192574190814581
  0.56883663712062571  0.57574753233310549  0.58265842754558528  0.58956932275806517
  0.59648021797054496  0.60339111318302485  0.64703104134643230  0.64929134461767601
  0.65155164788891984  0.65381195116016355  0.65607225443140738  0.65833255770265109
  0.66059286097389480  0.66285316424513863  0.66511346751638234  0.66737377078762616
  0.66963407405886988  0.67189437733011359  0.67415468060135730  0.67641498387260113
  0.67867528714384484  0.68093559041508855  0.68319589368633227  0.68545619695757598
  0.68771650022881980  0.68997680350006352  0.69223710677130723  0.69449741004255094
  0.69675771331379477  0.69901801658503848  0.70127831985628220  0.70353862312752591
  0.70579892639876973  0.70805922967001345  0.71128608816273919  0.71464633522625709
  0.71800658228977510  0.72136682935329310  0.72472707641681111  0.72808732348032912
  0.73144757054384713  0.73480781760736502  0.73816806467088303  0.74152831173440092
  0.74488855879791893  0.74824880586143683  0.75160905292495483  0.75496929998847284
  0.75832954705199074  0.76168979411550874  0.76505004117902664  0.76841028824254465
  0.80330474993796375  0.91972787480209506  0.96057574407981128  0.96393061809025860
  0.96728549210070591  0.97064036611115323  0.97399524012160055  0.97735011413204786
  0.98044745162039004  0.98324067281747718  0.98603389401456432  0.98882711521165145
  0.99162033640873859  0.99441355760582573  0.99720677880291286  1.00000000000000000
  0.00064038832982381  0.29629769288023211  0.30092871909379748  0.30555974530736285
  0.31019077152092822  0.31517888601911070  0.32052215567320114  0.32586542532729157
  0.33120869498138206  0.40214992108652220  0.41861360002684983  0.42084394101518163
  0.42307428200351338  0.42530462299184513  0.42753496398017693  0.42976530496850868
  0.43199564595684048  0.43422598694517223  0.43645632793350403  0.43868666892183578
  0.44091700991016758  0.44314735089849933  0.44537769188683113  0.44760803287516288
  0.44983837386349462  0.45206871485182643  0.45429905584015817  0.45652939682848998
  0.45875973781682172  0.46099007880515352  0.46322041979348533  0.46545076078181713
  0.46768110177014893  0.46991144275848074  0.47214178374681254  0.47437212473514434
  0.47660246572347609  0.47883280671180789  0.57630848617356234  0.60619396087170996
  0.60887503697914180  0.61155611308657365  0.61423718919400550  0.61691826530143734
  0.61959934140886919  0.62228041751630114  0.62496149362373299  0.62764256973116483
  0.63032364583859668  0.63300472194602853  0.63568579805346037  0.63836687416089222
  0.64104795026832406  0.64372902637575591  0.64641010248318775  0.64909117859061971
  0.65177225469805156  0.65445333080548340  0.65713440691291536  0.65981548302034720
  0.66249655912777905  0.66517763523521101  0.68820787757713531  0.69090708169460224
  0.69360628581206907  0.69630548992953600  0.69900469404700294  0.70170389816446987
  0.70440310228193670  0.70710230639940364  0.70980151051687057  0.71250071463433751
  0.71519991875180444  0.71789912286927138  0.72059832698673831  0.72329753110420525
  0.72599673522167218  0.72869593933913912  0.73139514345660606  0.73409434757407299
  0.73679355169153993  0.73949275580900686  0.74219195992647369  0.74489116404394062
  0.74759036816140756  0.76225604232188870  0.81593139641803181  0.82205669820845417
  0.82818199999887643  0.83418656342915876  0.83955253991596546  0.84491851640277227
  0.85028449288957897  0.85508960882822671  0.85508960882823670  1.00000000000000000
  0.23756873210271204  0.37686073014053711  0.37872146028107428  0.38058219042161140
  0.38244292056214851  0.38430365070268563  0.38616438084322280  0.38802511098375991
  0.38988584112429703  0.39174657126483420  0.39360730140537131  0.39546803154590843
  0.39767481571369628  0.39996613362356354  0.40225745153343073  0.40454876944329798
  0.40684008735316524  0.40913140526303249  0.41142272317289974  0.41371404108276699
  0.41600535899263419  0.49250597186996187  0.56344552075859755  0.56619857549854236
  0.56895163023848716  0.57170468497843208  0.57445773971837688  0.57721079445832169
  0.57996384919826649  0.58271690393821129  0.58536873116906418  0.58799135364843802
  0.59061397612781197  0.59323659860718581  0.59585922108655964  0.59848184356593348
  0.60110446604530732  0.60372708852468115  0.60634971100405499  0.60897233348342883
  0.61159495596280267  0.61421757844217650  0.61684020092155034  0.61946282340092418
  0.62208544588029802  0.62470806835967185  0.63052171896479192  0.63673506311118999
  0.64294840725758817  0.64908196968306553  0.65514638082941701  0.66121079197576837
  0.66727520312211985  0.67333961426847122  0.67940402541482259  0.68546843656117395
  0.68879159157941638  0.69073382767132996  0.69267606376324353  0.69461829985515711
  0.69656053594707068  0.69850277203898425  0.70044500813089783  0.70238724422281140
  0.70432948031472498  0.70627171640663855  0.70821395249855201  0.71021516653376782
  0.71222024310062304  0.71422531966747838  0.71623039623433371  0.71823547280118905
  0.72024054936804438  0.72224562593489960  0.72425070250175494  0.72625577906861027
  0.72826085563546561  0.73021464935353664  0.73212618524705730  0.73403772114057786
  0.73594925703409841  0.73786079292761897  0.73977232882113952  0.74168386471466008
  0.74359540060818063  0.74550693650170119  0.74741847239522174  0.74933000828874230
  0.75300702927772900  0.75763678348169927  0.76226653768566954  0.76689629188963981
  0.78678421219212080  0.89339210609605746  0.97051668564478555  1.00000000000000000
 -0.00413577742931041  0.00099560119351037  0.00199120238702075  0.00298680358053112
  0.00398240477404150  0.00497800596755187  0.00597360716106224  0.00696920835457262
  0.00796480954808299  0.00896041074159336  0.00995601193510374  0.01095161312861411
  0.01194721432212448  0.01294281551563485  0.01393841670914523  0.01493401790265560
  0.01592961909616597  0.01692522028967634  0.01792082148318672  0.01891642267669709
  0.01991202387020746  0.02092669160715912  0.02217780809568285  0.02342892458420658
  0.02468004107273030  0.02593115756125403  0.02718227404977776  0.02843339053830148
  0.02968450702682521  0.03093562351534893  0.03218674000387266  0.03343785649239638
  0.03468897298092011  0.03594008946944384  0.03719120595796756  0.03844232244649129
  0.03969343893501501  0.04094455542353874  0.07298663577267968  0.14705949253475978
  0.22113234929683998  0.25065595238884131  0.25173079025769329  0.25280562812654533
  0.25388046599539732  0.25495530386424936  0.25603014173310135  0.25710497960195333
  0.25817981747080537  0.25925465533965736  0.26032949320850940  0.26140433107736138
  0.26247916894621337  0.26355400681506541  0.26462884468391740  0.26570368255276938
  0.26677852042162142  0.26785335829047341  0.26892819615932545  0.27000303402817744
  0.27102550289328109  0.27187015952800786  0.27271481616273469  0.27355947279746146
  0.27440412943218828  0.27524878606691505  0.27609344270164182  0.27693809933636865
  0.27778275597109542  0.27862741260582224  0.27947206924054901  0.28031672587527584
  0.28116138251000261  0.28200603914472944  0.28285069577945621  0.28369535241418298
  0.28454000904890980  0.28538466568363657  0.28622932231836340  0.28707397895309017
  0.28791863558781700  0.28876329222254377  0.28960794885727054  0.29045260549199736
  0.29129726212672413  0.33334428914128894  0.40741714590336914  0.48149000266544933
  0.55556285942752937  0.62963571618960945  0.70370857295168954  0.77778142971376973
  0.85185428647584993  0.92592714323793002  0.97220683495203652  1.00000000000000000
  0.10516666968663541  0.38066263917779447  0.38632527835558889  0.39198791753338336
  0.39657316697243755  0.39887855826385449  0.40118394955527148  0.40348934084668842
  0.40579473213810541  0.40810012342952234  0.41040551472093934  0.41271090601235627
  0.41501629730377326  0.41730741537676452  0.41956257116914519  0.42181772696152586
  0.42407288275390659  0.42632803854628726  0.42858319433866793  0.43083835013104860
  0.43309350592342927  0.43534866171580999  0.43760381750819066  0.43985897330057133
  0.44211412909295200  0.44436928488533267  0.44662444067771340  0.44887959647009407
  0.45113475226247474  0.45338990805485541  0.45564506384723608  0.45790021963961680
  0.46047665384306863  0.46312945844401698  0.46578226304496534  0.46843506764591375
  0.47108787224686210  0.47374067684781052  0.47639348144875887  0.47904628604970723
  0.48190197740179763  0.48476731312324711  0.48763264884469659  0.49049798456614607
  0.49336332028759550  0.49622865600904498  0.49909399173049446  0.50195932745194394
  0.50482466317339336  0.50768999889484290  0.51055533461629232  0.51342067033774186
  0.51628600605919128  0.51915134178064082  0.52169797569485721  0.52379161059006740
  0.52588524548527749  0.52797888038048768  0.53007251527569776  0.53216615017090785
  0.53425978506611804  0.53635341996132813  0.53844705485653832  0.54054068975174840
  0.54263432464695860  0.54472795954216868  0.54682159443737877  0.54891522933258885
  0.55100886422779904  0.55310249912300913  0.55519613401821921  0.55728976891342930
  0.55938340380863949  0.56147703870384957  0.56357067359905966  0.56566430849426974
  0.56775794338947994  0.56985157828469002  0.57194521317990010  0.57403884807511019
  0.57613248297032038  0.57822611786553046  0.58031975276074055  0.58241338765595074
  0.64411073343540293  0.65199712606491167  0.65826043604775142  0.66452374603059106
  0.67029684141480950  0.67581498735345769  0.68133313329210587  0.68685127923075406
  0.78316971177536376  0.80222708384195962  0.80222708384196961  1.00000000000000000
  0.62796592315038047  0.65017527258387087  0.65451721183440859  0.65885915108494619
  0.66320109033548391  0.66743394954474100  0.67123545183448707  0.67503695412423326
  0.67883845641397933  0.68263995870372551  0.68644146099347159  0.68863393737845069
  0.69020547337639249  0.69177700937433428  0.69334854537227597  0.69492008137021777
  0.69649161736815945  0.69806315336610125  0.69963468936404305  0.70120622536198474
  0.70277776135992653  0.70434929735786822  0.70592083335581002  0.70749236935375182
  0.70906390535169350  0.71063544134963530  0.71220697734757710  0.71377851334551889
  0.71535004934346058  0.71692158534140238  0.71849312133934418  0.72006465733728597
  0.72163619333522766  0.72320772933316946  0.72477926533111126  0.72635080132905305
  0.72792233732699474  0.72950675684342636  0.73114017090092198  0.73277358495841760
  0.73440699901591322  0.73604041307340884  0.73767382713090446  0.73930724118840008
  0.74094065524589570  0.74257406930339132  0.74420748336088693  0.74584089741838255
  0.74747431147587817  0.74910772553337379  0.78927052089462846  0.79384640171199805
  0.79608820181785356  0.79833000192370918  0.80057180202956468  0.80281360213542019
  0.80505540224127581  0.80729720234713132  0.80953900245298682  0.81178080255884244
  0.81346887222248998  0.81489538874009337  0.81632190525769677  0.81774842177530016
  0.81917493829290355  0.82060145481050695  0.82202797132811034  0.82345448784571373
  0.82488100436331713  0.82630752088092052  0.82773403739852391  0.82916055391612731
  0.83058707043373070  0.83201358695133409  0.83341812498373224  0.83455099504299002
  0.83568386510224779  0.83681673516150556  0.83794960522076334  0.83908247528002100
  0.84021534533927877  0.84134821539853655  0.84248108545779432  0.84361395551705209
  0.84474682557630987  0.84587969563556764  0.84701256569482541  0.84814543575408319
  0.84927830581334085  0.85041117587259862  0.85154404593185640  0.85267691599111417
  0.85380978605037194  0.91345082402194022  0.96935660044352212  1.00000000000000000
   3.4521402955819375E-011  -1.0000000000000000     
 F F F F F F F F F F F F F F F F F F F F F F F F F F F F F F F F F F F F F F F F F F F F F F F F F F F F F F F F F F F F F F F F
  <DiscreteSampler_grid>
  grouped_processes
  1 # 1 for a reference and 2 for a running grid.
  10 # Attribute 'min_bin_probing_points' of the grid.
  1 # Attribute 'grid_mode' of the grid. 1=='default',2=='initialization'
  0.0000000000000000 # Attribute 'small_contrib_threshold' of the grid.
  0.5000000000000000 # Attribute 'damping_power' of the grid.
 # binID   n_entries weight   weight_sqr   abs_weight
    10   10   1.962660730447669E+002   2.940811740881486E+005   1.962660730447669E+002
  </DiscreteSampler_grid>
