  0.04024320896677244  0.04571717812205709  0.04976768957744743  0.05381820103283778
  0.05786871248822813  0.06191922394361848  0.06655843280095189  0.07129617982220413
  0.07603392684345638  0.08077167386470863  0.13839275659556258  0.14863817540383523
  0.15162863427076495  0.15461909313769467  0.15760955200462437  0.16060001087155409
  0.16359046973848382  0.16658092860541354  0.16957138747234324  0.17256184633927291
  0.17555230520620260  0.17854276407313230  0.18153322294006197  0.18452368180699166
  0.18751414067392136  0.19050459954085106  0.19349505840778072  0.19648551727471042
  0.19947597614164012  0.20246643500856978  0.20545689387549948  0.21290387963787324
  0.27478603000531476  0.28243518367733095  0.29008433734934719  0.29773349102136337
  0.30538264469337950  0.31273167692314141  0.31606401583706417  0.31939635475098693
  0.32272869366490969  0.32606103257883251  0.32939337149275527  0.33272571040667803
  0.33618079123140465  0.33966324400954384  0.34314569678768303  0.34662814956582216
  0.35011060234396135  0.35359305512210054  0.35575100767261214  0.35764777421799610
  0.35954454076337999  0.36144130730876389  0.36333807385414779  0.36523484039953175
  0.36713160694491564  0.36902837349029954  0.37092514003568344  0.37282190658106734
  0.37471867312645130  0.37694049684317776  0.37921892887486186  0.38149736090654601
  0.38377579293823016  0.38605422496991432  0.38833265700159847  0.39061108903328262
  0.39288952106496672  0.39516795309665087  0.39744638512833508  0.39972481716001923
  0.40200324919170338  0.40428168122338753  0.40656011325507174  0.40883854528675589
  0.41111697731844005  0.41339540935012425  0.41567384138180841  0.48430598555725701
  0.60418058262367991  0.64852052037399455  0.65263862137447692  0.65675672237495930
  0.66087482337544179  0.66499292437592417  0.66873224241890494  0.67221219384255260
  0.67569214526620025  0.67917209668984790  0.68265204811349556  0.68613199953714321
  0.76025080586713423  0.88012540293355712  0.94458788926845882  1.00000000000000000
  0.00018938984220348  0.00034610030070171  0.00035427366348415  0.00036244702626658
  0.00037062038904902  0.00037915904275760  0.00038983643174977  0.00040051382074195
  0.00041119120973412  0.00042186859872629  0.00082338304280178  0.00161373391468187
  0.00316258222296934  0.00487554418086575  0.00494167026946843  0.00500779635807112
  0.00507392244667381  0.00514004853527649  0.00520617462387918  0.00527230071248187
  0.00533842680108455  0.00540455288968724  0.00547649212609696  0.00555038177942328
  0.00562427143274960  0.00569816108607592  0.00577205073940224  0.00584594039272856
  0.00591983004605488  0.00599371969938120  0.00606877980298725  0.00615134450602734
  0.00623390920906744  0.00631647391210753  0.00639903861514762  0.00648160331818772
  0.00656416802122781  0.00664673272426791  0.00672929742730800  0.00761955972116448
  0.00777691566187072  0.00793427160257697  0.00809162754328321  0.00824898348398945
  0.00840633942469569  0.00857686302964117  0.00875269341902774  0.00892852380841431
  0.00910435419780088  0.00928018458718745  0.00945744943939440  0.00965392327885082
  0.00985039711830725  0.01004687095776367  0.01024334479722009  0.01043981863667651
  0.01186720106252231  0.01215714303556970  0.01244708500861710  0.01273702698166449
  0.01302696895471188  0.01327093758847624  0.01346637645983357  0.01366181533119091
  0.01385725420254824  0.01405269307390558  0.01424813194526292  0.01444357081662025
  0.01463900968797758  0.01484755907752172  0.01506594354205353  0.01528432800658534
  0.01550271247111715  0.01572109693564896  0.01593948140018077  0.01615786586471258
  0.01637625032924439  0.01664429151916954  0.01693834062476821  0.01723238973036687
  0.01752643883596553  0.01782048794156419  0.01811453704716285  0.01952992244200460
  0.02140509633484976  0.02234157897933742  0.02327547683331697  0.02420452066959998
  0.02513356450588299  0.03468321903369815  0.06794063239530715  0.07932934784022458
  0.07932934784023458  0.07932934784024459  0.07932934784025460  1.00000000000000000
  0.00029947464415556  0.00038364568526429  0.00038968996055398  0.00039573423584366
  0.00040177851113335  0.00040782278642304  0.00041386706171273  0.00041991133700241
  0.00042734119599510  0.00043546787093301  0.00044359454587091  0.00045172122080882
  0.00045984789574672  0.00046797457068463  0.00068199539113647  0.00115096523117361
  0.00117712345372773  0.00120328167628184  0.00122943989883595  0.00125559812139007
  0.00128161256565160  0.00130495705607020  0.00132830154648880  0.00135164603690740
  0.00137499052732601  0.00139833501774461  0.00142167950816321  0.00144670008244548
  0.00147278534380843  0.00149887060517137  0.00152495586653431  0.00155104112789725
  0.00157712638926020  0.00160595985779865  0.00164802530121918  0.00169009074463972
  0.00173215618806026  0.00177422163148080  0.00278603394504683  0.00283200063996948
  0.00287796733489213  0.00292393402981477  0.00296990072473742  0.00301586741966007
  0.00306183411458271  0.00310780080950536  0.00315867198680669  0.00321003542329843
  0.00326139885979017  0.00331276229628190  0.00336412573277364  0.00341548916926538
  0.00346685260575711  0.00352301291710620  0.00358040670216472  0.00363780048722323
  0.00369519427228174  0.00375258805734026  0.00380998184239877  0.00386737562745729
  0.00399888800758405  0.00416494009661904  0.00433099218565402  0.00451526931533419
  0.00470081682845910  0.00486271276703141  0.00492215098396214  0.00498158920089287
  0.00504102741782361  0.00510046563475434  0.00515990385168508  0.00521934206861581
  0.00527878028554654  0.00533821850247728  0.00539765671940801  0.00545406333782113
  0.00550848636204582  0.00556290938627051  0.00561733241049520  0.00567175543471989
  0.00572617845894458  0.00578060148316927  0.00583502450739396  0.00588944753161865
  0.00594387055584334  0.00599829358006803  0.00605271660429272  0.01091138772623433
  0.02079521949409551  0.02441745871569484  0.02441745871570484  0.02441745871571484
  0.02441745871572484  0.02441745871573484  0.02441745871574484  1.00000000000000000
  0.03370582660039272  0.03441712259077823  0.03512841858116373  0.03583971457154923
  0.03655101056193474  0.03726230655232024  0.03797360254270574  0.03868489853309124
  0.03939619452347674  0.04010749051386225  0.04081878650424775  0.04153008249463325
  0.04354362037280020  0.04586664489166295  0.04818966941052570  0.05051269392938846
  0.05283571844825122  0.05515874296711397  0.05748176748597673  0.05980479200483948
  0.06212781652370224  0.16882211483938336  0.29542847295889713  0.42203483107841089
  0.50117577511629929  0.50423615681947820  0.50729653852265721  0.51035692022583623
  0.51341730192901525  0.51647768363219426  0.51953806533537328  0.52259844703855229
  0.52565882874173131  0.52871921044491033  0.53177959214808934  0.53483997385126836
  0.53790035555444737  0.54096073725762639  0.54402111896080541  0.54708150066398442
  0.55014188236716344  0.55320226407034245  0.55626264577352147  0.55932302747670037
  0.56238340917987939  0.60684517354763512  0.61107796530630376  0.61531075706497229
  0.61954354882364082  0.62377634058230946  0.62800913234097799  0.63224192409964663
  0.63647471585831517  0.64070750761698370  0.64494029937565234  0.64917309113432087
  0.65340588289298951  0.65763867465165815  0.66187146641032679  0.66610425816899543
  0.71095824963336007  0.71583703554432832  0.72071582145529667  0.72559460736626502
  0.73047339327723337  0.73535217918820162  0.74023096509916997  0.74510975101013821
  0.74998853692110645  0.75486732283207481  0.75974610874304305  0.76462489465401140
  0.76950368056497964  0.81565658984246570  0.82358058641960008  0.83150458299673458
  0.83942857957386907  0.84735257615100368  0.85527657272813817  0.86320056930527267
  0.87112456588240705  0.93756167031264326  0.94113298984852412  0.94470430938440497
  0.94827562892028583  0.95184694845616669  0.95541826799204754  0.95866809773036754
  0.96048987752376513  0.96231165731716284  0.96413343711056054  0.96595521690395825
  0.96777699669735584  0.96959877649075354  0.97112077871958413  1.00000000000000000
  0.02402674754460652  0.10645084718083489  0.10873502769500304  0.11101920820917119
  0.11330338872333934  0.11558756923750749  0.11787174975167564  0.12015593026584379
  0.12244011078001193  0.12472429129418008  0.12743499368628775  0.13020424596417512
  0.13297349824206250  0.13574275051994988  0.13851200279783726  0.14128125507572464
  0.14405050735361202  0.18404321276355534  0.23059726142261838  0.23306660402714038
  0.23553594663166241  0.23800528923618441  0.24047463184070644  0.24294397444522844
  0.24541331704975047  0.24788265965427247  0.25035200225879450  0.25282134486331648
  0.25529068746783851  0.25776003007236054  0.26022937267688256  0.26269871528140454
  0.26516805788592657  0.26763740049044860  0.27010674309497062  0.27257608569949265
  0.27504542830401468  0.27751477090853671  0.27998411351305874  0.28245345611758083
  0.28492279872210285  0.28739214132662488  0.28986148393114691  0.31278633219664487
  0.31661706178992860  0.32044779138321233  0.32427852097649601  0.32810925056977974
  0.33193998016306347  0.33577070975634721  0.33960143934963094  0.34343216894291467
  0.34726289853619846  0.35109362812948219  0.35492435772276593  0.35875508731604966
  0.36258581690933339  0.36641654650261707  0.37024727609590080  0.37407800568918453
  0.45645096780813110  0.56371979858307975  0.67098862935802850  0.77825746013297692
  0.88552629090792556  0.93920355524089250  0.94250833825410474  0.94581312126731698
  0.94911790428052933  0.95242268729374158  0.95572747030695382  0.95874273342231309
  0.96067854651273454  0.96261435960315589  0.96455017269357735  0.96648598578399869
  0.96842179887442015  0.97035761196484149  0.97229342505526295  0.97422923814568441
  0.97616505123610575  0.97810086432652721  0.97986283795686724  0.98141185042172352
  0.98296086288657991  0.98450987535143630  0.98605888781629270  0.98760790028114909
  0.98915691274600548  0.99070592521086176  0.99225493767571815  0.99380395014057454
  0.99535296260543094  0.99690197507028733  0.99845098753514372  1.00000000000000000
  0.02463620503743489  0.02798841590326585  0.03134062676909680  0.03469283763492775
  0.03804504850075871  0.04139725936658967  0.04608054730902768  0.05088015855061676
  0.05567976979220585  0.06047938103379494  0.13336723659209576  0.25036549964951799
  0.25812883862700198  0.26589217760448602  0.27365551658197013  0.28141885555945423
  0.28918219453693833  0.29694553351442238  0.30470887249190642  0.31247221146939047
  0.43445704517257672  0.50193670616966424  0.50610617463399965  0.51027564309833506
  0.51444511156267048  0.51861458002700589  0.52278404849134130  0.52695351695567672
  0.53112298542001213  0.53529245388434754  0.53946192234868307  0.54363139081301848
  0.54780085927735389  0.55197032774168930  0.55613979620602461  0.56030926467036002
  0.62058590407156222  0.62721809773565196  0.62951918248978500  0.63182026724391804
  0.63412135199805109  0.63642243675218413  0.63872352150631717  0.64102460626045021
  0.64332569101458337  0.64562677576871641  0.64792786052284945  0.65022894527698250
  0.65253003003111565  0.65483111478524869  0.65713219953938173  0.65943328429351489
  0.66173436904764793  0.66403545380178097  0.66633653855591413  0.66830619781337008
  0.67022034449857304  0.67213449118377600  0.67404863786897884  0.67596278455418179
  0.67787693123938475  0.67979107792458771  0.68170522460979066  0.68361937129499351
  0.68553351798019646  0.68744766466539942  0.69092707988885482  0.69445049465751796
  0.69797390942618109  0.70149732419484434  0.70502073896350748  0.70854415373217061
  0.71206756850083386  0.71559098326949711  0.71911439803816024  0.72263781280682349
  0.72616122757548673  0.74715992507772389  0.77327218094708738  0.77629586258338412
  0.77931954421968086  0.78234322585597760  0.78536690749227434  0.78839058912857107
  0.79141427076486781  0.79394397310349518  0.79642868608979644  0.79891339907609782
  0.80139811206239908  0.80388282504870046  0.80636753803500172  0.80885225102130309
  0.81133696400760436  0.82059389750162759  0.82059389750163758  1.00000000000000000
  0.00251758282220961  0.00364204961859412  0.00476651641497863  0.00589098321136314
  0.00701545000774765  0.00813991680413216  0.00926438360051667  0.01038885039690118
  0.01151331719328568  0.01263778398967019  0.01376225078605470  0.01488671758243921
  0.01601118437882372  0.01713565117520823  0.01826011797159274  0.01938458476797725
  0.02050905156436176  0.02198654502537533  0.02360710553635625  0.02522766604733717
  0.02684822655831808  0.02846878706929900  0.03008934758027992  0.03170990809126083
  0.03333046860224175  0.03495102911322267  0.03657158962420359  0.03819215013518450
  0.03981271064616542  0.04143327115714634  0.04367855685664587  0.04602895482002967
  0.04837935278341347  0.05072975074679727  0.05308014871018106  0.05543054667356486
  0.05778094463694866  0.06013134260033246  0.06248174056371626  0.06576419022384937
  0.06905393736583108  0.07234368450781280  0.07563343164979451  0.07892317879177622
  0.08221292593375794  0.08550267307573967  0.08879242021772142  0.09208216735970318
  0.09537191450168492  0.09866166164366667  0.10195140878564841  0.10524115592763014
  0.10853090306961187  0.11182065021159358  0.11511039735357530  0.11840014449555701
  0.12168989163753872  0.12497963877952044  0.23029879055732286  0.33625336539409345
  0.44220794023086418  0.50125387917213604  0.50401233633314158  0.50677079349414711
  0.50952925065515264  0.51228770781615818  0.51504616497716371  0.51780462213816925
  0.52056307929917478  0.52332153646018031  0.52607999362118585  0.52883845078219138
  0.53159690794319703  0.53435536510420256  0.53711382226520810  0.53987227942621363
  0.54263073658721916  0.54538919374822470  0.54814765090923023  0.55090610807023577
  0.55366456523124130  0.55642302239224684  0.55918147955325237  0.56193993671425790
  0.64694209019087678  0.75289666502764752  0.85885123986441836  0.88033335709069238
  0.88662575123997134  0.89291814538925030  0.89662765856091509  0.89810764145534727
  0.89958762434977957  0.90106760724421175  0.90138358275095609  1.00000000000000000
  0.08027255137761428  0.09059256275042481  0.09785179216751635  0.10523067232004361
  0.11340965354013860  0.12158863476023357  0.12756696975283041  0.13197067959178960
  0.13637438943074878  0.14077809926970797  0.14518180910866715  0.14958551894762637
  0.15398922878658561  0.15839293862554482  0.16279664846450406  0.16720035830346330
  0.17160406814242246  0.17600777798138165  0.18041148782034083  0.18481519765930002
  0.23752163997346851  0.27458265010553323  0.27964888148576694  0.28471511286600065
  0.28978134424623436  0.29484757562646807  0.29991380700670173  0.30498003838693538
  0.31004626976716904  0.31511250114740269  0.32017873252763634  0.32524496390787000
  0.33031119528810365  0.37519088414642165  0.37762754392447240  0.38006420370252314
  0.38250086348057388  0.38493752325862463  0.38737418303667537  0.38981084281472611
  0.39224750259277685  0.39468416237082760  0.39712082214887834  0.39955748192692914
  0.40199414170497988  0.40443080148303068  0.40686746126108142  0.40930412103913222
  0.41174078081718296  0.41417744059523376  0.41661410037328450  0.41905076015133524
  0.42148741992938599  0.42392407970743673  0.42636073948548747  0.42879739926353821
  0.43123405904158896  0.43367071881963970  0.43610737859769044  0.47949713422351287
  0.48269514202581570  0.48589314982811854  0.48909115763042138  0.49228916543272422
  0.49548717323502706  0.49868518103732989  0.50188318883963279  0.50508119664193563
  0.50827920444423846  0.51147721224654130  0.51467522004884414  0.51787322785114698
  0.52107123565344982  0.52426924345575265  0.52746725125805560  0.53066525906035844
  0.53386326686266128  0.53706127466496423  0.54025928246726707  0.60443559980967054
  0.60815966567248025  0.61188373153528985  0.61560779739809957  0.61933186326090917
  0.62305592912371877  0.62648305860769049  0.62958588079272237  0.63268870297775426
  0.63579152516278614  0.63889434734781814  0.64199716953285002  0.64509999171788190
  0.74369675118046241  0.87184837559022421  0.94275266329447427  1.00000000000000000
  0.72429507573445651  0.72495997694075898  0.72562487814706145  0.72628977935336403
  0.72695468055966650  0.72761958176596897  0.72828448297227144  0.72894938417857391
  0.73142010390682788  0.73476740168137744  0.73811469945592700  0.74146199723047657
  0.74480929500502613  0.74815659277957569  0.79111758311457148  0.85465236044335813
  0.85621370929256135  0.85777505814176458  0.85933640699096780  0.86089775584017103
  0.86245910468937426  0.86402045353857737  0.86558180238778060  0.86714315123698382
  0.86870450008618705  0.87026584893539027  0.87182719778459350  0.87338854663379673
  0.87494989548299995  0.87647691618387513  0.87800279875291110  0.87952868132194706
  0.88105456389098291  0.88258044646001887  0.88410632902905484  0.88563221159809069
  0.88715809416712665  0.88868397673616262  0.89020985930519847  0.89173574187423443
  0.89326162444327029  0.89478750701230625  0.89622972926360001  0.89748969336768070
  0.89874965747176139  0.90000962157584197  0.90126958567992266  0.90252954978400324
  0.90378951388808393  0.90504947799216462  0.90630944209624520  0.90756940620032589
  0.90882937030440647  0.91008933440848716  0.91134929851256785  0.91260926261664843
  0.91386922672072912  0.91512919082480981  0.91638915492889039  0.91844886985783458
  0.92073448911436551  0.92302010837089643  0.92530572762742735  0.92759134688395817
  0.92987696614048909  0.93216258539702002  0.93444820465355094  0.93673382391008186
  0.93908884966805051  0.94147887351153814  0.94386889735502588  0.94625892119851351
  0.94864894504200126  0.95103896888548889  0.95342899272897663  0.95581901657246426
  0.95820904041595190  0.96063633275359872  0.96306566955725514  0.96549500636091157
  0.96792434316456799  0.97035367996822430  0.97278301677188073  0.97521235357553715
  0.97764169037919357  0.97991438660688723  0.98192294794619850  0.98393150928550976
  0.98594007062482103  0.98794863196413230  0.98995719330344356  0.99196575464275483
  0.99397431598206609  0.99598287732137747  0.99799143866068873  1.00000000000000000
   4.5392522651691214E-011  -1.0000000000000000     
 F F F F F F F F F F F F F F F F F F F F F F F F F F F F F F F F F F F F F F F F F F F F F F F F F F F F F F F F F F F F F F F F
  <DiscreteSampler_grid>
  grouped_processes
  1 # 1 for a reference and 2 for a running grid.
  10 # Attribute 'min_bin_probing_points' of the grid.
  1 # Attribute 'grid_mode' of the grid. 1=='default',2=='initialization'
  0.0000000000000000 # Attribute 'small_contrib_threshold' of the grid.
  0.5000000000000000 # Attribute 'damping_power' of the grid.
 # binID   n_entries weight   weight_sqr   abs_weight
    10   10   6.038314300434107E+001   1.616422950560834E+004   6.038314300434107E+001
  </DiscreteSampler_grid>
