  0.00305675778822898  0.01287552927200606  0.02481143507019037  0.03735530550981537
  0.04927558406457230  0.06093101449717559  0.07240425839991822  0.08355313199388525
  0.09460512286301596  0.10497322857734320  0.11554596504295893  0.12648999491528046
  0.13769284792638029  0.14867522108637021  0.15933071746174651  0.16979445967377113
  0.18039441677262180  0.19103942069550456  0.20143088330042577  0.21118581521880958
  0.22026241915577274  0.22945616012112824  0.23798992478284262  0.24681236636464976
  0.25604703080564156  0.26605965215970889  0.27612609565884066  0.28706368537219101
  0.29733619824477547  0.30771367874774275  0.31723343583330599  0.32763679503495596
  0.33862226737490231  0.34926337357280818  0.35987406394616767  0.37090432840508569
  0.38121129078816779  0.39299289164016055  0.40398864229337611  0.41493793285364922
  0.42540029244544436  0.43456883321093365  0.44355118745097605  0.45292583859420427
  0.46270785792784930  0.47199861359116746  0.48081266869602457  0.48964323375207308
  0.49889618939565666  0.50903456069760411  0.52074714742068051  0.53285681340726754
  0.54352023088280565  0.55262434557959794  0.56114406525503158  0.57007635647735544
  0.58061044282948782  0.59176766949225179  0.60362423665012854  0.61504848911175136
  0.62514268841741960  0.63478959785773625  0.64509079790269885  0.65599751678476670
  0.66643952886421376  0.67660231524001269  0.68677212463802750  0.69545908804270540
  0.70448024946175880  0.71519120673696257  0.72632381395857037  0.73757273961796221
  0.74754466602948000  0.75888019707442722  0.77035499858731460  0.78296318377080798
  0.79577516454321384  0.80677958673406902  0.81730631130615272  0.82747972740174980
  0.83764418380378902  0.84833622792828112  0.85992718590384754  0.87182392932374275
  0.88347712270108236  0.89461894464794345  0.90497500951515009  0.91436451081572623
  0.92328045913491297  0.93271570185596220  0.94308779740869486  0.95459936150797298
  0.96595513838934599  0.97590005321994200  0.98430973623283113  1.00000000000000000
  0.00000769170403555  0.00000903760588603  0.00001020918620679  0.00001241418641059
  0.00001559868479563  0.00001928892224955  0.00002316109246850  0.00002754265004725
  0.00003231005347223  0.00003732768066289  0.00004289559541097  0.00004885843758364
  0.00005474173899140  0.00006084002561994  0.00006728670188373  0.00007487925392105
  0.00008267327574861  0.00009122242574575  0.00010106911107904  0.00011106818984311
  0.00012316480820865  0.00013522293832117  0.00014647682940875  0.00015783444092474
  0.00016951209094548  0.00018155668325791  0.00019469342804724  0.00020849849708349
  0.00022257646107245  0.00023685984168057  0.00025145704654025  0.00026696747500022
  0.00028412054792602  0.00030148504733903  0.00031933462370077  0.00033876124271651
  0.00035906590979635  0.00037990077161306  0.00040155847926791  0.00042365926197436
  0.00044474355068732  0.00046672718402014  0.00049019193526022  0.00051594272827697
  0.00054328711043161  0.00057115036544867  0.00060043127108027  0.00063115330888806
  0.00066427870713164  0.00069795889468855  0.00073176896988326  0.00076654629887116
  0.00080321603257104  0.00084321051026534  0.00088810807261544  0.00093789733881436
  0.00099015574156225  0.00104508034831574  0.00110314600993766  0.00116960305806230
  0.00124871251015694  0.00133068105629685  0.00140801045114425  0.00148325143412062
  0.00155761898882320  0.00163607680306440  0.00172375794483903  0.00182546428131807
  0.00193567428090869  0.00206496696126080  0.00221711948846668  0.00238472834970379
  0.00254618038928927  0.00270888194710165  0.00287670026661953  0.00306551809636626
  0.00326226368399562  0.00348011979635587  0.00371272216451666  0.00395368108617854
  0.00421474360450665  0.00449670482995537  0.00479834197098143  0.00516415553477113
  0.00558010000383509  0.00607604070340618  0.00667111114892005  0.00741376688507357
  0.00833431090266015  0.00971155188162779  0.01180948901498757  0.01430582065221324
  0.01741014304421851  0.02185262217288506  0.05837297622730737  1.00000000000000000
  0.00000753762466025  0.00000762557709519  0.00000793723020192  0.00000842017186513
  0.00000905736216703  0.00000974085965849  0.00001049803196784  0.00001130859799745
  0.00001214309734725  0.00001299446498732  0.00001385710803613  0.00001473749274488
  0.00001565184527779  0.00001667146789114  0.00001775295685167  0.00001893053842763
  0.00002022292006868  0.00002160455281115  0.00002315556960429  0.00002477434693030
  0.00002674038343433  0.00002868174458532  0.00003100789206131  0.00003378737266341
  0.00003692402377265  0.00004031635624078  0.00004393280357978  0.00004785996553447
  0.00005200217563866  0.00005627282663747  0.00006071780814721  0.00006542721723361
  0.00007098294923442  0.00007725782909180  0.00008403726157401  0.00009160162701712
  0.00009916797869955  0.00010703301080459  0.00011574953280743  0.00012585511907086
  0.00013739209709943  0.00014985822600146  0.00016325419526933  0.00017811547858094
  0.00019297895474451  0.00020894359930211  0.00022610397859211  0.00024396964601582
  0.00026386427797506  0.00028180956139001  0.00030258650363297  0.00032412199143949
  0.00034607708070945  0.00037653070213955  0.00040657006342190  0.00043799505868544
  0.00047244364664105  0.00051017245923958  0.00055479342092572  0.00060336722184757
  0.00065251865181969  0.00070658778349296  0.00076374370328712  0.00081849174417509
  0.00087137861014432  0.00092877039293460  0.00098919550076193  0.00107402082337979
  0.00117831524977712  0.00129216361350163  0.00141085143697215  0.00151895555816137
  0.00162569651547578  0.00174172233217163  0.00187152324370862  0.00202878599980042
  0.00221485297424378  0.00246494370703034  0.00275313503220899  0.00311366244006913
  0.00343083355989859  0.00375448140761468  0.00403176267228435  0.00431336082677870
  0.00464483707495069  0.00497088085748722  0.00529262458842774  0.00572600416024493
  0.00617418792134026  0.00686659201906407  0.00784967253304658  0.00926941743014155
  0.01185075912597826  0.01559805204198374  0.13915747329977732  1.00000000000000000
 -0.00224289940571765  0.00918353348536023  0.01979934923975474  0.03138202915778220
  0.04375262473836986  0.05608379276014366  0.07126403629507129  0.08641887120321184
  0.10096156806743244  0.11591421254845882  0.13189956337959821  0.14898226893894534
  0.16635838307635387  0.18276198774354080  0.19863597810053590  0.21376792548537579
  0.22972600088576939  0.24672155460254577  0.26405738527204214  0.28043914601139264
  0.29501431751617646  0.30812285028744840  0.31996083880545201  0.33194225330527399
  0.34507177781915360  0.35807516205101858  0.37085902972619816  0.38393474899619856
  0.39724381936493558  0.40989299520163197  0.42144456966092941  0.43280130038100056
  0.44345823187296107  0.45294027765055400  0.46258656569340340  0.47191340668607296
  0.48140224534392184  0.49131163752736190  0.50183783360698020  0.51236919606884035
  0.52334989590211678  0.53442388584939438  0.54565900137523182  0.55588352758302173
  0.56590991425516601  0.57436182847480521  0.58305434265814526  0.59234084980679025
  0.60213232630567648  0.61198043318148321  0.62146089582483299  0.63102127559015597
  0.64068747428624939  0.64993233457736888  0.65848123664074043  0.66644970175692420
  0.67458911242836517  0.68301348733227218  0.69203562484361270  0.70190238408797867
  0.71084338600916519  0.71934209108025704  0.72750962175202005  0.73579010612369855
  0.74451741856754039  0.75342215983954419  0.76258389671464333  0.77201273402031534
  0.78182933687598610  0.79146479946697268  0.80083206575701615  0.80962887463809619
  0.81837340046137008  0.82707282889414391  0.83577518159075426  0.84467929373422102
  0.85332170631257487  0.86139485268851756  0.86942000657540308  0.87746225760833385
  0.88623475256558915  0.89480129095075600  0.90349515585660556  0.91270986208500970
  0.92202808707890738  0.93078327768069458  0.93944783156035316  0.94785003551405633
  0.95554030695921477  0.96246811887423556  0.96914403783501224  0.97590889042697082
  0.98321539085608312  0.98969873488702298  0.99497577877510501  1.00000000000000000
 -0.00230156551591284  0.00938227479788320  0.01988535798505606  0.03093798091211404
  0.04182573828024630  0.05265297631836993  0.06298430356505526  0.07445408674613975
  0.08716044775156367  0.10018222003813887  0.11222454391732023  0.12295704448096476
  0.13171155366804649  0.14067592823205097  0.14956734501098112  0.15897973282092326
  0.16907990578356519  0.17947266323066477  0.19116704726799666  0.20387859286973051
  0.21626420107290281  0.22778260832117064  0.23906119761184066  0.25147988790898118
  0.26290883229843187  0.27492617020247884  0.28613373756867216  0.29657504176882377
  0.30650565151225762  0.31723939732059137  0.32786048899932990  0.33881564509109435
  0.35009299949590655  0.36086311105160190  0.37058371539753004  0.37948976342340396
  0.38826203769658835  0.39764615805528652  0.40731168969986370  0.41699481127666937
  0.42665398522245962  0.43645126519764643  0.44680225084371311  0.45730864699588836
  0.46775434031881297  0.47813859031876310  0.48858891219867073  0.49971179428836709
  0.51021440347317537  0.52020404637205209  0.53018730842944217  0.54051918591679449
  0.55072473725243365  0.56093154768809539  0.57028959192624795  0.57920678290181837
  0.58773585824644725  0.59573610978639613  0.60451576616189029  0.61485800155161441
  0.62544862414031221  0.63624745360667434  0.64664128421725564  0.65666416121418547
  0.66638463365227851  0.67660693437549702  0.68726241085412221  0.69856918841203619
  0.71034105955741222  0.72201369557515027  0.73356576402151619  0.74495048531678565
  0.75564096839451256  0.76579183777375992  0.77586100419110904  0.78560766782419478
  0.79499399302216234  0.80354642343714200  0.81240380219156605  0.82195987855434349
  0.83233511975331909  0.84230247074984099  0.85268630174184878  0.86412304683559249
  0.87553602416627296  0.88528875005759922  0.89497198855305971  0.90624811589549559
  0.91781530864254113  0.92886449565511064  0.93911671300134381  0.95018477177091754
  0.96194233401154561  0.97453311713182456  0.98730682702614159  1.00000000000000000
 -0.00279011269192188  0.00886816532040857  0.01989415841508271  0.03085976985823266
  0.04200503872282879  0.05272159830599241  0.06315276421293593  0.07420094207120308
  0.08476115943095620  0.09479396834465598  0.10451822436538757  0.11427275066380584
  0.12410705280868094  0.13482543075919057  0.14640499286147488  0.15785329796404021
  0.16880639329005317  0.17927047009632946  0.18952667587439925  0.20014442088395248
  0.21127200352612141  0.22220945893857266  0.23318964480018659  0.24413129310760595
  0.25450129242784808  0.26358860236298032  0.27235871663402078  0.28249379537040709
  0.29341289667844700  0.30598150871100649  0.31860060060460904  0.33019011939658344
  0.34084220078962968  0.35157856581158864  0.36199765570047238  0.37151454996980782
  0.38067310240738184  0.39003106123616210  0.39987347811416640  0.40975732486928923
  0.41988646501974314  0.42986416542871048  0.44148785590828249  0.45332065459595750
  0.46520833089894381  0.47693411029195448  0.48690897491094187  0.49782080943362111
  0.50832876949565620  0.51946805909881066  0.52881101764848182  0.53665837193541521
  0.54461794947390507  0.55366024643169376  0.56431350279535319  0.57522510031534801
  0.58489905843498058  0.59377286892753023  0.60367443662471953  0.61486493684228383
  0.62664591186364171  0.63772770786365196  0.64799228338490089  0.65855148050114154
  0.66849086307406635  0.67724322779288282  0.68604433535099441  0.69547104648648272
  0.70536618870959811  0.71522841609189525  0.72563462133939016  0.73799528507218570
  0.75035136422029092  0.76222431690944281  0.77424171627547456  0.78680906089560443
  0.79813809160369931  0.80826490917242322  0.81824076871181872  0.82811631385537166
  0.83802582619202359  0.84716641543201898  0.85650196162177994  0.86670845691623388
  0.87774325852977919  0.88862664640745981  0.89859565381330175  0.90930098946205951
  0.91960077382810856  0.93168597412183829  0.94385431838750899  0.95580849098438092
  0.96675492255239881  0.97743930200269058  0.98868229995078549  1.00000000000000000
  0.00009751231164278  0.00100903667553455  0.00157556607593300  0.00217104395465851
  0.00280740906027806  0.00342797018167295  0.00402878901418789  0.00462835650453327
  0.00525016037119756  0.00588180202298785  0.00651858659369890  0.00715612922786786
  0.00778759874114095  0.00842178660690169  0.00905388899449706  0.00971834170956640
  0.01045035016452628  0.01113738064306243  0.01179257435535450  0.01244542848682126
  0.01309312131845207  0.01375643169035107  0.01441454324438339  0.01504865190474991
  0.01567842041246588  0.01631875593271099  0.01697663935140925  0.01765885194140454
  0.01833385671859031  0.01898310522268028  0.01961750800422211  0.02028470118317661
  0.02108925763714623  0.02200468710109147  0.02297357837682676  0.02392940328464766
  0.02495026526229415  0.02586899029300826  0.02686959267824908  0.02782628582423690
  0.02880059218262770  0.02971291013734220  0.03063141640197002  0.03157314436542585
  0.03259265495637860  0.03360251678649461  0.03461682182164506  0.03563561841314749
  0.03661994280506990  0.03775146206400985  0.03890350923888414  0.04046259653577731
  0.04199658842111736  0.04349010473228145  0.04511892812844061  0.04654701802205373
  0.04788245010420399  0.04895830696218487  0.04992924579324578  0.05091505264664140
  0.05190667705304513  0.05307805362357290  0.05440789933237330  0.05575697667604767
  0.05704033621116839  0.05870443939571171  0.06058920710992459  0.06206037959313377
  0.06380534581307344  0.06521246290838026  0.06637829471460084  0.06762534482862349
  0.06908466650970056  0.07139463647544768  0.07324615042609500  0.07474368914454350
  0.07636121895386619  0.07844324513692064  0.08048572202222855  0.08267698334334146
  0.08502694588049471  0.08764901585006764  0.09018078175817026  0.09284561270082686
  0.09560817221147182  0.10059019742467673  0.10763324587660775  0.11107884769258405
  0.11337092405397994  0.11593692862225702  0.11861062391992851  0.12061166255276236
  0.12301061778146592  0.13248143689609251  0.16120439098145109  1.00000000000000000
 -0.00207905287334377  0.01241830273123181  0.02450866491946970  0.03681091351306601
  0.04894358934421068  0.06260419360147866  0.07786757986378630  0.09287237099907891
  0.10820250150848947  0.12366641729472266  0.14009452201212919  0.15596526118940091
  0.17056767737902548  0.18602050018379698  0.19936748340967986  0.20987177835407189
  0.21959482601605657  0.22906211058729617  0.23955645710789683  0.25021565358491571
  0.26085619510397801  0.27073457739287082  0.28017545944271799  0.28971277487678332
  0.29877438595283262  0.30755425780359535  0.31625013428204857  0.32516583417583017
  0.33409290934529923  0.34258022468698590  0.35043497637436027  0.35763812047210236
  0.36437121097455411  0.37125097382366840  0.37899388423368691  0.38770362488888327
  0.39698003028318346  0.40650278123173245  0.41493217755258455  0.42399841002302491
  0.43300667981184887  0.44169036019322105  0.45031496755873479  0.45838090443500806
  0.46556565643774661  0.47277712905613078  0.47960091263683441  0.48665372556663855
  0.49403232946479714  0.50097160873222479  0.50952861096071544  0.51781555027880177
  0.52611132784832371  0.53437063506352667  0.54287248123278742  0.55127029479517298
  0.55953622067374043  0.56776133658804129  0.57601916918978513  0.58428533682811190
  0.59262210825013495  0.60151745350373886  0.60956939899373763  0.61809814789403128
  0.62631393504384003  0.63466752921114777  0.64280103845442649  0.65024131206609614
  0.65792414294569779  0.66640750191725751  0.67601458025609373  0.68524761256865119
  0.69474732912720505  0.70492693982400956  0.71524775164571874  0.72512916590987442
  0.73482267565190595  0.74523877144921624  0.75678902555037020  0.76847161974610945
  0.78123827695028558  0.79475231108568034  0.80953630378755381  0.82390740402143525
  0.83759526195790579  0.85170697499318460  0.86756109338481813  0.88517875495065457
  0.90109372517927677  0.91484129232053091  0.92905314591668398  0.94219086243714412
  0.95436750908707746  0.96861053094782290  0.98474027443718015  1.00000000000000000
  0.52662305139929844  0.61116065470515324  0.64152340725266410  0.66715118528847706
  0.68964267958397119  0.70757681308128495  0.72488237338957517  0.74236299900973435
  0.75872253710516291  0.77382587187219598  0.78783318785069456  0.80098544521977988
  0.81277962713040897  0.82312956533317139  0.83264737665433608  0.84127234060251510
  0.84947713751762699  0.85641759773850745  0.86229259428578309  0.86799269286321323
  0.87361270288431536  0.87854066377085982  0.88334556110258844  0.88858339666168040
  0.89351056226774472  0.89759567174326149  0.90128759937851488  0.90507774685611675
  0.90898844511653420  0.91267431035924618  0.91613037946995024  0.91930204108650615
  0.92210761739779057  0.92476703306024688  0.92741530069363520  0.93015072082305750
  0.93294885108741499  0.93572311630643834  0.93844609573152082  0.94096026298863888
  0.94333816795154335  0.94544073047751631  0.94724348446419526  0.94893415008922011
  0.95060522994452590  0.95213959069969989  0.95363481622074309  0.95516171659398319
  0.95665012861140175  0.95807092408837158  0.95942991438640146  0.96074907834927548
  0.96209454442841724  0.96355745145998306  0.96490090168337705  0.96621090585502811
  0.96752272307583620  0.96882781741200197  0.97010733949862726  0.97131030364569004
  0.97243141157214219  0.97351454688946892  0.97458942736974274  0.97564910018200979
  0.97670665824956759  0.97777093339058141  0.97882197807737203  0.97982612725489915
  0.98073774553149451  0.98153321581116559  0.98223674203731826  0.98293058249019627
  0.98363204338530219  0.98435998734914210  0.98516811288331041  0.98596553019859456
  0.98674124810232156  0.98749071120647747  0.98821386636183139  0.98891677189222205
  0.98967521037291784  0.99037511917705767  0.99106195731555224  0.99174174384199421
  0.99233650413798424  0.99296758387673800  0.99359598068403832  0.99422835400380438
  0.99490158794632544  0.99550333172938354  0.99615086018381915  0.99683390663995353
  0.99750093098023340  0.99827350530043080  0.99912365147434967  1.00000000000000000
   3.6121898274945980E-008  -1.0000000000000000     
 F F F F F F F F F F F F F F F F F F F F F F F F F F F F F F F F F F F F F F F F F F F F F F F F F F F F F F F F F F F F F F F F
  <DiscreteSampler_grid>
  grouped_processes
  1 # 1 for a reference and 2 for a running grid.
  10 # Attribute 'min_bin_probing_points' of the grid.
  1 # Attribute 'grid_mode' of the grid. 1=='default',2=='initialization'
  0.0000000000000000 # Attribute 'small_contrib_threshold' of the grid.
  0.5000000000000000 # Attribute 'damping_power' of the grid.
 # binID   n_entries weight   weight_sqr   abs_weight
    10   10   2.654097469981891E+001   2.085469552319187E+003   2.654097469981891E+001
  </DiscreteSampler_grid>
