  0.00289656266208276  0.01217245891367524  0.02287161386531993  0.03433261465876145
  0.04608274270099055  0.05898839121955403  0.07059872387399947  0.08160417180977300
  0.09047402507192223  0.09919915838162394  0.10880542553499836  0.11860334518057028
  0.12916258980246628  0.13906627507431019  0.15010925764980962  0.16064019990258185
  0.17039842240125430  0.17791514087894192  0.18590389598503926  0.19569315171142032
  0.20880495610607153  0.21793839528097597  0.22677808612355432  0.23490205250785270
  0.24225852971007528  0.24948771446365345  0.25730012007843417  0.26517186971225082
  0.27410319261608673  0.28422933203877232  0.29615349113886574  0.30674475405956864
  0.31562068858910403  0.32379588074461463  0.33112963324276923  0.33881485800268568
  0.34778233213456394  0.35681935768957634  0.36460177424770440  0.37299851113688992
  0.38273795133308119  0.39291368841349472  0.40312805932978868  0.41226571241885207
  0.42100222450714136  0.43148423117853624  0.44393792381735575  0.45820521332968184
  0.47224148971623009  0.48407184412700199  0.49398318569773164  0.50406728360233188
  0.51359536837032294  0.52506793471801994  0.53619822502446357  0.54888881123987099
  0.56336862625414252  0.57721893580777583  0.59105159250329198  0.60530708037772096
  0.61967224180266178  0.63319191450730594  0.64593054953191553  0.65923396516692734
  0.67212646441283985  0.68332811080828848  0.69426184462850316  0.70518816846016075
  0.71572378546814064  0.72610015832423180  0.73637945193247301  0.74650698490874212
  0.75614832908775642  0.76579968920526964  0.77507460804724460  0.78492374791444652
  0.79561488463218455  0.80702980907874367  0.81889288580886199  0.83103761149886679
  0.84313051380919191  0.85444227628516434  0.86471278996548451  0.87502099087823126
  0.88611965455708663  0.89788427136338278  0.91012245985542417  0.91985977374429939
  0.92853724102855650  0.93866703525189210  0.94966600526561573  0.95905778486831150
  0.96773183177492328  0.97641918944829109  0.98798803965928084  1.00000000000000000
  0.00008301724246791  0.00008507808782827  0.00008635799470968  0.00008746184488637
  0.00008880500326367  0.00009039582545289  0.00009258791409279  0.00009491360172499
  0.00009708379725488  0.00009910531230493  0.00010165018075868  0.00010479679297777
  0.00010785291938276  0.00011027996171736  0.00011289922219549  0.00011615197989265
  0.00011921268115089  0.00012198771966458  0.00012544711864267  0.00012881944214056
  0.00013227523364187  0.00013583887967513  0.00013955096790331  0.00014417038113448
  0.00014891583815069  0.00015416852394725  0.00016000788704249  0.00016668581498947
  0.00017447333359978  0.00018274733916705  0.00018957180011427  0.00019580017063775
  0.00020219969719797  0.00020897762214253  0.00021590604542643  0.00022344597520874
  0.00023420009599679  0.00024649938240060  0.00026033774370938  0.00027647558886415
  0.00029445029224556  0.00031347433933480  0.00033253003256789  0.00035154353667331
  0.00037155370171005  0.00039353619722231  0.00041681618934689  0.00043912586002389
  0.00046062558800009  0.00048275024881684  0.00050602204469359  0.00053332276316081
  0.00056270428725401  0.00059667428020704  0.00063544675116650  0.00067543776526962
  0.00071648645846419  0.00076186306350283  0.00080681147929586  0.00086434643092412
  0.00093346337878368  0.00100663316729097  0.00108426857161859  0.00116839360115146
  0.00126467911683630  0.00137180369330729  0.00148433331594846  0.00159086596600975
  0.00170401973686451  0.00181791481517448  0.00192543052525309  0.00204369762121513
  0.00217704517969906  0.00234006882570604  0.00253725389042241  0.00283354694957571
  0.00314684914472580  0.00347954926081420  0.00386645513563093  0.00430837334853365
  0.00483918719718631  0.00549239221384769  0.00626849826409638  0.00718730039557400
  0.00822862063459509  0.00952616636951619  0.01116224458371242  0.01345561208754116
  0.01616139552397745  0.02003494490593408  0.02608749421602999  0.03583218277444360
  0.05108705865697452  0.08724744384530812  0.23082808042614864  1.00000000000000000
  0.00001832924948998  0.00003896389943808  0.00005411174183904  0.00006903768476617
  0.00008630179397767  0.00010522945539831  0.00013206272605353  0.00016670749548110
  0.00020275976758546  0.00024562829919018  0.00029810684510962  0.00036260531879524
  0.00043203367099163  0.00050535904357569  0.00059363034653934  0.00070369375534836
  0.00083864495169102  0.00099598431762908  0.00117271366375692  0.00136989714018587
  0.00159575270771887  0.00180534555872573  0.00201820568650520  0.00224450965266406
  0.00251163939766647  0.00283438500536300  0.00321243118942795  0.00362215786563782
  0.00402458106092298  0.00439929969536898  0.00476385393484955  0.00515105737971971
  0.00554799139951903  0.00594962194771223  0.00643743540957148  0.00699988498329821
  0.00759181987027637  0.00822501463512851  0.00890930788322689  0.00962910641228927
  0.01036982904708046  0.01116635102255941  0.01196437787901954  0.01269866956437055
  0.01339817437333358  0.01408585096788322  0.01480926122678005  0.01560642904593315
  0.01650394981011830  0.01755708573819338  0.01859363857413925  0.01935720488069725
  0.02008686479150990  0.02089430763412737  0.02173663689507664  0.02252258130946243
  0.02331001694987732  0.02418101374966731  0.02494676971842017  0.02575015160978525
  0.02688005368633068  0.02824354226996551  0.02977718319764515  0.03138306208798744
  0.03299667619004097  0.03478455504876463  0.03668759972295250  0.03916461803790958
  0.04148799565496279  0.04370617679904531  0.04600299295561121  0.04827302257294421
  0.05171554213067844  0.05585070526970913  0.05989132625926855  0.06310286518253916
  0.06547013616649887  0.06762956975177481  0.06983409211580170  0.07206089956333206
  0.07451341368483808  0.07737595262359173  0.08062879336554918  0.08584205118958131
  0.09188591571400047  0.09863205795592819  0.10501355301879343  0.11044196409964424
  0.11616785981908173  0.12213924254581690  0.13068816427334118  0.14209124532985734
  0.15770908951463131  0.19277284550672819  0.44810366048280015  1.00000000000000000
 -0.00200075482320810  0.00728032564647557  0.01518837164535460  0.02249975003904347
  0.02999068385554625  0.03771118018172732  0.04548767593375566  0.05253046362339003
  0.05835444183018004  0.06462981956574827  0.07092378010928134  0.07704053909417473
  0.08369341708295087  0.09056392557499990  0.09794207924982624  0.10592915902424277
  0.11423011060874408  0.12210340051513455  0.12933818168284053  0.13652204558098177
  0.14401711030743078  0.15214429663196793  0.16062576592497782  0.16774633453931018
  0.17441488598743482  0.18121410420066436  0.18894645185375974  0.19734058543867972
  0.20525411157973486  0.21312065000987693  0.22136603482541620  0.23015177676133483
  0.23969562818577081  0.24929353845293287  0.25908148789387697  0.26794191826527458
  0.27586811447491916  0.28355814446126149  0.29159430993025609  0.30028271407110912
  0.30900108596450815  0.31761715049812683  0.32602956500215691  0.33355236932397087
  0.34049529152688734  0.34686711942841797  0.35374547009852592  0.36212152835136840
  0.37150043659183968  0.37975253214587390  0.38705191051262677  0.39416685012131203
  0.40341630888793889  0.41459243907568560  0.42680458766537605  0.43902541088917080
  0.45049717687144741  0.46286644411501382  0.47505028245333697  0.48730947251706752
  0.50033772373862984  0.51333700991160136  0.52742605111585561  0.54011343077317664
  0.55108285239231580  0.56217877554119433  0.57389062007062741  0.58773237052316596
  0.60116435434216375  0.61414398799193770  0.62697396417339213  0.64046677426730347
  0.65532650925476821  0.66811319415543780  0.67727627758370657  0.68666560266083310
  0.69686199004896487  0.70647956384690858  0.71593671973834538  0.72654527778524491
  0.73940977722132994  0.75141017937342713  0.76186594792720674  0.77530239540037282
  0.79045936243948944  0.80544383866219338  0.82067045364792512  0.83636755049065470
  0.85338950470297414  0.86857228214294657  0.88333435790665338  0.89825773617812399
  0.91470719216717289  0.93940878299866915  0.96984179336128662  1.00000000000000000
 -0.00285044012266110  0.01029199975253100  0.02202120260622501  0.03358552528601100
  0.04606382834796164  0.05921860114003268  0.07145390425436636  0.08238749185358754
  0.09253833671954011  0.10290459084226253  0.11399769379105595  0.12808895641453022
  0.13985073363803535  0.15052373952909448  0.16014587710642916  0.16929751785662006
  0.17921388927893053  0.19107844081170552  0.20369491506636178  0.21506954213799057
  0.22573103816744450  0.23657242906885217  0.24752584468892586  0.25870488300701000
  0.26888042308465726  0.28083465675216679  0.29268271097365889  0.30457478011035144
  0.31582201109972147  0.32590650946611283  0.33545512648352499  0.34578357952282557
  0.35693838151997032  0.36866689929106938  0.38107446243823656  0.39339315499583111
  0.40596393482619397  0.41825086477851381  0.42631994599217093  0.43349205183597250
  0.44037764683618574  0.44753310928098894  0.45413018931579591  0.46048421080654311
  0.46667349301075772  0.47345141894098913  0.48198059517001335  0.49422880643203654
  0.50651113123964875  0.51873134817846189  0.53112861597360961  0.54289512337938006
  0.55498494796170039  0.56744583462051701  0.58052202161011457  0.59373768225764501
  0.60563370165915809  0.61615903035052910  0.62625920565880444  0.63585397893665840
  0.64666316232712362  0.65604004756796530  0.66738017745071998  0.67821180046604090
  0.68790567134639169  0.69622792216389584  0.70475009953585666  0.71422184927357046
  0.72425062839488819  0.73370950457418871  0.74360397506045617  0.75459649812061791
  0.76625873823946544  0.77727373415370560  0.78763270227340776  0.79810889355006220
  0.80854044685594395  0.81837293092012686  0.82774650523365656  0.83704067348565736
  0.84812766969340059  0.86115006131675997  0.87271530347314108  0.88136554705903825
  0.88948089758546023  0.89837519724299975  0.90815096445253873  0.91726175129020926
  0.92620889666100448  0.93564148069924180  0.94548468832363519  0.95503517586432074
  0.96420172730432663  0.97378157156134726  0.98518521855285512  1.00000000000000000
 -0.00214391044434429  0.00980480210178252  0.02067433965721127  0.03003008834622986
  0.03795347318178251  0.04570353241314654  0.05368419341693944  0.06313312774945810
  0.07388994167593572  0.08494708020837066  0.09577743637854315  0.10827492277744351
  0.12196098776265038  0.13505895986153646  0.14553945022173612  0.15408689460546718
  0.16252092535447960  0.17214770887653857  0.18080330413380827  0.18935615388405663
  0.19732144560502599  0.20594714755880733  0.21675922425438429  0.22947856436650335
  0.24239097243928817  0.25467646799677401  0.26494454700478703  0.27287219882331715
  0.28067741564201171  0.28856636139548619  0.30085982149946555  0.31411380081907359
  0.32225236652935818  0.33153751633686745  0.33980212001673310  0.34712079322153044
  0.35444649231167841  0.36026222277447306  0.36494573763725374  0.36968602192294880
  0.37718055041074089  0.38968376907067681  0.40257619098378733  0.41495041827839013
  0.42778304212374751  0.43978888720992315  0.45131175699232295  0.46272643661403479
  0.47532638817773887  0.48934714848449262  0.50371920673658310  0.51851692117619164
  0.53145641739652960  0.54300071375620718  0.55296634087365937  0.56318199591124762
  0.57380513953960266  0.58518996652834743  0.59812622863981790  0.61209622728585089
  0.62517135519562073  0.63689381961304903  0.64849632484456277  0.66050698948297226
  0.67260343833571001  0.68520436614657865  0.69820570985673158  0.70989691785580511
  0.72116479859317728  0.73299082107391167  0.74573414727045162  0.75687147486772977
  0.76710548184997385  0.77714739656963494  0.78720532126435272  0.79678258775042943
  0.80577579149860434  0.81511844824753443  0.82450790420319586  0.83443845701392116
  0.84429312746050078  0.85413684160571024  0.86377746101999564  0.87457063209033781
  0.88269754453008908  0.89180116411396881  0.90074862278234902  0.90909486257487193
  0.92000046708226690  0.93171759266956145  0.94366809799093754  0.95507543228518610
  0.96561950060661739  0.97689392495919092  0.98848730223737435  1.00000000000000000
  0.00251311284060550  0.00439087612787461  0.00557812107873137  0.00660051030075077
  0.00755244397108531  0.00844990527273282  0.00930674704764815  0.01015310653408262
  0.01099067718856113  0.01182111478460106  0.01264381827022692  0.01345099744919688
  0.01427484877233214  0.01512757332375471  0.01601468177208635  0.01693365742845521
  0.01782081309149655  0.01870892758479399  0.01959487572484789  0.02045066815235971
  0.02132757128662941  0.02223646805925300  0.02317953909109883  0.02414590186893345
  0.02512681774623260  0.02610440931199334  0.02707391894031490  0.02804235396018240
  0.02896959690270753  0.02993906640238949  0.03088144320034448  0.03172503795920217
  0.03251163481661128  0.03332701740399278  0.03417403686804935  0.03506224499945156
  0.03610795461989681  0.03715686781403423  0.03830844052474295  0.03935585382864058
  0.04033376879154001  0.04139575147583201  0.04256819516618062  0.04388585071016043
  0.04535253407326850  0.04686763693511984  0.04807891022481507  0.04900342786017976
  0.04993744225717237  0.05097748582942468  0.05210159948331291  0.05335482981552257
  0.05506946036739539  0.05699072305144951  0.05907263305745442  0.06087503494978815
  0.06276360423195809  0.06493023857711115  0.06767019236792961  0.07042636571866706
  0.07226777597560861  0.07359779797760679  0.07473644723110781  0.07575150731188626
  0.07668385244736317  0.07749799811623055  0.07841643699479998  0.07973885178244836
  0.08107621588856748  0.08260228864283368  0.08459996144060454  0.08769096990558577
  0.09336943706272885  0.09859245483250278  0.10332831142469162  0.10938305839411913
  0.11418647853689277  0.11635873558336865  0.11816093376303019  0.12019481227860557
  0.12254440629135657  0.12444487285348448  0.13105761513781761  0.13998285348762760
  0.15090556447585232  0.16167932339572727  0.17900563896224042  0.19853920346491380
  0.22027568607649570  0.24110511806495077  0.27573153918496057  0.31128745561886434
  0.32357129927522615  0.35876845340448582  0.56524504502832351  1.00000000000000000
 -0.00361605065878885  0.01809560623237930  0.03772642029056014  0.05576358412661339
  0.06925524114101593  0.08216652862632751  0.09467546726368842  0.10782381607717378
  0.12242050413274676  0.13575670049736821  0.14952165249190752  0.16247143009816056
  0.17418437839358764  0.18513564725174830  0.19622125104201757  0.20780499227660773
  0.21938882247101227  0.23080945450027510  0.24387565881938930  0.25644061988916395
  0.26798694564978265  0.27911587861132625  0.28867758670713778  0.29741719620226320
  0.30622778656126165  0.31527420799682654  0.32426539758751999  0.33281343914252615
  0.34133050313383340  0.35093529950157948  0.36187606304235453  0.37225608805609556
  0.38245080369216305  0.39303468400096991  0.40136824357065265  0.40942844041407522
  0.41716980547889360  0.42478798274661761  0.43254452496106727  0.44020786696233194
  0.44749403365416179  0.45409390986763432  0.46041516362367124  0.46741756603622020
  0.47388224711891425  0.48085032497928692  0.48810878912591676  0.49708095967475724
  0.50721461145762148  0.51669569428184103  0.52437998472212966  0.53156136329195758
  0.53910795554847091  0.54688836330806190  0.55637961122045687  0.56682293459973421
  0.57691395588256023  0.58627570924388472  0.59501579924574644  0.60401801528339649
  0.61342029967189493  0.62210819018247032  0.62977415327560315  0.63786223520965546
  0.64610158982700139  0.65602120471592729  0.66656984357022431  0.67660315601743259
  0.68645773597868054  0.69631965161048459  0.70655282328703295  0.71671540626292241
  0.72738510357139241  0.73866181417369692  0.74963719990213296  0.76040425678243229
  0.77115503225866999  0.78148609479247610  0.79382549022075033  0.80565862427194102
  0.81404675238369995  0.82248346753054247  0.83097280336317891  0.84017228875663719
  0.85148005695632034  0.86241319075865752  0.87375697288138432  0.88786209364663304
  0.90381168139159229  0.92077015653300698  0.93895627632487921  0.95813345272803729
  0.97386664974433523  0.98399889176733391  0.99244107801253834  1.00000000000000000
  0.14949984366180918  0.55541620082903620  0.58191274654509462  0.59619485320790577
  0.61219489314114028  0.62912994053913818  0.64675422004764038  0.66204486190877732
  0.67551708691421730  0.68756166549319364  0.69962133735782184  0.71182363030655993
  0.72338729934426871  0.73412591214351253  0.74359129815353631  0.75266047327044161
  0.76124570062966113  0.77043335585372030  0.77884209571831853  0.78694695125025749
  0.79440310133207426  0.80152462474943165  0.80784073433700065  0.81407406398217563
  0.82033947152620379  0.82676180204705230  0.83280297624548383  0.83795991043088558
  0.84299200719716560  0.84796315699469993  0.85293162251037702  0.85740268329012981
  0.86152454350261365  0.86555431523737347  0.86938917228642976  0.87356549978642772
  0.87720069641447440  0.88082478462262470  0.88428475104169213  0.88777979418700570
  0.89145060161435119  0.89488730108709724  0.89802955498326487  0.90090657449317035
  0.90369691821306841  0.90639014767768911  0.90916563579077414  0.91195608344832613
  0.91461952497687438  0.91711767620619333  0.91939384773401700  0.92157971532071647
  0.92374223329053107  0.92586710613044398  0.92791165969395817  0.92984291753288084
  0.93173329794188531  0.93357133378486568  0.93538618379632810  0.93720904707103814
  0.93901083516778872  0.94083107013032008  0.94274323522155978  0.94459034877417669
  0.94653058402664658  0.94852311144781698  0.95057249032204794  0.95270567883101631
  0.95492134784392468  0.95695057906212755  0.95891425374947414  0.96074474404632026
  0.96237755631687172  0.96398361417379208  0.96566772010855151  0.96740341106272765
  0.96915612484372526  0.97081998583361351  0.97242032025955893  0.97395996330599510
  0.97539850290356234  0.97691369145613727  0.97835951323923187  0.97964577935179120
  0.98097225934540033  0.98242930814591678  0.98374018059706447  0.98477699392383877
  0.98576870396970884  0.98685782636461727  0.98817920258274250  0.98963691092719674
  0.99096458641930496  0.99296901755631550  0.99576974459475098  1.00000000000000000
   8.8655041541350402E-008  -1.0000000000000000     
 F F F F F F F F F F F F F F F F F F F F F F F F F F F F F F F F F F F F F F F F F F F F F F F F F F F F F F F F F F F F F F F F
  <DiscreteSampler_grid>
  grouped_processes
  1 # 1 for a reference and 2 for a running grid.
  10 # Attribute 'min_bin_probing_points' of the grid.
  1 # Attribute 'grid_mode' of the grid. 1=='default',2=='initialization'
  0.0000000000000000 # Attribute 'small_contrib_threshold' of the grid.
  0.5000000000000000 # Attribute 'damping_power' of the grid.
 # binID   n_entries weight   weight_sqr   abs_weight
    10   10   3.837317600882648E+001   5.614924493650045E+003   3.837317600882648E+001
  </DiscreteSampler_grid>
