  0.00332133063421542  0.01395294803971018  0.02416249695175056  0.03360258637809224
  0.04198612616402413  0.05037244690911716  0.06058904407259005  0.07227497533750429
  0.08414254615688350  0.09617781550835501  0.10964014874491619  0.12319136424602002
  0.13481937260541788  0.14547603574675422  0.15350989479969984  0.16273615804711775
  0.17361188885867415  0.18400460124372486  0.19355179433299705  0.20318347464714429
  0.21359885830275097  0.22484633258772330  0.23573243651265052  0.24498079309806109
  0.25561187086039927  0.26631599377822152  0.27787249027783856  0.29067874588630616
  0.30036791840060373  0.31093418571067616  0.32295526658467477  0.33488058817505223
  0.34480494242934573  0.35462896735696742  0.36419561939250306  0.37436713820519402
  0.38580883035399488  0.39655908465877920  0.40818547856110032  0.41828070777932852
  0.42736934514543290  0.43602291511384439  0.44408200716906715  0.45235901997699068
  0.46224708366004114  0.47407955641329463  0.48882347578883245  0.50295817421234745
  0.51391613895148303  0.52263648090726633  0.53087679765638718  0.53937745350247868
  0.54750134729560707  0.55547676988028338  0.56419923141206707  0.57313823201941416
  0.58321462503004395  0.59838691925887211  0.61444218951213181  0.62800487632630975
  0.63963255653344731  0.65107342975926896  0.66440637500684641  0.67979049457666507
  0.69594059243954676  0.70810867005310785  0.71695016634592368  0.72545823548459387
  0.73556126482533712  0.74657830916507484  0.75636023578505274  0.76425275708120566
  0.77508852941620454  0.78975763268030630  0.80669373266187638  0.82345479503812946
  0.83704205477866112  0.84633513445981912  0.85334918118275327  0.86065172046729177
  0.86812482538078095  0.87492762512651645  0.88286574857194200  0.89075312141715135
  0.90033408702245332  0.91146015801302172  0.92287694447548918  0.93331034023402770
  0.94370887383078572  0.95387374230559607  0.96307007557237156  0.97186892067473185
  0.98104945596862980  0.98792094114173101  0.99162801808725221  1.00000000000000000
  0.00001331160828765  0.00003554260685640  0.00004254220043260  0.00005837578992588
  0.00007919279671101  0.00010003929344622  0.00012527700853850  0.00016038159406714
  0.00020345129912752  0.00024347656294454  0.00028468218389364  0.00033426632187555
  0.00040165081972509  0.00048199622890781  0.00057541844591693  0.00069315297223981
  0.00083369679154831  0.00098358610092020  0.00115078936474162  0.00135962337071334
  0.00157954769141567  0.00180380917593260  0.00200866303461825  0.00220838953391924
  0.00239784158095516  0.00259092434077183  0.00282742012558551  0.00311841299261031
  0.00346998574360160  0.00387868804084809  0.00429298993708830  0.00468131328015344
  0.00505284937201963  0.00543856096368378  0.00579438032910043  0.00615433504829842
  0.00652515347158564  0.00686825242809362  0.00725517416602839  0.00767528437324464
  0.00811891341683436  0.00863722879724095  0.00922293091651924  0.00994770417913086
  0.01065627189977915  0.01122702294341521  0.01182546721556721  0.01244019382118906
  0.01299324846397054  0.01348446223748025  0.01402327651015889  0.01450615666237896
  0.01485860652967425  0.01521441540882099  0.01558273176738042  0.01604538940374954
  0.01657782567928857  0.01739685013936516  0.01821456107300832  0.01886548546553787
  0.01943723785620254  0.02015392993901900  0.02110212591667265  0.02181838465377454
  0.02234128208433418  0.02282839837682739  0.02333311308313493  0.02392248181687738
  0.02465336173377683  0.02536539575740395  0.02605470754237218  0.02657188260023578
  0.02720698985321850  0.02767467106410893  0.02812895294073593  0.02860301589332999
  0.02943568998635107  0.03026936596976858  0.03100196287916000  0.03168025395703048
  0.03252397177616133  0.03351493235589597  0.03476760113211484  0.03654471904803773
  0.03886189657572797  0.03970768960703960  0.04055348263835123  0.04177399973535528
  0.04854030266538616  0.05530660559541703  0.06207290852544790  0.06497094441775669
  0.06760513105188133  0.07023931768600598  0.07475628269375827  1.00000000000000000
  0.00000831053019153  0.00001288147814746  0.00002065519731768  0.00003075519094375
  0.00004138190610823  0.00005244824463004  0.00006475690477274  0.00008299012998217
  0.00010546903794290  0.00012119346620485  0.00013497873584028  0.00014967087476744
  0.00016882681066840  0.00018826977905597  0.00020735705614714  0.00022618026799431
  0.00024443838252255  0.00026320222821813  0.00028438122754334  0.00031158740526163
  0.00033933624622894  0.00036851234954369  0.00039818976459481  0.00042732581021203
  0.00045684922852750  0.00049060461286711  0.00052056642213822  0.00054757389482330
  0.00057451687891125  0.00060556521450325  0.00064086683415468  0.00066522579820544
  0.00068809347661979  0.00071218017905302  0.00073461002779511  0.00076561399795444
  0.00080671501603795  0.00087812782686610  0.00094762749720066  0.00100950804004512
  0.00106748571722278  0.00112607953582537  0.00118516302420686  0.00124659370070635
  0.00131288909598719  0.00138935712091089  0.00147635340839456  0.00156147825219152
  0.00164678277664835  0.00173245411332775  0.00182098828689332  0.00195614559036522
  0.00211108792387028  0.00228103851383384  0.00245599266947239  0.00261907341589767
  0.00276591946821587  0.00293352278657848  0.00313789153918171  0.00334040961552905
  0.00351035369383715  0.00367309961922809  0.00382037124379648  0.00396715985588591
  0.00415363805354070  0.00439582109963204  0.00467776833017848  0.00496637285686558
  0.00523478815571582  0.00550343981771797  0.00574266621543603  0.00600109204339989
  0.00628716092876028  0.00663477622313091  0.00709911161490305  0.00766205155093709
  0.00829808099695010  0.00891214927003608  0.00930188625881560  0.00968215074806940
  0.01006319474775948  0.01053357426991332  0.01143610386338852  0.01250210006833201
  0.01360644710796880  0.01464497871701753  0.01559119110325318  0.01664927083584961
  0.01838766797164508  0.02021187968903213  0.02227982365390015  0.02452533931535461
  0.02981600847534853  0.06497915928322708  0.18402869898378432  1.00000000000000000
 -0.00619748400025771  0.02839034200904922  0.04864354651314138  0.06515556247949923
  0.08080879059072749  0.10013332594087682  0.11932673292678224  0.13433451979290453
  0.14772195940169977  0.16022230090012696  0.17348859867966679  0.18944979118326818
  0.20413461456833865  0.21780113460489692  0.23113105637086709  0.24458121986111223
  0.25998425169641892  0.27485075420027183  0.28857299387017854  0.30396661571307226
  0.31914803449060430  0.33601557297973306  0.35147753951291150  0.36514903024097117
  0.37509435027208332  0.38331050064580224  0.39087568665773120  0.39852536531075561
  0.40643119659822646  0.41310531197431177  0.41985255238492331  0.42713405075173844
  0.43419702688597345  0.44433244803934846  0.45576976673871761  0.46651234890732296
  0.47831900946972800  0.48934570069210515  0.50305496824435714  0.51675342478605579
  0.52732345651735102  0.53577321423631852  0.54367832432547836  0.55141773155461915
  0.55830749866048945  0.56448349842416756  0.57016247550793597  0.57630594628026632
  0.58575705734070094  0.59713903152574421  0.60761412516702162  0.61602559419914937
  0.62412058315991625  0.63247942956198944  0.64095860057129161  0.65031783665098175
  0.66089138093261923  0.67345617090944054  0.68748768618954526  0.70112561142968755
  0.71233209331172775  0.72169223541282002  0.73087236783168030  0.73939040548499657
  0.74860107525551534  0.75929585820118717  0.76885395961244496  0.77784638527302630
  0.78734207981654059  0.79811404654388562  0.80977170459653469  0.82055538960943164
  0.83024641044280101  0.83835865760387052  0.84581170007636608  0.85333317773467354
  0.86022843672564953  0.86724629446546941  0.87534733319032665  0.88421323003876928
  0.89227311466394432  0.90168704081542161  0.91038826437185949  0.91787625648091653
  0.92441036375471586  0.93075990949696941  0.93714852374436963  0.94353679899063925
  0.94895445858921434  0.95397717404586935  0.95954521940628146  0.96593325236857908
  0.97312984785586720  0.98150192380966983  0.99040131940487997  1.00000000000000000
 -0.00175156246196379  0.00752614971713785  0.01614496036201262  0.02474357908720033
  0.03502021245211782  0.04383299890384917  0.05381182448952680  0.06317029380268131
  0.07263269129423705  0.08041815148772276  0.08736034407648624  0.09420982357041574
  0.10199270389735571  0.11204733280618778  0.12278000376848519  0.13422994193576759
  0.14594087181719326  0.16108957624505058  0.17432523739563252  0.18596021640634300
  0.19713595289549801  0.20877404800873242  0.22321201554313386  0.23681940302479690
  0.24599140674601358  0.25567511784382890  0.26566629667158498  0.27859136197653939
  0.29081614175039788  0.30123262094618891  0.31149390765263646  0.32219627659789862
  0.33395108372842319  0.34725830748581304  0.36049748054401010  0.37235341877898426
  0.38279398328126102  0.39123917051403018  0.40007802625799355  0.41001679454055234
  0.42049742830158010  0.42961665388812476  0.43859539490105387  0.44872079664774212
  0.46035004129736817  0.47505910250785233  0.48788645063545028  0.49849211976959129
  0.50951505054638235  0.51990423554551513  0.52995109628929871  0.53932879163161140
  0.54719652691625886  0.55546476002919931  0.56458199083007843  0.57397477827295662
  0.58304193400085347  0.59219240089145853  0.59899675904571625  0.60754737332291420
  0.62024853464699037  0.63581561943540188  0.65247827554902205  0.66639507210426741
  0.67695745704084309  0.68666616725040341  0.69742909433953826  0.70732445051745430
  0.71398704312688310  0.72001954044615712  0.72629394494742539  0.73585455030257318
  0.74552436447539061  0.75496540005630663  0.76348365480575864  0.77241879749774145
  0.78319090405567682  0.79354314764321643  0.80304142506280241  0.81251642861822682
  0.82091126526877622  0.82996572345710495  0.84009457388044995  0.85121845754506631
  0.86197153960069250  0.87367179636884595  0.88605558371609183  0.89967308659535650
  0.91520019430936983  0.93060752766602106  0.94525130986569894  0.95874837307507688
  0.97110285586812684  0.98189945865607009  0.99137268122528688  1.00000000000000000
 -0.00317641473738405  0.01266163588697304  0.02552212192291078  0.03573853193540548
  0.04710169983205898  0.06017915333891644  0.07641300300411016  0.09083810221613607
  0.10373878056104481  0.11129075860119447  0.12017975753311248  0.12809775534988990
  0.13542682319565216  0.14333501190721143  0.15118750578953605  0.15756042784101265
  0.16352729309853919  0.17394003508983977  0.18715042790069475  0.19872319465392393
  0.20862964466806896  0.21722215360028760  0.22512726568040539  0.23262512663488213
  0.24058447561479804  0.24822711691747942  0.25839706523588390  0.26981655735514082
  0.28263060720350730  0.29681501359738488  0.31027463674423594  0.32211330636751245
  0.33333653816549180  0.34519951172574248  0.35778271274562673  0.36849580701423934
  0.37728244273727374  0.38586415263214802  0.39448172071912296  0.40362655628337857
  0.41755626227824594  0.43209392545406966  0.44720416198410562  0.46090588371343127
  0.47429306646328767  0.48834426271479175  0.50272333395996183  0.51978744296430723
  0.53649032412198672  0.54909774393291833  0.55772943410384812  0.56619626640749787
  0.57502236270732576  0.58565315558240583  0.59506573962226961  0.60394724316691095
  0.61439201527354492  0.62580535489434719  0.63787668588537572  0.64643815449174835
  0.65418671616872481  0.66161266287102272  0.66965496184731399  0.67850299985609908
  0.68849976809033220  0.69961734828194388  0.70680189542775884  0.71214075248301689
  0.71640496883808535  0.72077827436021813  0.72523974712562900  0.73646881938886766
  0.74975493624646139  0.76185569899883476  0.77345035069806467  0.78462577896217767
  0.79382127730724750  0.80197528362386339  0.81025970151080073  0.81912007993585556
  0.82960741525187831  0.84152527040199965  0.85325530725877430  0.86554643950513777
  0.87935788841703288  0.89218373653533367  0.90558429380837879  0.91803755513292096
  0.92945309093887984  0.94086913788086546  0.95322426305064645  0.96259917134705997
  0.97139837497114023  0.97999275924237050  0.99040179439516507  1.00000000000000000
 -0.00097022905931183  0.00564677835188000  0.01008948116539437  0.01362862624683849
  0.01654833525983201  0.01903947094422794  0.02139281066535012  0.02370587559312716
  0.02562078227396382  0.02743470179060354  0.02929149210472467  0.03141308668856629
  0.03352039438338185  0.03535162956015481  0.03708547698743576  0.03884353463602357
  0.04066547030843567  0.04218480170567218  0.04341595504425957  0.04468120775842914
  0.04592073351874371  0.04723951912782112  0.04867179830084274  0.04986039833501402
  0.05061394118569683  0.05131961863864353  0.05195140758602958  0.05272944896672884
  0.05365988840281784  0.05471204385822064  0.05576437203993156  0.05680339443539791
  0.05781109739372354  0.05887604545736311  0.06021806890265771  0.06156563936513196
  0.06286670315283072  0.06419487967644469  0.06581672162572946  0.06727328556626941
  0.06846151230246725  0.06959746621788877  0.07083043641412565  0.07248524635993055
  0.07474405331565583  0.07664394112416800  0.07821643696676137  0.07968342990738352
  0.08107234485852186  0.08229118117177582  0.08322669601285847  0.08408111790536338
  0.08497592528122919  0.08584881339723463  0.08714115038647836  0.08885219739878199
  0.09067987714471203  0.09267906783444607  0.09410483200990186  0.09560428795656109
  0.09724836429388338  0.09825979170894843  0.09867905596971889  0.09909945347462548
  0.09952115190494973  0.09992957951252243  0.10036938754356139  0.10104838931423228
  0.10178246989035217  0.10347210010348981  0.10926458860323988  0.11201584476486601
  0.11328954144986170  0.11442856598606592  0.11585334148868559  0.11742119940238556
  0.11869662573599721  0.11999830890863293  0.12139477696218945  0.12279124501574598
  0.12613781689816006  0.12998760206393967  0.13364319348480183  0.13447900820159867
  0.13531482291839553  0.13658254430999137  0.13842900298179930  0.14007837098614040
  0.14123553200632691  0.14237451794398365  0.14364841056698088  0.14498120122270353
  0.14626962330485604  0.14732156046037795  0.14779915800401772  1.00000000000000000
 -0.00214195520704750  0.01023962158494698  0.02031053159738925  0.03024409037836306
  0.04045651529980573  0.04870306307835436  0.05618800766301402  0.06390686284392334
  0.07250936557293976  0.08355630668882430  0.09688716976502935  0.10976944915451065
  0.11942882000866739  0.12703162640601587  0.13324923876861325  0.13877901307976637
  0.14652170518563745  0.15417603446138389  0.15992861347149323  0.16535062598864575
  0.17112720030168618  0.17925558767990679  0.18866919107950217  0.20248114574325687
  0.21628586614255371  0.22911852670675456  0.23846937564484066  0.24714945541784250
  0.25635389878841164  0.26654535537353519  0.27637034559060669  0.28582145927655239
  0.29411005111430510  0.30673743138557386  0.32043908621983253  0.33124258933952039
  0.34309593458608856  0.35432623040856631  0.36559582718220845  0.37820333181868138
  0.39087849191544727  0.40243954038963059  0.41609870426498946  0.42924514706518513
  0.44296369410066466  0.45564680374305067  0.47258764823101407  0.48896247857123881
  0.50472139031147756  0.51933929637448961  0.53426245693103636  0.54767885986161235
  0.55754238670365786  0.56811954627614092  0.57917247121024562  0.58980849202112429
  0.59935673950596036  0.60912924232940924  0.62082027980399945  0.63310580305885189
  0.64429545712053737  0.65531620956209191  0.66777395798790273  0.68261593867931381
  0.69660973916414648  0.70970255803639082  0.72261916635161627  0.73469513771687767
  0.74724668593826693  0.75610990230510577  0.76369009911254448  0.77136743251046802
  0.78047453399146882  0.79083645987603013  0.80111126524123988  0.81013393666501787
  0.81873224438092418  0.82730715194091109  0.83665065114958459  0.84406099988465100
  0.85046370866597598  0.85716450779776299  0.86435530919999726  0.87254742359277204
  0.88247500608182461  0.89394631876281039  0.90507641362142910  0.91491558540854034
  0.92493111006172257  0.93530553473373357  0.94637805366577343  0.95868948412060151
  0.97070192975970460  0.98168976484093706  0.99132825372308742  1.00000000000000000
  0.07353189369225857  0.62290395647303354  0.68441347865688540  0.73314975452864883
  0.77218049606169070  0.80555340678683673  0.83102098725003659  0.85082946064509701
  0.86867427973129863  0.88364797266800099  0.89650070581214247  0.90735340608943138
  0.91692444099729287  0.92489348492570811  0.93184824615242012  0.93810524727765265
  0.94269913333509092  0.94618921587138183  0.94938498660701509  0.95266783866024418
  0.95622712352738315  0.95892678390129138  0.96054469686076915  0.96215228094783434
  0.96377856723499278  0.96536885566162500  0.96684282182875014  0.96828280084344009
  0.96971617027454993  0.97106268811806895  0.97232618132633286  0.97360535375602775
  0.97485992199273552  0.97604033687225733  0.97712304708419206  0.97817682774761860
  0.97921712027738694  0.98012905045921583  0.98098461399123404  0.98173542336036335
  0.98248719155516151  0.98318838963882760  0.98391912726304342  0.98459328523563161
  0.98516534778475318  0.98571855786989493  0.98626347607586096  0.98680387187160079
  0.98739751318737956  0.98798456111197352  0.98851284568670594  0.98907499176170910
  0.98961883009628904  0.99012642275520057  0.99060748238659613  0.99105431319763659
  0.99148101987928594  0.99189764637142441  0.99229925375062789  0.99269624952257973
  0.99307375501496808  0.99342422655185902  0.99377587067577444  0.99410075829178590
  0.99439594127238906  0.99465570439397333  0.99489434169616309  0.99512469523640457
  0.99535539837491904  0.99558165208744265  0.99579528478882018  0.99599141756160781
  0.99617995976357421  0.99636953942932782  0.99654360904035666  0.99670260153437285
  0.99685783340837597  0.99699580986315595  0.99712458782740698  0.99724968204572439
  0.99737385412601487  0.99749567957576935  0.99762341680929278  0.99775641865742459
  0.99787710034892152  0.99799445946634013  0.99810006606555224  0.99820855903859440
  0.99833051386055782  0.99845933890832694  0.99860846336778386  0.99877936858332872
  0.99897475202986652  0.99920248075455642  0.99957146932996066  1.00000000000000000
   5.8080293860203256E-008  -1.0000000000000000     
 F F F F F F F F F F F F F F F F F F F F F F F F F F F F F F F F F F F F F F F F F F F F F F F F F F F F F F F F F F F F F F F F
  <DiscreteSampler_grid>
  grouped_processes
  1 # 1 for a reference and 2 for a running grid.
  10 # Attribute 'min_bin_probing_points' of the grid.
  1 # Attribute 'grid_mode' of the grid. 1=='default',2=='initialization'
  0.0000000000000000 # Attribute 'small_contrib_threshold' of the grid.
  0.5000000000000000 # Attribute 'damping_power' of the grid.
 # binID   n_entries weight   weight_sqr   abs_weight
    10   10   5.162477623222555E+000   2.177756107612761E+002   5.162477623222555E+000
  </DiscreteSampler_grid>
