  0.06205542044490370  0.25180745532672216  0.25361491065344433  0.25542236598016654
  0.25722982130688871  0.25903727663361087  0.26084473196033309  0.26265218728705525
  0.26445964261377741  0.26626709794049958  0.26807455326722179  0.26988200859394396
  0.27190290418549751  0.27416097271225542  0.27641904123901334  0.27867710976577120
  0.28093517829252912  0.28319324681928704  0.28545131534604490  0.28770938387280282
  0.28996745239956073  0.29265368642250961  0.29664177134351466  0.30062985626451971
  0.30461794118552477  0.30860602610652982  0.31259411102753487  0.31658219594853992
  0.32057028086954492  0.32455836579054997  0.32854645071155503  0.33253453563256008
  0.33652262055356519  0.34051070547457030  0.34449879039557535  0.34848687531658046
  0.35247496023758557  0.37837879346270420  0.38664648234220572  0.39491417122170724
  0.40318186010120888  0.41144954898071051  0.41971723786021214  0.42798492673971367
  0.43625261561921519  0.54334303391149152  0.66670420754881798  0.67023362374593309
  0.67376303994304820  0.67729245614016320  0.68082187233727831  0.68435128853439342
  0.68788070473150842  0.69141012092862353  0.69493953712573864  0.69846895332285364
  0.70199836951996875  0.70552778571708386  0.70905720191419896  0.71258661811131407
  0.71611603430842918  0.71964545050554429  0.72317486670265940  0.72670428289977451
  0.73035609166502524  0.73429034496001022  0.73822459825499520  0.74215885154998018
  0.74609310484496527  0.75002735813995025  0.75396161143493523  0.75789586472992021
  0.76183011802490519  0.76576437131989028  0.76969862461487526  0.77363287790986024
  0.77756713120484533  0.78150138449983031  0.78543563779481540  0.78936989108980038
  0.79312747839088182  0.79663726864680595  0.80014705890272997  0.80365684915865410
  0.80716663941457822  0.81067642967050235  0.81345385615983190  0.81543926447037540
  0.81742467278091879  0.81941008109146229  0.82139548940200580  0.82338089771254930
  0.82536630602309280  0.82668246739231954  0.82668246739232953  1.00000000000000000
  0.00039401142520235  0.00546234949808240  0.00550353344896386  0.00554471739984533
  0.00558590135072679  0.00562708530160826  0.00566826925248973  0.00570945320337119
  0.00575063715425266  0.00579182110513412  0.00583300505601559  0.00587418900689705
  0.00591537295777852  0.00595655690865998  0.00599774085954145  0.00603892481042291
  0.00608940033668473  0.00614761525298890  0.00620583016929306  0.00626404508559722
  0.00632226000190138  0.00638047491820555  0.00643868983450971  0.00649690475081387
  0.00655511966711804  0.00661333458342220  0.00667154949972636  0.00672976441603053
  0.00679760074766434  0.00688508075459948  0.00697256076153463  0.00706004076846977
  0.00714752077540492  0.00723500078234007  0.00732248078927521  0.00740996079621036
  0.00749744080314551  0.00759641641019006  0.00773092876174403  0.00786544111329800
  0.00799995346485197  0.00813446581640594  0.00826897816795991  0.00840349051951388
  0.00854815409585196  0.00869845893369212  0.00884876377153228  0.00899906860937244
  0.00914937344721259  0.00929967828505275  0.00968336566350406  0.01735121261959273
  0.02318905676351015  0.02364603974474955  0.02410302272598897  0.02456000570722837
  0.02501698868846778  0.02547397166970719  0.02596424243948751  0.02647487772388623
  0.02698551300828496  0.02749614829268368  0.02800678357708240  0.02851741886148112
  0.02896508185390149  0.02938868698783945  0.02981229212177742  0.03023589725571538
  0.03065950238965334  0.03108310752359130  0.03150671265752926  0.03193031779146722
  0.03252768776139574  0.03317389115320243  0.03382009454500913  0.03446629793681583
  0.03511250132862252  0.03575870472042921  0.03647792910365368  0.03720000031046249
  0.03792207151727129  0.03864414272408010  0.03936621393088890  0.04354107536749637
  0.07789995615708054  0.09968273358465332  0.10371758725068139  0.10775244091670945
  0.11177325898432383  0.11579040822232232  0.11980755746032080  0.13307573958527644
  0.13307573958528643  0.13307573958529642  0.13307573958530641  1.00000000000000000
  0.00046773499907000  0.00047942564670539  0.00048738006411435  0.00049533448152331
  0.00050328889893226  0.00051124331634122  0.00051919773375018  0.00052726435942157
  0.00053794313386229  0.00054862190830301  0.00055930068274373  0.00056997945718445
  0.00058065823162517  0.00069624720226409  0.00103520815106872  0.00105848508329778
  0.00108176201552683  0.00110503894775588  0.00112831587998493  0.00115226278091272
  0.00117827255238490  0.00120428232385708  0.00123029209532926  0.00125630186680143
  0.00128253376328999  0.00131159722428983  0.00134066068528967  0.00136972414628951
  0.00139878760728935  0.00142785106828918  0.00165435739616534  0.00173014866043994
  0.00180823111305958  0.00189292068658119  0.00197761026010280  0.00201621216589300
  0.00204188750391770  0.00206756284194240  0.00209323817996709  0.00211891351799179
  0.00214458885601649  0.00217026419404119  0.00219593953206588  0.00222161487009058
  0.00224959468364255  0.00227879840365443  0.00230800212366631  0.00233720584367819
  0.00236640956369007  0.00239561328370196  0.00242481700371384  0.00245402072372572
  0.00248322444373760  0.00251478000616815  0.00254741240274739  0.00258004479932663
  0.00261267719590586  0.00264530959248510  0.00267794198906434  0.00271057438564358
  0.00274320678222282  0.00277583917880206  0.00450577230389045  0.00878339774985215
  0.01479867354052691  0.01513738867826083  0.01547610381599475  0.01581481895372866
  0.01615353409146258  0.01649705515755210  0.01687553730631357  0.01725401945507503
  0.01763250160383649  0.01801098375259796  0.01838790252136626  0.01867776166114814
  0.01896762080093002  0.01925747994071191  0.01954733908049379  0.01983719822027567
  0.02012705736005755  0.02041691649983943  0.02074038847229188  0.02108903010583888
  0.02143767173938587  0.02178631337293287  0.02213495500647987  0.02248359664002686
  0.02283223827357386  0.03554229543146363  0.05031546687455146  0.05031546687456146
  0.05031546687457146  0.05031546687458146  0.05031546687459146  1.00000000000000000
  0.10770803292592372  0.11413959529159555  0.12057115765726738  0.12770724948337495
  0.13640134735642917  0.14509544522948337  0.20993425031506457  0.21366704107383644
  0.21739983183260830  0.22113262259138017  0.22486541335015200  0.22859820410892387
  0.23233099486769571  0.23606378562646751  0.23979657638523932  0.24352936714401116
  0.24726215790278297  0.25099494866155481  0.25472773942032662  0.25846053017909842
  0.26219332093787023  0.26592611169664204  0.26965890245541385  0.35892805633145392
  0.45928008152244687  0.46345759456780999  0.46763510761317306  0.47181262065853613
  0.47599013370389925  0.48016764674926232  0.48434515979462534  0.48852267283998840
  0.49270018588535147  0.49687769893071448  0.50105521197607750  0.50523272502144057
  0.50941023806680363  0.51358775111216670  0.51776526415752966  0.55496908139257972
  0.56477501841455824  0.56719162674284740  0.56960823507113645  0.57202484339942561
  0.57444145172771466  0.57685806005600382  0.57927466838429298  0.58169127671258203
  0.58410788504087119  0.58652449336916035  0.58894110169744951  0.59135771002573867
  0.59377431835402772  0.59619092668231688  0.59860753501060604  0.60102414333889520
  0.60344075166718436  0.60585735999547341  0.60827396832376257  0.61069057665205173
  0.61310718498034078  0.61552379330862994  0.61794040163691910  0.62035700996520815
  0.62277361829349731  0.63511781960938873  0.66986133577933327  0.67409520450524052
  0.67832907323114777  0.68256294195705502  0.68679681068296228  0.69103067940886953
  0.69526454813477678  0.69949841686068404  0.70373228558659129  0.70796615431249854
  0.71220002303840579  0.71643389176431316  0.72066776049022041  0.72490162921612766
  0.72913549794203503  0.85675557054855722  0.87822061076684432  0.88197397901579522
  0.88572734726474611  0.88948071551369712  0.89323408376264801  0.89612083685465671
  0.89705584172782848  0.89799084660100037  0.89892585147417214  0.89986085634734403
  0.90079586122051580  0.90173086609368758  0.90205967823664335  1.00000000000000000
  0.04525023301442471  0.21156069404562644  0.21478805475791965  0.21801541547021283
  0.22124277618250604  0.22447013689479922  0.22769749760709243  0.23125551593035087
  0.23508983628848226  0.23892415664661365  0.24275847700474504  0.24659279736287645
  0.25024345289330363  0.25242897772434425  0.25461450255538487  0.25680002738642549
  0.25898555221746611  0.26117107704850673  0.26335660187954735  0.26554212671058797
  0.26772765154162859  0.26991317637266921  0.27209870120370988  0.27428422603475050
  0.27646975086579118  0.27865527569683179  0.28084080052787247  0.28302632535891309
  0.28521185018995371  0.28739737502099438  0.28958289985203500  0.29176842468307568
  0.29395394951411630  0.29613947434515692  0.29832499917619754  0.30051052400723816
  0.30269604883827878  0.30488157366931939  0.30706709850036001  0.30925262333140063
  0.31143814816244125  0.35541263795457984  0.36329915834647192  0.37118567873836400
  0.37907219913025603  0.38695871952214811  0.39484523991404019  0.40273176030593233
  0.41061828069782447  0.43768688189972582  0.44108504364257578  0.44448320538542579
  0.44788136712827575  0.45127952887112571  0.45467769061397573  0.45807585235682569
  0.46060352146790806  0.46305982538477136  0.46551612930163466  0.46797243321849796
  0.47042873713536126  0.47288504105222456  0.47534134496908786  0.47779764888595117
  0.48025395280281447  0.48271025671967771  0.48516656063654101  0.48762286455340426
  0.49007916847026756  0.49253547238713080  0.49499177630399410  0.49744808022085735
  0.49990438413772065  0.50324793358974906  0.50662741949120937  0.51000690539266980
  0.51338639129413022  0.51676587719559064  0.52014536309705106  0.61400737413357309
  0.66874695798975614  0.67253011738107793  0.67631327677239972  0.68009643616372151
  0.68387959555504330  0.68763683640976114  0.69081753205204044  0.69399822769431985
  0.69717892333659914  0.70035961897887844  0.70354031462115774  0.70672101026343703
  0.71506768862406411  0.71506768862407410  0.71506768862408410  1.00000000000000000
  0.14264201720555619  0.15161230180581564  0.15739127027829800  0.16317023875078038
  0.16774866076849743  0.17048806874257369  0.17322747671664993  0.17596688469072616
  0.17870629266480242  0.18144570063887866  0.18418510861295490  0.18692451658703113
  0.18975527059494443  0.19261031756031963  0.19546536452569480  0.19832041149106999
  0.20117545845644516  0.20403050542182036  0.20688555238719553  0.20974059935257072
  0.21259564631794595  0.21545069328332114  0.21830574024869637  0.22116078721407156
  0.22401583417944679  0.22687088114482198  0.24918435472301886  0.33387711438931145
  0.33695713187668180  0.34003714936405222  0.34311716685142257  0.34619718433879298
  0.34927720182616334  0.35235721931353375  0.35502495891583025  0.35710556435858670
  0.35918616980134310  0.36126677524409956  0.36334738068685596  0.36542798612961236
  0.36750859157236881  0.36958919701512521  0.37166980245788167  0.37375040790063807
  0.37583101334339453  0.37791161878615093  0.37999222422890738  0.38207282967166378
  0.38415343511442024  0.38623404055717664  0.38831464599993309  0.39039525144268949
  0.39247585688544590  0.39455646232820235  0.39688258602379600  0.39959875787908328
  0.40231492973437055  0.40503110158965777  0.40774727344494505  0.41046344530023232
  0.41317961715551960  0.41589578901080687  0.45886243850128394  0.46057777230114327
  0.46229310610100255  0.46400843990086188  0.46572377370072121  0.46743910750058049
  0.46915444130043982  0.47086977510029915  0.47258510890015842  0.47430044270001775
  0.47601577649987709  0.47773111029973636  0.47938918981728224  0.48075349385533822
  0.48211779789339426  0.48348210193145030  0.48484640596950629  0.48621071000756233
  0.48757501404561832  0.48893931808367436  0.49030362212173040  0.49166792615978638
  0.49303223019784242  0.49439653423589841  0.49576083827395445  0.49712514231201049
  0.49848944635006648  0.49985375038812252  0.59123633355922844  0.69342725016941731
  0.79561816677960617  0.89620320273691800  0.89973342816034940  1.00000000000000000
  0.00218388373246449  0.02419344933501964  0.02755356533670603  0.03091368133839242
  0.03427379734007880  0.03763391334176519  0.04099402934345157  0.04486031073017765
  0.04885327804465628  0.05284624535913489  0.05683921267361351  0.06083217998809213
  0.12558126313461548  0.13380146871610471  0.14202167429759396  0.15024187987908325
  0.15846208546057258  0.16668229104206189  0.17490249662355112  0.18312270220504037
  0.24461201900359858  0.33430196236602894  0.33784015154263997  0.34137834071925099
  0.34491652989586202  0.34845471907247305  0.35199290824908408  0.35553109742569505
  0.35906928660230608  0.36260747577891705  0.36614566495552803  0.36968385413213900
  0.37322204330875003  0.37676023248536100  0.38029842166197197  0.38383661083858295
  0.38737480001519398  0.39091298919180495  0.39445117836841592  0.41766465879068659
  0.41993888102913907  0.42221310326759154  0.42448732550604401  0.42676154774449643
  0.42903576998294890  0.43130999222140137  0.43358421445985385  0.43585843669830626
  0.43813265893675873  0.44040688117521121  0.44268110341366368  0.44495532565211615
  0.44722954789056857  0.44950377012902104  0.45177799236747351  0.45405221460592599
  0.45632643684437840  0.45860065908283087  0.46087488132128340  0.46314910355973588
  0.46542332579818835  0.46769754803664082  0.46997177027509329  0.47224599251354582
  0.47452021475199829  0.47679443699045077  0.47906865922890324  0.59606789832543650
  0.71823386312665394  0.84039982792787138  0.91814682576364715  0.92208644465521372
  0.92602606354678041  0.92996568243834699  0.93390530132991356  0.93784492022148014
  0.94178453911304671  0.94572415800461329  0.94966377689617987  0.95360339578774644
  0.95754301467931313  0.96049960282256108  0.96320949885033236  0.96591939487810363
  0.96862929090587491  0.97133918693364629  0.97404908296141757  0.97675897898918884
  0.97949336742446158  0.98242288636382413  0.98535240530318668  0.98828192424254924
  0.99121144318191190  0.99414096212127445  0.99707048106063700  1.00000000000000000
  0.02825152476628624  0.27228467204907986  0.27373601076482645  0.27518734948057305
  0.27663868819631970  0.27809002691206630  0.27954136562781290  0.28099270434355950
  0.28244404305930609  0.28389538177505269  0.28534672049079929  0.28679805920654594
  0.28824939792229254  0.28970073663803914  0.29115207535378573  0.29284300970107002
  0.29466556312753867  0.29648811655400736  0.29831066998047601  0.30013322340694465
  0.30195577683341335  0.30377833025988199  0.30560088368635063  0.30742343711281933
  0.30924599053928797  0.31106854396575662  0.33546348993983066  0.44247567694364304
  0.52164593855113217  0.52468066498578947  0.52771539142044688  0.53075011785510418
  0.53378484428976147  0.53681957072441877  0.53985429715907607  0.54288902359373337
  0.54592375002839066  0.54895847646304796  0.55199320289770526  0.55502792933236256
  0.55806265576701986  0.56109738220167715  0.56413210863633445  0.56716683507099164
  0.57020156150564894  0.57323628794030623  0.57627101437496353  0.57930574080962083
  0.58234046724427813  0.65533453207200021  0.66922597879526036  0.67208841021341048
  0.67495084163156049  0.67781327304971062  0.68067570446786074  0.68353813588601076
  0.68640056730416088  0.68926299872231089  0.69212543014046102  0.69498786155861114
  0.69785029297676116  0.70071272439491128  0.70357515581306140  0.70643758723121142
  0.70930001864936154  0.71216245006751167  0.71502488148566179  0.71788731290381191
  0.72074974432196193  0.72361217574011205  0.72647460715826218  0.73553603172823123
  0.79321778095488882  0.79648002680899010  0.79974227266309128  0.80300451851719257
  0.80626676437129374  0.80952901022539503  0.81277788529564743  0.81589037020998612
  0.81900285512432491  0.82211534003866360  0.82522782495300240  0.82834030986734108
  0.83145279478167988  0.83435984444831046  0.83695330180695970  0.83954675916560895
  0.84214021652425819  0.84473367388290743  0.84732713124155679  0.84992058860020603
  0.85251404595885527  0.85448402563730874  0.85448402563731873  1.00000000000000000
  0.63204669555028281  0.79390399501766085  0.79614132336865484  0.79837865171964895
  0.80061598007064294  0.80285330842163705  0.80509063677263115  0.80732796512362515
  0.80956529347461925  0.81180262182561336  0.81435406805132127  0.81704776495067932
  0.81974146185003749  0.82243515874939566  0.82512885564875371  0.82782255254811188
  0.83051624944747005  0.83320994634682810  0.83498521111960378  0.83671638682286997
  0.83844756252613617  0.84017873822940237  0.84190991393266867  0.84364108963593487
  0.84537226533920107  0.84710344104246726  0.84883461674573346  0.85056579244899977
  0.85229696815226597  0.85402814385553216  0.85575931955879836  0.85749049526206456
  0.85922167096533075  0.86095284666859695  0.86268402237186315  0.86441519807512934
  0.86614637377839554  0.86787754948166174  0.86960872518492793  0.87133990088819413
  0.87307107659146033  0.87480225229472652  0.87632652109234310  0.87782410760305019
  0.87932169411375727  0.88081928062446435  0.88231686713517143  0.88381445364587852
  0.88531204015658560  0.88680962666729268  0.88830721317799977  0.88980479968870685
  0.89130238619941393  0.89279997271012101  0.89429755922082799  0.89579514573153507
  0.89877660981755525  0.90179690203042773  0.90481719424330020  0.90783748645617257
  0.91085777866904505  0.91387807088191753  0.91682583454118949  0.91890067659142882
  0.92097551864166816  0.92305036069190749  0.92512520274214682  0.92720004479238616
  0.92927488684262549  0.93134972889286483  0.93342457094310416  0.93549941299334349
  0.93759694316437392  0.94030573901474335  0.94301453486511266  0.94572333071548209
  0.94843212656585152  0.95114092241622095  0.95384971826659037  0.95655851411695980
  0.95913017362182307  0.96144123536394976  0.96375229710607646  0.96606335884820316
  0.96837442059032985  0.97068548233245655  0.97299654407458325  0.97530760581671005
  0.97761866755883675  0.98025332109270724  0.98354443424392268  0.98683554739513812
  0.99012666054635368  0.99341777369756912  0.99670888684878456  1.00000000000000000
   6.1607337723072580E-011  -1.0000000000000000     
 F F F F F F F F F F F F F F F F F F F F F F F F F F F F F F F F F F F F F F F F F F F F F F F F F F F F F F F F F F F F F F F F
  <DiscreteSampler_grid>
  grouped_processes
  1 # 1 for a reference and 2 for a running grid.
  10 # Attribute 'min_bin_probing_points' of the grid.
  1 # Attribute 'grid_mode' of the grid. 1=='default',2=='initialization'
  0.0000000000000000 # Attribute 'small_contrib_threshold' of the grid.
  0.5000000000000000 # Attribute 'damping_power' of the grid.
 # binID   n_entries weight   weight_sqr   abs_weight
    10   10   6.725776836995016E+001   7.908123248360663E+003   6.725776836995016E+001
  </DiscreteSampler_grid>
