  0.00339623506108962  0.01075086340281862  0.01929004179955566  0.02838639346238414
  0.03796038099331847  0.04790794676941950  0.05799771608713568  0.06954219639656077
  0.08153633049938425  0.09356265528788703  0.10373015926669009  0.11362766433192414
  0.12447123541006479  0.13539522315947886  0.14548771487484663  0.15409785023758188
  0.16144299903700779  0.17009709768047410  0.17889775874763478  0.18677540831311565
  0.19445619622645469  0.20203474842069291  0.21061983622282862  0.22064651426310963
  0.23129019433953985  0.24599819041617196  0.26124456377552518  0.27516526812453651
  0.28456524438955366  0.29225809107810741  0.29992137154200754  0.30998366562159008
  0.31984950590435685  0.33150514147132548  0.34294333520831055  0.35347968390572732
  0.36340177386598177  0.37371892732500617  0.38446932588151173  0.39541479633792642
  0.40715391885400976  0.42070654381082184  0.43389797962971943  0.44598357303869479
  0.45679440823725515  0.46718236462701379  0.47764730539468886  0.48821174834261305
  0.49951285942324808  0.51079008547445881  0.52112864213660526  0.53138971650658495
  0.54104298293715813  0.55092847024923064  0.56108247526439714  0.57122658708764740
  0.58275335249867011  0.59617592059907476  0.60953098579230069  0.62220486609230097
  0.63409425813728515  0.64655155922460350  0.65900445927155660  0.67213642520254135
  0.68307224965225932  0.69152677250027617  0.70047219429171603  0.70966806121414661
  0.72259634112027959  0.73325021693520698  0.74288142937227353  0.75239475236468334
  0.76077560056446059  0.76906659790221765  0.77719150107991652  0.78539875562928463
  0.79791883077880332  0.81018037316452984  0.82041777511795422  0.82776171145422339
  0.83484914013291189  0.84250948133538439  0.85161287196228097  0.86221336184218067
  0.87275279899473257  0.88302946204901767  0.89349689299871016  0.90475178107857124
  0.91702831871926460  0.92859141858821559  0.93911353924292207  0.95030475478992771
  0.96290697617321386  0.97586558816799018  0.98799988946266670  1.00000000000000000
  0.00000845829527425  0.00000863918340661  0.00000879334467977  0.00000894642482990
  0.00000905815249716  0.00000916449323422  0.00000927117703871  0.00000936246254930
  0.00000951683202629  0.00000967044333920  0.00000984072476858  0.00001001079974342
  0.00001022181834507  0.00001044511843345  0.00001071292174357  0.00001103223667855
  0.00001133783421941  0.00001168465912221  0.00001206051259174  0.00001252140216890
  0.00001312172703841  0.00001382713375829  0.00001442492483912  0.00001496715288542
  0.00001549094165542  0.00001603550830859  0.00001665657808080  0.00001743693133437
  0.00001826992021851  0.00001907126309811  0.00002010178213211  0.00002126378812813
  0.00002256662572602  0.00002370562044295  0.00002486853063688  0.00002622798982227
  0.00002777029574206  0.00002959225532054  0.00003186165376843  0.00003445651008093
  0.00003713442288771  0.00004010652077366  0.00004338564487649  0.00004743577707318
  0.00005251608766018  0.00005812266532201  0.00006449148076124  0.00007076858963033
  0.00007703201915782  0.00008347744025667  0.00008998984821314  0.00009742133005159
  0.00010556774687029  0.00011568098959138  0.00012909308497343  0.00014507143733875
  0.00016119825882639  0.00017773619932874  0.00019613961375715  0.00021998079293697
  0.00025133983349781  0.00028606831819027  0.00031845589446862  0.00035049118996580
  0.00038325739104107  0.00041999305359191  0.00046659798306108  0.00052357997692311
  0.00059551125073001  0.00068012019039185  0.00077104157626581  0.00087283189850945
  0.00098546879198946  0.00110943413791923  0.00122601688737232  0.00135902366174456
  0.00148743740510762  0.00166155661481845  0.00188166084979784  0.00214651201148340
  0.00242115524623836  0.00271359101261608  0.00310924163500468  0.00361287760994463
  0.00425028360031210  0.00508355772976311  0.00605821217000757  0.00755198290498038
  0.00951728712052205  0.01144605343764287  0.01319678665924030  0.01552824118331532
  0.02021581887202780  0.07078943403482826  0.42963835029459191  1.00000000000000000
  0.00000432623668975  0.00000718805312490  0.00000913410384195  0.00001172867672027
  0.00001496022748185  0.00001898952283455  0.00002403063611292  0.00003046352067306
  0.00003664862295420  0.00004325532581447  0.00005066756633881  0.00006035012306721
  0.00007211824459309  0.00008445846187291  0.00009628196464944  0.00011006177926806
  0.00012557901301477  0.00014798622372993  0.00017582856951569  0.00020633968944826
  0.00023983842253843  0.00027953299718947  0.00032706324023257  0.00037627185289546
  0.00043022199294393  0.00048101779684434  0.00053102369904306  0.00058607252400129
  0.00065429010667566  0.00073150315990181  0.00081429005938294  0.00089539902559643
  0.00097776317190977  0.00105924610623227  0.00114086795342174  0.00122453776784680
  0.00130784161327388  0.00139118382386693  0.00148022417138604  0.00158641574841158
  0.00172133848973560  0.00187747500294390  0.00206138573188269  0.00224865242464129
  0.00242426911362904  0.00258385604887249  0.00273073091075021  0.00287599492886090
  0.00302359988007710  0.00320123652183125  0.00335283677273788  0.00351266308607608
  0.00369851878897761  0.00390263954990496  0.00414433112924407  0.00440961909517803
  0.00465730697091932  0.00493167077129684  0.00523239353442547  0.00549672669650186
  0.00574711462688338  0.00600912934652181  0.00624002988632511  0.00648057961348578
  0.00675379623324020  0.00704139915514587  0.00732219314701931  0.00753463351701379
  0.00775757165285531  0.00797809961255611  0.00819862444272339  0.00846104609047385
  0.00870693555206894  0.00895872029584735  0.00925267943270415  0.00954986315224115
  0.00988177253127385  0.01025233334336380  0.01065925686455298  0.01110057737207091
  0.01143630711272165  0.01174952373629411  0.01197252658643614  0.01219570719024972
  0.01244054140698519  0.01273698143974320  0.01304668014643424  0.01339644221990052
  0.01383551797289760  0.01455045373094932  0.01526972719770838  0.01603270870938238
  0.01686118486176540  0.01776414807591726  0.15936286284797169  1.00000000000000000
 -0.00221655432652271  0.00803911847994108  0.01722423345955526  0.02471238991367916
  0.03105213469727391  0.03726735482888182  0.04335604007780841  0.05007606858014300
  0.05837359234561480  0.06833920449786772  0.07835104121100904  0.08628120525462986
  0.09277689135082161  0.09944226580807448  0.10586018105891612  0.11200918770383640
  0.11842745802558467  0.12507945345566396  0.13121133949357089  0.13739027931518505
  0.14402391890585556  0.15162664414236049  0.16150258241336576  0.17130240172010364
  0.17904314766245366  0.18614907538992354  0.19222674826586122  0.19867901273786256
  0.20698062026515990  0.21400337749697770  0.22016307333453630  0.22588915739898593
  0.23154911674271772  0.23808992636899598  0.24598082925585452  0.25408790426732675
  0.26202380560534411  0.27010640684011045  0.27619772761186601  0.28265954499602103
  0.28947127717020837  0.29619746513684836  0.30279365540587705  0.30967811716980526
  0.31724307038428595  0.32604387222276232  0.33553692681735103  0.34597557775173748
  0.35644924982573123  0.36743412521980690  0.37776942868726382  0.38840208511030427
  0.39975173878130016  0.40877392841085169  0.41779826947278853  0.42751055236830582
  0.43792775597600742  0.44830262517943265  0.45923382480711361  0.47147143164559824
  0.48228293100269376  0.49163137828809533  0.50059684528023163  0.50974402471309099
  0.51920159054498383  0.52884565328400213  0.53940898781254909  0.55040914697764420
  0.56248067839538685  0.57312998546945315  0.58254229501115729  0.59208236251154189
  0.60220627652630365  0.61538873869372124  0.63297636562273785  0.65023138732599639
  0.66645195729078566  0.68181214230211618  0.69523320192695981  0.70932118531075428
  0.72354062374572126  0.73832905590002651  0.75173280429640588  0.76588484305414950
  0.78088915655168389  0.79746522581083157  0.81638873912345589  0.83514358191107196
  0.85287610288209759  0.87204077154048099  0.89554035057016035  0.91422257260396300
  0.93136238012485351  0.94956344436251316  0.97221787537925397  1.00000000000000000
 -0.00218522225415292  0.01089486543774574  0.02264442266690260  0.03376829143957634
  0.04545143346454096  0.05802225058174959  0.07164384482829186  0.08558206404302225
  0.09950598692264298  0.11261358427213547  0.12547037385757048  0.13893289224091745
  0.15411705597814532  0.17030081222313487  0.18312776307093145  0.19476181552223684
  0.20499463536370668  0.21452825918759297  0.22569831988818881  0.23684463524094246
  0.25054990915489234  0.26496408235141544  0.27552186824213837  0.28467494960031836
  0.29208079916117713  0.29884010962578478  0.30588743634077376  0.31359275133655290
  0.32240868110959126  0.33176407356973253  0.34164512719342521  0.35209662631271499
  0.36404063088912131  0.37481903863472804  0.38368969916271306  0.39244600432979232
  0.40134200830530475  0.41173241731457100  0.42474951698194541  0.43732822558310197
  0.44970338332232823  0.46027027056450359  0.47155372379787075  0.48280881326473934
  0.49449636564564553  0.50581901557117848  0.51614218502135112  0.52563479530755841
  0.53584908312914292  0.54739634544904592  0.55685527094873211  0.56764770278653554
  0.57813778859117038  0.59011043025386767  0.60148319506389458  0.61276185960320684
  0.62553635210113290  0.63952369381488616  0.65205676192924467  0.66165825987692717
  0.67041264005188117  0.67770089423246105  0.68471082940431793  0.69171078340848402
  0.69983454150299573  0.71158412398944737  0.72134514051085730  0.73079664998356630
  0.74047722964539753  0.75042207627362889  0.76096347383105301  0.77205922077724753
  0.78423400143588584  0.79623938156244256  0.80511558395909866  0.81389174747903559
  0.82178659923518149  0.82804544448233830  0.83486402906309976  0.84189943154987923
  0.85061931295525239  0.86355669186618078  0.87577379847065040  0.88428567659834334
  0.89057266494560450  0.89690157082568744  0.90262145010719552  0.90968949842074831
  0.91874743935313830  0.92892216738539546  0.93998671885117946  0.95214629024894193
  0.96508229593499528  0.97751072743995837  0.98928339392756004  1.00000000000000000
 -0.00221888643749969  0.00983788493098277  0.02068843499435883  0.02924248366508643
  0.03772984669552824  0.04705326417694614  0.05762584254686043  0.07006499245136560
  0.08186030178948189  0.09267699388075512  0.10404999065346128  0.11686820367636085
  0.12930378483737134  0.14049148074271986  0.15156093642277332  0.16374861749763958
  0.17498851010041144  0.18707551869842090  0.19751231972250233  0.20878718735417262
  0.21950515846704713  0.22985188381890298  0.24048462480219898  0.25178378123186107
  0.26504480663249680  0.27475275685769235  0.28272518403896457  0.29005833817468174
  0.29742902290039730  0.30618672360657967  0.31737310222752596  0.32946935068559513
  0.33964554002776398  0.35076894092797944  0.36317414926233599  0.37678816391039571
  0.39078267274191558  0.40294161816593776  0.41463708444630165  0.42615830411782524
  0.43913995383721627  0.45175807905671977  0.46546797952873725  0.47849932854776550
  0.48898706545852422  0.49912146029830590  0.51022604900966517  0.52332515328428053
  0.53769887184747533  0.55014299306713077  0.56186333655266363  0.57305914098482447
  0.58423083739721704  0.59491807229184512  0.60810677193107532  0.62285068469572424
  0.63326117025701822  0.64212850598542281  0.65139722495093044  0.66221017599220999
  0.67118251971201681  0.67963952764640034  0.68891013642646282  0.69954897780677183
  0.71079715681860978  0.72132997626663864  0.73238131910976068  0.74415460458090410
  0.75517814663214289  0.76482141272379700  0.77366304663103858  0.78139953672328100
  0.78884353342370306  0.79865370665217039  0.80842311036877634  0.81813674925382507
  0.82570822333807781  0.83323871737579214  0.84075219522745792  0.84851690577586680
  0.85710874154828964  0.86374158258732481  0.87059865332874220  0.87842107747952725
  0.88855870454954700  0.89949019420002230  0.91050624489243215  0.92171855022170623
  0.93039943615815157  0.93829482739031222  0.94599139775204810  0.95442358290423335
  0.96418603705544714  0.97528736569185437  0.98692543710755076  1.00000000000000000
  0.00013240231875827  0.00057551796944975  0.00099213600283257  0.00138104943451616
  0.00169374135606017  0.00200882186727298  0.00233551237157341  0.00268146998670741
  0.00303482994613428  0.00338859739946269  0.00374725517601941  0.00412091515622087
  0.00447068240320504  0.00479920293771305  0.00513434110322789  0.00546905432768381
  0.00580250110859506  0.00613324991472436  0.00646766093521911  0.00680392505513982
  0.00711529341031785  0.00743135746148673  0.00775050465277491  0.00805714898575795
  0.00838038198593924  0.00871305287780696  0.00900306138989186  0.00928109799936891
  0.00955396047811694  0.00983881615253041  0.01013662201765711  0.01044833171385582
  0.01075838344358082  0.01102085898317224  0.01127366318774012  0.01152445440253668
  0.01177760002883689  0.01207886480189961  0.01233341957934048  0.01257596122974347
  0.01282136642415779  0.01307809041325294  0.01337397374312342  0.01371069191875926
  0.01399548790258198  0.01425838913385672  0.01454478604456877  0.01486555153459668
  0.01523807160936213  0.01574843190366953  0.01636225438734680  0.01683752806213011
  0.01734520739650128  0.01785026586276203  0.01834037129638763  0.01882189614812474
  0.01929213908897638  0.01972777536127894  0.02021042279754597  0.02087265492575067
  0.02157490808879740  0.02237903633481776  0.02325929140482851  0.02407892846901149
  0.02489999017119963  0.02585660763775502  0.02712253333823278  0.02872576965241297
  0.02983967727689763  0.03078162814221542  0.03169870581297502  0.03252681710601656
  0.03362468527215251  0.03544731460477736  0.03726986469435496  0.03868407578187747
  0.04019039432429929  0.04200742802562183  0.04479009068648245  0.04815807782578237
  0.05167892259497912  0.05446424441452141  0.05647528474121330  0.05848887138172280
  0.06021894216145088  0.06326423634327794  0.06729150234569861  0.07479536854583226
  0.08014439972543054  0.09063276036308372  0.10462133438690643  0.12381310072689929
  0.13649310305157236  0.17870390115131163  0.31969149556845594  1.00000000000000000
 -0.00352861492822967  0.01475612755986810  0.02620374771787052  0.03532201721532445
  0.04421111380167265  0.05249585246978844  0.06013615000428314  0.06830583566167511
  0.07975058259352455  0.10043564550613474  0.11837600787066375  0.13526386661912235
  0.15365756229171418  0.17083606129045401  0.18452434098573151  0.19635763194296865
  0.20886567868168118  0.21678079319875113  0.22601560351709435  0.23548080279901010
  0.24431562059497011  0.25222975573010131  0.26055843183487426  0.26882241603552770
  0.27730079395168994  0.28580131670234105  0.29461408387505172  0.30339290631276811
  0.31168724220144695  0.32025444587628865  0.32913936688328727  0.33835641464784461
  0.34899466086474551  0.35925048036520146  0.36859505607667253  0.37821326130612914
  0.38655330957717809  0.39565927299128140  0.40491846113519919  0.41489409165117519
  0.42600412311860403  0.43652709021436686  0.44615644645403107  0.45486194696712656
  0.46400826690120678  0.47290931780126161  0.48115418001357946  0.48902998494505678
  0.49620791628293781  0.50396278270438599  0.51225800375418540  0.51990052944735088
  0.52707717800494214  0.53474359813055827  0.54166397032888858  0.55037758828481931
  0.56022747490290725  0.56862398019533766  0.57695392140386648  0.58533617067378108
  0.59341826945079246  0.60446948548487711  0.61398100536715916  0.62135182190797511
  0.62859558458733045  0.63594047751630089  0.64410657326934784  0.65326901045354557
  0.66303061153034593  0.67248003054493888  0.68056398444114763  0.68794391457660320
  0.69563383103569210  0.70415028073882158  0.71282141729782489  0.72149944478592420
  0.73170532235352870  0.74314521910146458  0.75496368981196060  0.76756497652947753
  0.78122616854039995  0.79089177436044078  0.80097126504583382  0.81099932071025260
  0.81964479585356231  0.83378313770122736  0.84726349833493964  0.86278216660135343
  0.87776241776021158  0.89105422084622976  0.90720852321255185  0.92423215967484607
  0.94262636145058787  0.96238569026586895  0.98176745448055547  1.00000000000000000
  0.44205073103292675  0.59187730388742021  0.62213020194797253  0.64331866344989985
  0.66411083436326956  0.68440959276316815  0.70282740084276296  0.71851854523473402
  0.73200240379211778  0.74457340684835327  0.75734238473484583  0.76983088093515395
  0.78134448424662106  0.79228320000726449  0.80197242588408657  0.81174807304357077
  0.82069819506805697  0.82851386615809386  0.83582332896132705  0.84299752259228766
  0.85030670690851751  0.85724298926015396  0.86396195174562163  0.87036637136274841
  0.87606666462371308  0.88108368286824035  0.88602076562790588  0.89077503381323475
  0.89514795511522183  0.89895898527107898  0.90230454896240386  0.90567157129390563
  0.90896184630316290  0.91218795980295342  0.91525464487210895  0.91815307987248018
  0.92107707752954715  0.92404920287367864  0.92676699765620341  0.92930024424292101
  0.93168334215232507  0.93403993979872169  0.93651529210553808  0.93880907729172580
  0.94087689525168183  0.94278250684567444  0.94466165085197207  0.94647668916985150
  0.94824945038486874  0.95003159017568217  0.95182648814392978  0.95362873168069140
  0.95557672936849170  0.95743002458164228  0.95908478951617848  0.96058326752104506
  0.96205329140163820  0.96328250654516889  0.96443287647313392  0.96556592510197259
  0.96664654527329474  0.96769970961478158  0.96881785745583959  0.97001300530854595
  0.97122326023417282  0.97238740870895135  0.97346417892249404  0.97449932154825403
  0.97561731092934567  0.97668562650170399  0.97777482929046855  0.97886749649727467
  0.97989534536411260  0.98079635493245543  0.98149984641291577  0.98220513359561090
  0.98292527993164569  0.98368774267524850  0.98455320057300355  0.98545297287731304
  0.98625280183364794  0.98722510901196303  0.98815577137161748  0.98901037746854648
  0.98987346738905202  0.99065924133097738  0.99144542404538893  0.99229700965162149
  0.99327575229019094  0.99417215413968152  0.99497501293313295  0.99574036058545701
  0.99654108971846023  0.99749040445126036  0.99863255277885943  1.00000000000000000
   4.4912279371325072E-007  -1.0000000000000000     
 F F F F F F F F F F F F F F F F F F F F F F F F F F F F F F F F F F F F F F F F F F F F F F F F F F F F F F F F F F F F F F F F
  <DiscreteSampler_grid>
  grouped_processes
  1 # 1 for a reference and 2 for a running grid.
  10 # Attribute 'min_bin_probing_points' of the grid.
  1 # Attribute 'grid_mode' of the grid. 1=='default',2=='initialization'
  0.0000000000000000 # Attribute 'small_contrib_threshold' of the grid.
  0.5000000000000000 # Attribute 'damping_power' of the grid.
 # binID   n_entries weight   weight_sqr   abs_weight
    10   10   1.494417553169077E+004   2.220209326573283E+009   1.494417553169077E+004
  </DiscreteSampler_grid>
