  0.01427327719867415  0.01464240919406584  0.01501154118945752  0.01538067318484921
  0.01574980518024090  0.01611893717563258  0.01648806917102427  0.01685720116641596
  0.01722633316180764  0.01759546515719933  0.01796459715259102  0.01833372914798270
  0.01870286114337439  0.01907199313876608  0.01944112513415776  0.01981025712954945
  0.02017938912494114  0.02054852112033283  0.02116115266359333  0.02259626788893124
  0.02403138311426916  0.02546649833960708  0.02690161356494499  0.02833672879028291
  0.02977184401562082  0.03120695924095874  0.03264207446629665  0.03407718969163457
  0.03551230491697249  0.03694742014231041  0.03838253536764832  0.03981765059298624
  0.04125276581832416  0.04511212763150427  0.04995404290446993  0.05479595817743559
  0.05963787345040125  0.06447978872336692  0.06932170399633258  0.07416361926929824
  0.07900553454226390  0.09460533671416504  0.20076432450864254  0.30692331230312014
  0.39796598583193932  0.41109142306325391  0.41861765679185226  0.42200930470037795
  0.42540095260890365  0.42879260051742940  0.43218424842595510  0.43557589633448079
  0.43896754424300649  0.44235919215153224  0.44575084006005794  0.44914248796858364
  0.45253413587710933  0.45592578378563509  0.45932047821995770  0.46272262583385704
  0.46612477344775644  0.46952692106165578  0.47292906867555518  0.47633121628945452
  0.49684961633847247  0.56521607065135160  0.57233394887246858  0.57945182709358545
  0.58656970531470243  0.59368758353581941  0.60080546175693650  0.60792333997805348
  0.61504121819917035  0.62215909642028733  0.68878857359586521  0.71049061524100887
  0.71313469426640241  0.71577877329179584  0.71842285231718928  0.72106693134258282
  0.72371101036797625  0.72635508939336968  0.72899916841876322  0.73120321428709412
  0.73337749945329200  0.73555178461948989  0.73772606978568767  0.73990035495188555
  0.74207464011808344  0.74424892528428133  0.74642321045047910  0.74859749561667699
  0.78768202441103763  0.89384101220551504  0.92565710865939366  1.00000000000000000
  0.00001265539274848  0.00001275589793481  0.00001285640312115  0.00001295690830748
  0.00001305741349382  0.00001315791868015  0.00001325842386649  0.00001335892905283
  0.00001345943423916  0.00001355993942550  0.00001366044461183  0.00001376094979817
  0.00001386145498450  0.00001396196017084  0.00001406246535717  0.00001416297054351
  0.00001429038805025  0.00001446198933069  0.00001463359061114  0.00001480519189158
  0.00001497679317202  0.00001514839445247  0.00001531999573291  0.00001549159701335
  0.00001566319829380  0.00001583479957424  0.00001600640085468  0.00001617800213513
  0.00001817554210211  0.00003746122120393  0.00003891889212673  0.00004037656304954
  0.00004183423397234  0.00004335974823758  0.00004503275689763  0.00004670576555768
  0.00004837877421773  0.00005018349265506  0.00005210365030711  0.00005402380795916
  0.00005594396561122  0.00010300015905953  0.00017655675195245  0.00019454470586446
  0.00021512496066570  0.00023754012879293  0.00029797449975777  0.00052100554595295
  0.00055037718123839  0.00057974881652384  0.00061237383043504  0.00064608445704052
  0.00068067659951048  0.00071936720475225  0.00075805780999402  0.00089813547452536
  0.00092249593648399  0.00094685639844262  0.00097121686040125  0.00099557732235988
  0.00102011413205722  0.00104807329841087  0.00107603246476452  0.00110399163111817
  0.00113195079747183  0.00115990996382548  0.00119062111388483  0.00122271061138774
  0.00125480010889065  0.00128688960639356  0.00131897910389647  0.00154386314446491
  0.00157671512759246  0.00160956711072001  0.00164241909384756  0.00167527107697511
  0.00170812306010266  0.00174097504323021  0.00177348528630796  0.00180449104489895
  0.00183549680348994  0.00186650256208093  0.00189750832067193  0.00192851407926292
  0.00195951983785391  0.00199052559644490  0.00202153135503589  0.00373958727051952
  0.00830648565969952  0.01843504431521429  0.02441214754142839  0.02441214754143839
  0.02441214754144839  0.02441214754145839  0.02441214754146839  1.00000000000000000
  0.00005301329554435  0.00005322040030745  0.00005342750507055  0.00005363460983365
  0.00005384171459675  0.00005404881935984  0.00005425592412294  0.00005446302888604
  0.00005467013364914  0.00005487723841224  0.00005508434317533  0.00005529144793843
  0.00005549855270153  0.00005570565746463  0.00005591276222773  0.00005611986699083
  0.00005632697175392  0.00005676952469301  0.00005741370828566  0.00005805789187830
  0.00005870207547094  0.00005934625906358  0.00005999044265622  0.00006063462624887
  0.00006127880984151  0.00006192299343415  0.00006256717702679  0.00006321136061943
  0.00006385554421208  0.00006449972780472  0.00006553548970047  0.00006683273332818
  0.00006812997695589  0.00006942722058360  0.00007072446421131  0.00007202170783901
  0.00007331895146672  0.00007465998880017  0.00007615174546255  0.00007764350212494
  0.00007913525878732  0.00008062701544970  0.00008211877211208  0.00008361052877447
  0.00008510228543685  0.00008678464210333  0.00008849677189601  0.00009020890168869
  0.00009192103148136  0.00009363316127404  0.00009534529106672  0.00009705742085939
  0.00009970908324680  0.00010328297078197  0.00010685685831714  0.00011043074585231
  0.00011424628419088  0.00011834813235348  0.00012244998051608  0.00012655182867867
  0.00013090258130198  0.00013561038427099  0.00014031818724001  0.00014502599020903
  0.00019328410222721  0.00040227388369067  0.00045553116939218  0.00046700779182972
  0.00047848441426727  0.00048996103670481  0.00050143765914235  0.00051305054334782
  0.00052565733132241  0.00053826411929699  0.00055087090727157  0.00056347769524616
  0.00057608448322074  0.00058863165389119  0.00060076684321096  0.00061290203253074
  0.00062503722185052  0.00063717241117029  0.00064930760049007  0.00066144278980984
  0.00067357797912962  0.00138192749941827  0.00287495584827709  0.00597013968226550
  0.01240789890399838  0.02355177097783532  0.02355177097784531  0.02355177097785531
  0.02355177097786531  0.02355177097787531  0.02355177097788531  1.00000000000000000
  0.18163621028264365  0.18491609200920875  0.19016834501134611  0.20274332534900794
  0.26305804322218390  0.27522050147351096  0.27998357429355386  0.28474664711359671
  0.28950971993363955  0.29427279275368240  0.29903586557372519  0.30379893839376804
  0.30856201121381083  0.31332508403385367  0.31808815685389646  0.32285122967393926
  0.32761430249398210  0.33237737531402489  0.41208048293727373  0.51060086584298880
  0.60912124874870399  0.70764163165441896  0.80616201456013414  0.83583957548948151
  0.83930025069076475  0.84276092589204799  0.84622160109333122  0.84968227629461457
  0.85314295149589781  0.85660362669718104  0.86006430189846428  0.86352497709974751
  0.86698565230103064  0.87044632750231388  0.87390700270359711  0.87736767790488035
  0.88082835310616359  0.88428902830744682  0.88774970350873006  0.89121037871001330
  0.89467105391129653  0.91819920119498100  0.92158463770895083  0.92497007422292055
  0.92835551073689027  0.93174094725086010  0.93512638376482982  0.93791489165124475
  0.93930307231424903  0.94069125297725320  0.94207943364025748  0.94346761430326176
  0.94485579496626593  0.94624397562927021  0.94763215629227449  0.94902033695527876
  0.95040851761828293  0.95179669828128721  0.95318487894429149  0.95457305960729566
  0.95596124027029994  0.95734942093330422  0.95872624052682498  0.96007540942854974
  0.96142457833027462  0.96277374723199938  0.96412291613372425  0.96547208503544901
  0.96682125393717389  0.96817042283889865  0.96951959174062352  0.97086876064234828
  0.97221792954407316  0.97356709844579792  0.97491626734752279  0.97626543624924766
  0.97761460515097243  0.97896377405269730  0.98015830397304915  0.98132546256286979
  0.98249262115269043  0.98365977974251106  0.98482693833233170  0.98599409692215234
  0.98716125551197298  0.98832841410179362  0.98949557269161426  0.99066273128143489
  0.99182988987125553  0.99299704846107617  0.99416420705089681  0.99533136564071745
  0.99649852423053809  0.99766568282035872  0.99883284141017936  1.00000000000000000
  0.00923978885014849  0.16994413662760893  0.17322160658855115  0.17649907654949334
  0.17977654651043556  0.18305401647137776  0.18633148643231995  0.18999820709921844
  0.19388060066129487  0.19776299422337129  0.20164538778544774  0.20552778134752417
  0.24005752198821803  0.35443440760471906  0.43833182445426494  0.44137039235327435
  0.44440896025228377  0.44744752815129313  0.45048609605030254  0.45352466394931196
  0.45656323184832137  0.45960179974733079  0.46264036764634020  0.46567893554534967
  0.46871750344435908  0.47175607134336850  0.47479463924237797  0.47783320714138738
  0.48087177504039680  0.48391034293940621  0.48694891083841563  0.48998747873742499
  0.49302604663643440  0.49606461453544382  0.49910318243445323  0.58061914067788867
  0.69499602629438972  0.75753572771625710  0.77205266884814949  0.78656960998004211
  0.80108655111193461  0.81367009675497837  0.81914335860843557  0.82461662046189277
  0.83008988231534997  0.83401677274624053  0.83569433337528787  0.83737189400433520
  0.83904945463338254  0.84072701526242988  0.84240457589147721  0.84408213652052455
  0.84575969714957200  0.84743725777861934  0.84911481840766667  0.85079237903671401
  0.85246993966576134  0.85414750029480868  0.85582506092385602  0.85750262155290335
  0.85918018218195069  0.86085774281099803  0.86253530344004536  0.86421286406909270
  0.86589042469814004  0.86756798532718737  0.86924554595623471  0.87092310658528205
  0.87260066721432938  0.87427822784337672  0.87599479792351420  0.87774082633722061
  0.87948685475092714  0.88123288316463355  0.88297891157834008  0.88472493999204649
  0.88647096840575301  0.88821699681945943  0.88996302523316595  0.89170905364687236
  0.89345508206057889  0.89520111047428530  0.90091747124212807  0.90888748828040700
  0.91685750531868582  0.92482752235696464  0.93279753939524346  0.94076755643352228
  0.94873757347180110  0.95670759051007992  0.96440799016486578  0.97203929940656708
  0.97961537381030728  0.98641024920687148  0.99320512460343569  1.00000000000000000
  0.11748969157536827  0.11858872111228273  0.11968775064919721  0.12078678018611166
  0.12188580972302612  0.12298483925994060  0.12408386879685505  0.12560198124906793
  0.12921926501409142  0.13283654877911494  0.13645383254413845  0.14007111630916194
  0.14368840007418546  0.14791566658689712  0.15303156136971252  0.15814745615252795
  0.16326335093534336  0.16837924571815877  0.17349514050097412  0.17861103528378947
  0.18372693006660482  0.18884282484942019  0.19395871963223554  0.19907461441505089
  0.20419050919786627  0.22900185743652360  0.33766611004361075  0.43810732170196404
  0.44558087193387536  0.45305442216578662  0.46052797239769794  0.46800152262960937
  0.47547507286152074  0.48294862309343206  0.49042217332534338  0.49789572355725464
  0.57806840192914988  0.68673265453623722  0.68910280358334852  0.69071700604819930
  0.69233120851305019  0.69394541097790097  0.69555961344275175  0.69717381590760252
  0.69878801837245330  0.70040222083730419  0.70201642330215497  0.70363062576700575
  0.70524482823185652  0.70685903069670730  0.70847323316155808  0.71008743562640897
  0.71170163809125975  0.71331584055611053  0.71493004302096141  0.71654424548581219
  0.71815844795066297  0.71977265041551386  0.72138685288036464  0.72300105534521542
  0.72461525781006630  0.72622946027491708  0.72784366273976786  0.72945763353552218
  0.73107055178778935  0.73268347004005663  0.73429638829232391  0.73590930654459119
  0.73752222479685836  0.73913514304912564  0.74074806130139292  0.74236097955366021
  0.74397389780592749  0.74558681605819466  0.74719973431046194  0.74881265256272922
  0.75074378516673745  0.75356273944866203  0.75638169373058661  0.75920064801251130
  0.76201960229443588  0.76483855657636046  0.76765751085828504  0.77047646514020973
  0.77286499309477041  0.77519113270863993  0.77751727232250933  0.77984341193637885
  0.78216955155024837  0.78449569116411788  0.78682183077798740  0.78914797039185680
  0.79147411000572632  0.89133574739290589  0.96040213505427030  1.00000000000000000
 -0.00412842107402667  0.00155071989017801  0.00310143978035602  0.00465215967053403
  0.00620287956071205  0.00775359945089006  0.00930431934106807  0.01085503923124609
  0.01240575912142410  0.01395647901160211  0.01550719890178013  0.01705791879195814
  0.01860863868213615  0.02015935857231416  0.02192578961424402  0.02385804293121815
  0.02579029624819227  0.02772254956516640  0.02965480288214052  0.03158705619911465
  0.03351930951608877  0.03545156283306290  0.03738381615003702  0.03931606946701115
  0.04124832278398527  0.06366803207728973  0.06567501827202993  0.06768200446677015
  0.06968899066151037  0.07169597685625058  0.07370296305099079  0.07570994924573100
  0.07771693544047122  0.07972392163521143  0.08173090782995164  0.08373789402469187
  0.08574488021943209  0.08775186641417233  0.08975885260891256  0.09176583880365280
  0.09377282499839304  0.09577981119313327  0.09778679738787351  0.09979378358261373
  0.10180076977735397  0.10380775597209421  0.10581474216683442  0.10782172836157464
  0.10982871455631485  0.11183570075105506  0.11384268694579527  0.11584967314053549
  0.11785665933527570  0.11986364553001591  0.12187063172475612  0.12387761791949634
  0.17056844450522235  0.18971919795753864  0.19237301429365636  0.19502683062977411
  0.19768064696589183  0.20033446330200957  0.20298827963812729  0.20564209597424504
  0.20829591231036276  0.21094972864648054  0.21360354498259829  0.21625736131871606
  0.21891117765483384  0.22156499399095159  0.22421881032706936  0.22687262666318711
  0.22952644299930489  0.23218025933542261  0.23483407567154035  0.23748789200765807
  0.24014170834377582  0.24279552467989354  0.24544934101601129  0.24810315735212901
  0.27948964572675933  0.38287514616239327  0.48626064659802726  0.58964614703366114
  0.69303164746929513  0.79641714790492912  0.83717997628781737  0.84316299426841912
  0.84914601224902087  0.85501464475507905  0.86028652779951176  0.86555841084394447
  0.87083029388837718  0.88367355267206826  0.88367355267207826  1.00000000000000000
  0.08226161797841386  0.09430001916975261  0.10535581850892456  0.11721090955212068
  0.15795292860321372  0.25012865630426784  0.25319399350947397  0.25625933071468016
  0.25932466791988629  0.26239000512509247  0.26545534233029866  0.26852067953550479
  0.27158601674071098  0.27465135394591716  0.27771669115112341  0.28078202835632959
  0.28384736556153578  0.28691270276674197  0.28997803997194821  0.29304337717715440
  0.29610871438236053  0.29917405158756671  0.30223938879277290  0.30530472599797903
  0.30837006320318522  0.31143540040839141  0.37521094619309986  0.47129060962969610
  0.56737027306629229  0.66344993650288853  0.66796656066429549  0.66931148240425919
  0.67065640414422301  0.67200132588418682  0.67334624762415052  0.67469116936411433
  0.67603609110407814  0.67738101284404184  0.67872593458400565  0.68007085632396946
  0.68141577806393316  0.68276069980389698  0.68410562154386079  0.68545054328382449
  0.68679546502378830  0.68813272100209266  0.68946154333136811  0.69079036566064345
  0.69211918798991878  0.69344801031919423  0.69477683264846957  0.69610565497774490
  0.69743447730702035  0.69876329963629569  0.70009212196557102  0.70142094429484636
  0.70274976662412181  0.70407858895339714  0.70540741128267248  0.70673623361194793
  0.70806505594122326  0.70939387827049860  0.71072270059977405  0.71205152292904939
  0.71338034525832483  0.71470916758760017  0.71603798991687562  0.71736681224615095
  0.71869563457542640  0.72002445690470174  0.72135327923397718  0.72268210156325252
  0.72401092389252786  0.72533974622180331  0.72666856855107864  0.72799739088035409
  0.72950771983948448  0.73234826444229895  0.73518880904511341  0.73802935364792788
  0.74086989825074234  0.74371044285355681  0.74655098745637127  0.74939153205918574
  0.75194874495463115  0.75442872113886272  0.75690869732309429  0.75938867350732586
  0.76186864969155732  0.76434862587578889  0.76682860206002046  0.76930857824425203
  0.77425027290980009  0.77425027290981008  0.77425027290982007  1.00000000000000000
  0.64112358887990306  0.64287675795622501  0.64462992703254696  0.64847350557571504
  0.65689289760711878  0.66531228963852251  0.72870800890320453  0.73352537917760752
  0.73791129994435822  0.74229722071110904  0.74668314147785975  0.75106906224461045
  0.75545498301136116  0.75984090377811186  0.76422682454486257  0.76861274531161328
  0.77299866607836398  0.77738458684511480  0.78177050761186551  0.78615642837861632
  0.79054234914536714  0.84664849498788397  0.87563384411597012  0.87666192124190079
  0.87768999836783146  0.87871807549376213  0.87974615261969291  0.88077422974562358
  0.88180230687155425  0.88283038399748492  0.88385846112341571  0.88488653824934638
  0.88591461537527705  0.88694269250120772  0.88797076962713850  0.88899884675306917
  0.89002692387899984  0.89105500100493051  0.89208307813086130  0.89311115525679197
  0.89413923238272264  0.89516730950865331  0.89615922166463502  0.89708460568367765
  0.89800998970272028  0.89893537372176291  0.89986075774080554  0.90078614175984817
  0.90171152577889080  0.90263690979793332  0.90356229381697595  0.90448767783601858
  0.90541306185506121  0.90633844587410384  0.90726382989314647  0.90818921391218910
  0.90911459793123173  0.91003998195027436  0.91096536596931688  0.91189074998835951
  0.91281613400740214  0.91374151802644477  0.91466690204548740  0.91559228606453003
  0.91651767008357266  0.91726952098421199  0.91798806912839426  0.91870661727257652
  0.91942516541675878  0.92014371356094105  0.92086226170512331  0.92158080984930568
  0.92229935799348794  0.92301790613767021  0.92373645428185247  0.92445500242603473
  0.92517355057021700  0.92589209871439926  0.92661064685858152  0.92732919500276378
  0.92804774314694605  0.92876629129112831  0.92948483943531057  0.93020338757949284
  0.93092193572367510  0.93164048386785736  0.93235903201203962  0.93307758015622200
  0.93379612830040426  0.93451467644458652  0.93523322458876879  0.93595177273295105
  0.93667032087713331  0.93738886902131557  0.97423297564188638  1.00000000000000000
   1.0984994391137600E-008  -1.0000000000000000     
 F F F F F F F F F F F F F F F F F F F F F F F F F F F F F F F F F F F F F F F F F F F F F F F F F F F F F F F F F F F F F F F F
  <DiscreteSampler_grid>
  grouped_processes
  1 # 1 for a reference and 2 for a running grid.
  10 # Attribute 'min_bin_probing_points' of the grid.
  1 # Attribute 'grid_mode' of the grid. 1=='default',2=='initialization'
  0.0000000000000000 # Attribute 'small_contrib_threshold' of the grid.
  0.5000000000000000 # Attribute 'damping_power' of the grid.
 # binID   n_entries weight   weight_sqr   abs_weight
    10   10   4.287631879714144E+002   6.330439899411274E+005   4.287631879714144E+002
  </DiscreteSampler_grid>
