  0.00353577259861550  0.01131316791658487  0.02208158826081204  0.03586889804666162
  0.05123466422762740  0.06749525893112399  0.08345958411902714  0.09866474737536954
  0.11183768955443864  0.12228408336291027  0.13227100572577896  0.14230442692913814
  0.15429159883887464  0.16753184604008287  0.18034622703227035  0.19302640944824540
  0.20636208739145598  0.21667967552122647  0.22661612289102970  0.23587928600792304
  0.24519697302859553  0.25368483498848571  0.26236751851052265  0.27114958509590453
  0.28092442042040783  0.29148547840203098  0.30288725083896390  0.31552461139631272
  0.32774479453546590  0.33894629804235188  0.34954489756993373  0.35952505809220631
  0.36917763721173935  0.37966191191369297  0.39103326176223568  0.40190500199120527
  0.41200947024733403  0.42155247178031946  0.43080514405111664  0.44092639606788742
  0.45240859645664350  0.46453765043608730  0.47592830810039832  0.48686950833986919
  0.49808290063817945  0.50907717814988884  0.51961276105186172  0.53188489716185816
  0.54301811721399607  0.55309519004222607  0.56209196182470000  0.57062069282589278
  0.58031925879020829  0.58975821379369331  0.60028297971451949  0.61182067066557344
  0.62342161397702778  0.63479545981461483  0.64524296172225570  0.65478419079999173
  0.66457085541362737  0.67575319104745579  0.68564931783525640  0.69309300768331727
  0.69988531242645424  0.70778082685233978  0.71718015383153322  0.72846987115874307
  0.73969212279914376  0.75026280479027185  0.76046587326954318  0.77082290734887116
  0.78105799374616447  0.79176453381103917  0.80178914341116747  0.81228369707365866
  0.82390168346048298  0.83541589983703057  0.84651863066707411  0.85780146667687052
  0.86990694086356091  0.88077881504765243  0.88993987934195562  0.89932747163967486
  0.90935659439877858  0.91975003088541862  0.92996959616918540  0.93966316916434900
  0.94906541609040962  0.95791668510936223  0.96570749412148660  0.97291377030594584
  0.98008957373246597  0.98652245843930408  0.99229211423695429  1.00000000000000000
  0.00000869431978570  0.00000999167580802  0.00001212668603482  0.00001491516228826
  0.00001848005219198  0.00002292100150083  0.00002766720173352  0.00003267302466449
  0.00003802784770418  0.00004403046695012  0.00005084512862856  0.00005839617581929
  0.00006501965275006  0.00007085746848041  0.00007706832667328  0.00008464658594934
  0.00009437985974864  0.00010496134098582  0.00011556835207825  0.00012674365308977
  0.00013919890570936  0.00015157233906701  0.00016337470308579  0.00017485185035127
  0.00018740825916828  0.00019991734527097  0.00021443812330341  0.00022935500184952
  0.00024713378359495  0.00026604028040153  0.00028417824293367  0.00030223663589000
  0.00032038836863537  0.00033903792000724  0.00035922427423834  0.00038093781884621
  0.00040154064995016  0.00042231029107391  0.00044358307279959  0.00046561326834823
  0.00048967421187826  0.00051298124567254  0.00053900179395715  0.00056623202054085
  0.00059781355536473  0.00063513809207014  0.00067496563916693  0.00071460203523077
  0.00075191180763014  0.00078656468772982  0.00082020007193303  0.00085643198894306
  0.00089588104462710  0.00094602178046090  0.00099892247726734  0.00105083706943144
  0.00110335285916020  0.00115601589666997  0.00120586524083013  0.00126406136218828
  0.00132060723027946  0.00137572287896269  0.00143224059748464  0.00148953198975293
  0.00155223135407975  0.00161743433628923  0.00169068453824695  0.00177909013825352
  0.00187772538726867  0.00197506844234229  0.00207337190872083  0.00218468665241373
  0.00232827564883356  0.00249391886016216  0.00267578514758811  0.00287767439394992
  0.00307993981180426  0.00330028683004140  0.00355088758728695  0.00384623990873622
  0.00422569063072674  0.00467217880094407  0.00517650877464591  0.00580481250442945
  0.00649517317792322  0.00737385898433846  0.00844454026450010  0.00983667999399579
  0.01236308589326058  0.01624704390323681  0.02219962161035861  0.02918063516925660
  0.03940166388109591  0.12497481031812782  0.43778320068711218  1.00000000000000000
  0.00000716916126675  0.00000794473083484  0.00000849855980749  0.00000899487082657
  0.00000955853960419  0.00001019085870903  0.00001083923521640  0.00001151550245786
  0.00001222047723207  0.00001294096856044  0.00001369923045721  0.00001446839642810
  0.00001524457543806  0.00001607876020989  0.00001708114366946  0.00001818466494063
  0.00001944856350327  0.00002101438634017  0.00002280761334473  0.00002470526740314
  0.00002677156605037  0.00002902025649988  0.00003143627346526  0.00003405099214277
  0.00003688512571370  0.00004000191631686  0.00004320378154554  0.00004673152921009
  0.00005062295880856  0.00005487474496759  0.00005970119612325  0.00006445347572694
  0.00006973814387756  0.00007551031242664  0.00008189492108414  0.00008870759454478
  0.00009572793917672  0.00010343347528375  0.00011135206713190  0.00011979963463596
  0.00012933796518515  0.00013952053464232  0.00014974168070732  0.00015965010857496
  0.00016926656654876  0.00018003875566113  0.00019205492825888  0.00020756200643091
  0.00022734095777146  0.00025061632417612  0.00027554002942676  0.00030183625031946
  0.00032987465132996  0.00035981021839804  0.00039067068306741  0.00042170097730140
  0.00045326229239499  0.00048258105925496  0.00051541865380496  0.00054609323636539
  0.00057493363526513  0.00060857214258393  0.00064398353352693  0.00068173778485258
  0.00073001814822060  0.00077586059392737  0.00083027478350665  0.00089367562547925
  0.00096399893897828  0.00103947226652319  0.00111907452370555  0.00120287304730727
  0.00129643142036383  0.00140217556645216  0.00151868046473418  0.00165505915766889
  0.00181674687211074  0.00201026513412865  0.00222788541370653  0.00240634258571458
  0.00255581021743517  0.00270481908197051  0.00289083542943481  0.00311575268711737
  0.00337983368242709  0.00373320411126430  0.00429847474570655  0.00501923922770824
  0.00583401347348803  0.00677004658557268  0.00806279865957044  0.01024520333631489
  0.01357287289338091  0.01962593979374096  0.23879991918812399  1.00000000000000000
 -0.00331752590611141  0.01644597279102333  0.03273726911440561  0.04811384484243793
  0.06134876077795558  0.07529179599666218  0.09185914790185119  0.11024247415712933
  0.12726968528608368  0.14291619844611472  0.15761094030399206  0.17406713820616909
  0.18970722987501160  0.20535431425254097  0.22035413759518244  0.23391645816235343
  0.24418908900913217  0.25502104739804082  0.26772907550129404  0.28223334705861070
  0.29616816706716514  0.30888733913577543  0.32179764904863695  0.33399676513230708
  0.34433095418280946  0.35319378306938648  0.36242788414312732  0.37148385221732227
  0.38187955215377317  0.39202738235169815  0.40389448308465625  0.41734152558018500
  0.43020192938924484  0.44289624693834595  0.45616011039039045  0.46889600089563765
  0.48019321043769869  0.48908513482953120  0.49787429400752442  0.50680643381548107
  0.51620782915722907  0.52612675345451732  0.53612859417836178  0.54648263190072999
  0.55666619855671973  0.56628670518043489  0.57552455400391933  0.58490652132597820
  0.59450095411533010  0.60408226370096041  0.61318271279356895  0.62171314848416814
  0.63048403662715580  0.63962173055111105  0.64928583726464228  0.65968344244207910
  0.66975771615641744  0.67965787558387003  0.68960161657529828  0.69988087476287386
  0.71072210190244389  0.72114278432353696  0.73157884336714174  0.74229715848959343
  0.75186771729809665  0.76033542727805747  0.76849397800882535  0.77661052095996286
  0.78503702549051813  0.79426219095606188  0.80343247178893995  0.81266845948780098
  0.82220650009453189  0.83184395730330252  0.84033831756221433  0.84871324326623288
  0.85702925123090712  0.86505563085078530  0.87318469277146371  0.88162337631257193
  0.89032253288093133  0.89894541029119290  0.90771224347065582  0.91630280424819333
  0.92485389931515638  0.93295827122521424  0.94001152601283200  0.94624216080071200
  0.95234199273705444  0.95866529584395654  0.96536375936818841  0.97222870057910216
  0.97875639699194450  0.98599921474520957  0.99310989343079159  1.00000000000000000
 -0.00210530364719240  0.00967243692405104  0.01938970210971321  0.02670820450932930
  0.03339349148178604  0.04001492050602464  0.04730022545339865  0.05566819690093379
  0.06498873974770249  0.07424856123243818  0.08372795439096023  0.09386725874801985
  0.10410037485417063  0.11347464834467443  0.12295859232598076  0.13094028666125948
  0.13816782490243884  0.14565131678577045  0.15420921033890983  0.16309375435686885
  0.17230175481627161  0.18167909680697181  0.19123039788972523  0.20115243914400635
  0.21136606746596098  0.22209848910282110  0.23418834842146566  0.24684782557713644
  0.25884003051692422  0.26950092710237783  0.28073932750836617  0.29263141445019580
  0.30473428418626214  0.31661114138270363  0.32790573317605676  0.33849047009586536
  0.35012202148000365  0.36123344765491594  0.37153732915527571  0.38181793646759521
  0.39196035281892350  0.40263047741126445  0.41440516836933350  0.42714937884197807
  0.43945791348695185  0.45028922262794530  0.46077847950528383  0.47105123343894328
  0.48246185880997672  0.49494761387024522  0.50686794061901264  0.51912619914523961
  0.52924141711132577  0.54009546255744467  0.55080434459249883  0.56339602030467839
  0.57519628690703606  0.58611673574819023  0.59562064283325078  0.60529877876488092
  0.61500098710334272  0.62592257700635801  0.63597570820041682  0.64515240064644019
  0.65381725000734348  0.66255780252741481  0.67255665748120330  0.68341606611149464
  0.69430938933604247  0.70608849519650985  0.71803771568208408  0.73158513917774559
  0.74496613778260168  0.75818385488878193  0.77070437917706980  0.78272221818571130
  0.79467101381429428  0.80699329418300314  0.81973619246331197  0.83282697143263151
  0.84437772109676756  0.85559705028419797  0.86566292510424403  0.87389164405490505
  0.88273311252301601  0.89163666143695997  0.90215777716674683  0.91377009463566172
  0.92477777607792966  0.93530434421101150  0.94608946697006069  0.95724834178894536
  0.96814962013982664  0.97850010085807382  0.98901870161724093  1.00000000000000000
 -0.00196864436960231  0.00788805131916376  0.01749453887284109  0.02904292614816935
  0.04063218533575520  0.05176359224074049  0.06243901677639430  0.07369921148299333
  0.08537071902278617  0.09704158531947377  0.10828225288797184  0.12014675291244352
  0.13332102541292656  0.14606093582855681  0.15816409704134368  0.16992243956170183
  0.18030347828559834  0.19149054693054826  0.20285763948462121  0.21399389812137817
  0.22521129839960558  0.23528353815362674  0.24505452638023070  0.25503651691206741
  0.26545599238414691  0.27618624924392704  0.28727338126510155  0.29837762673806717
  0.30967124075650365  0.32025630523520943  0.33056541495317887  0.34108597880200209
  0.35148971544817925  0.36179278996151953  0.37275709161123199  0.38428181530748623
  0.39558997446439292  0.40463755116208072  0.41230305258801914  0.41987256774838394
  0.42813222594807770  0.43739479142427407  0.44669198021826706  0.45530232658265396
  0.46418852589100723  0.47321676704926602  0.48224089124736058  0.49215899621577175
  0.50262615829334401  0.51363350486517168  0.52359401988155430  0.53220100045557706
  0.54043193200797179  0.54941097205817435  0.55946459277585181  0.57037060768896075
  0.58121373380015262  0.59282107515972571  0.60512549724167797  0.61652774984891412
  0.62688241880820827  0.63683765220944100  0.64733328523173195  0.66041194038267925
  0.67448623733943636  0.68739474996983629  0.70075989580989773  0.71273531638445264
  0.72526434242982918  0.73681826414638751  0.74865415059752249  0.76010930278699118
  0.77116926785714612  0.78285998191962947  0.79395418024423581  0.80395322436473460
  0.81358229862318254  0.82309048684863284  0.83337860218535909  0.84251832090643808
  0.84985094028554098  0.85699368845041635  0.86423212552566797  0.87267933516817142
  0.88210384639242978  0.89152014373546618  0.90153647902422973  0.91207208686246399
  0.92227457425460868  0.93248002358742099  0.94410108073669863  0.95594127475760948
  0.96715716597511736  0.97827977276842049  0.98894664039558688  1.00000000000000000
  0.00001991757574856  0.00042949922512748  0.00116158360451852  0.00188644634358204
  0.00252653956992953  0.00321252673077512  0.00393314927992339  0.00467003758043131
  0.00542691773753159  0.00620507167651165  0.00699997844950398  0.00780284661488656
  0.00860096360964235  0.00934967560312942  0.01008607350981005  0.01079669751657939
  0.01150958325885387  0.01225191288108424  0.01300554405325738  0.01382399528970311
  0.01464910249081752  0.01546845381285194  0.01625460797705878  0.01700687772013882
  0.01777390650995778  0.01863230343427291  0.01942862561627307  0.02018971565743760
  0.02090819294117256  0.02156288617801186  0.02219614809379692  0.02285472589296138
  0.02355908592363482  0.02429559696800331  0.02505430950142692  0.02587649290042570
  0.02677943260436279  0.02771360354407543  0.02863303450039432  0.02954575204651501
  0.03044837322869761  0.03138099790324902  0.03227511767153232  0.03322754419096128
  0.03417233865664377  0.03506618780465797  0.03594259140714434  0.03680466845860124
  0.03778290031169117  0.03895778387717709  0.04008591623647199  0.04113783869140960
  0.04221903333743267  0.04346469826902322  0.04480432687169873  0.04628744742779060
  0.04763251581654239  0.04887439269555890  0.04996877567213275  0.05114275989767676
  0.05244973190916995  0.05384230012575324  0.05530677949827654  0.05698052463875611
  0.05878637251153247  0.06093922969481289  0.06310517631072696  0.06502330437143829
  0.06663859339365084  0.06810178780066715  0.06984862226300849  0.07166888545390415
  0.07424323007795287  0.07680457712169529  0.07877679175275265  0.08070167812637953
  0.08217301545532886  0.08385353513641405  0.08665947650542991  0.08928855575057162
  0.09225047813671727  0.09639617564670354  0.10133776673501818  0.10534174189237433
  0.11006056708615064  0.11375455265810473  0.11895553462150910  0.12545128841296879
  0.13291709759065373  0.14753480085967252  0.16809320783106105  0.18974375146718356
  0.19421219540721055  0.20254423981739222  0.27349781106699445  1.00000000000000000
 -0.00450366934750344  0.02128702438982859  0.04119489974412342  0.06060340967268987
  0.07777174832835686  0.09446265613811086  0.11058898974433713  0.12559837319887265
  0.13898703624864592  0.15075595311837967  0.16245149302463111  0.17404094086296887
  0.18782560699297529  0.20073666965668871  0.21295284904029152  0.22337473815139811
  0.23307438871679759  0.24308695449432408  0.25389516849502503  0.26548690806512304
  0.27733165700083606  0.28854902544316541  0.29839289414738168  0.30766923730110068
  0.31592235719136935  0.32457441210112403  0.33367435329495765  0.34299630028029371
  0.35286145323475160  0.36306630752400532  0.37274530921006949  0.38080989777120383
  0.38744754897158606  0.39440388065929111  0.40149157510659195  0.40788426900463487
  0.41412063007456557  0.42076705539714027  0.42729779259065642  0.43349884774866115
  0.43968685621454739  0.44641843150106997  0.45329979155342420  0.46060671481490151
  0.46814718870819083  0.47480777102934657  0.48139952696127236  0.48809822273844100
  0.49535767585069695  0.50357317254092004  0.51168310693327923  0.51950965540596372
  0.52603732543214965  0.53263031546778550  0.53975865891550501  0.54714611873439234
  0.55452194199849092  0.56170854953333460  0.56882879520736085  0.57594339828137253
  0.58329956916552861  0.59224958703524933  0.60214979266513680  0.61229440839109472
  0.62275027273570982  0.63265206585382083  0.64089721987567261  0.64912147315203927
  0.65658907184127646  0.66452010029469255  0.67443126857413227  0.68423249675558950
  0.69505051028393228  0.70636627086186266  0.71833769113483581  0.73012985294775168
  0.74065805169260490  0.75149034356600519  0.76252192237582095  0.77430317337697119
  0.78605713723686443  0.79714611159553095  0.80782140767238964  0.81939090137753634
  0.83304341037098517  0.84597683683265446  0.85708293142903591  0.86811384178609063
  0.88054434788254787  0.89412886792083568  0.91054279673765859  0.92774094332188550
  0.94480421468711262  0.96246334696556612  0.98018060796967510  1.00000000000000000
  0.13539618304976336  0.62672002155194328  0.65897682352390852  0.68555202623180278
  0.71027562291027835  0.72988621346938587  0.74632790811233329  0.76021681161676702
  0.77208649004639185  0.78323379876677868  0.79388846125519763  0.80400903489231812
  0.81364766709205305  0.82316700145931032  0.83255426355491213  0.84108623349190481
  0.84878269086123237  0.85575199666357527  0.86201255877528693  0.86818259499287931
  0.87402090958487100  0.87922037124342034  0.88385707160974003  0.88829874696255451
  0.89291676956771127  0.89759912884200066  0.90214310237304496  0.90663909321079694
  0.91095031812991734  0.91499539710470845  0.91857151014349481  0.92188973661417961
  0.92513338030472891  0.92823376272615199  0.93116257521686718  0.93412468891112366
  0.93719709595745648  0.93986907119169250  0.94232603558678063  0.94463468603169887
  0.94694495117159605  0.94928603022048941  0.95147092302394576  0.95340697362154514
  0.95516505859792589  0.95681258076893283  0.95830196230813491  0.95962134750974004
  0.96085726553215456  0.96213629504889586  0.96345567353047223  0.96477345776376477
  0.96608747559363939  0.96738091940288717  0.96869356711437438  0.97003837442505103
  0.97132561873678480  0.97252159485522349  0.97363711938918196  0.97469256733812715
  0.97570996621164796  0.97669728174866299  0.97763271181309475  0.97850100497345527
  0.97925939380328886  0.97999455231020838  0.98069377806480729  0.98137089344147654
  0.98204755016928713  0.98264855959046760  0.98329218610834945  0.98396065502795316
  0.98461133411488644  0.98523538174086067  0.98583799643778758  0.98641242048365274
  0.98711636461417041  0.98784129470381110  0.98858328024056619  0.98933760200722276
  0.99008470032507623  0.99082595884875768  0.99155008879058470  0.99223407321245594
  0.99289653651317622  0.99355743533582375  0.99412454142791440  0.99467347566232012
  0.99521027728514999  0.99573434977999553  0.99626237361463843  0.99683466646928687
  0.99744594671554376  0.99812226144450367  0.99895024871632143  1.00000000000000000
   3.7226772412471859E-008  -1.0000000000000000     
 F F F F F F F F F F F F F F F F F F F F F F F F F F F F F F F F F F F F F F F F F F F F F F F F F F F F F F F F F F F F F F F F
  <DiscreteSampler_grid>
  grouped_processes
  1 # 1 for a reference and 2 for a running grid.
  10 # Attribute 'min_bin_probing_points' of the grid.
  1 # Attribute 'grid_mode' of the grid. 1=='default',2=='initialization'
  0.0000000000000000 # Attribute 'small_contrib_threshold' of the grid.
  0.5000000000000000 # Attribute 'damping_power' of the grid.
 # binID   n_entries weight   weight_sqr   abs_weight
    10   10   2.315303160632032E+004   5.327795553874357E+009   2.315303160632032E+004
  </DiscreteSampler_grid>
