  0.00252227470994219  0.01494823239806478  0.02675019053845860  0.03816046560168431
  0.04915531341417903  0.05980998379588153  0.07076460314629252  0.08295490067188184
  0.09577953286243135  0.10748126241104328  0.11715542207139154  0.12620616076005489
  0.13640455662983494  0.14711311655425857  0.15819577863515910  0.16987966367077073
  0.18268002542835970  0.19524393986827185  0.20742246086317703  0.21925686862369820
  0.22995983719095051  0.23962424855668724  0.24901165455677424  0.26018736107128115
  0.27147008015314267  0.28176113361517241  0.29218065842689112  0.30342011038744349
  0.31517497154331364  0.32591121492055458  0.33516901656140924  0.34366617544655997
  0.35262479181405920  0.36209961725195888  0.37102355363263312  0.37994002963890389
  0.38922563237434576  0.39979563531527124  0.41027191223068993  0.42024992737681943
  0.43053009238066381  0.44155224689986899  0.45264322913437188  0.46214125662292938
  0.47200116079631999  0.48262212618233669  0.49398110488788716  0.50508414602533769
  0.51651561317492012  0.52810114170398081  0.54053521525901616  0.55323207831527232
  0.56556915443836431  0.57758995925940515  0.58908835881116850  0.60105063245660406
  0.61247834237796273  0.62388744202075841  0.63518042356041149  0.64640618386031279
  0.65745049296096147  0.66850659885772068  0.68002954261571624  0.69088948194326738
  0.70072637017344841  0.71021774767332202  0.72050569332564474  0.73116496151018517
  0.74154288406900171  0.75240548403725038  0.76297490127486967  0.77322259793180936
  0.78321891829771151  0.79318758637048570  0.80063115826523468  0.80750950023544832
  0.81452468504791420  0.82252916564476952  0.83272829984730523  0.84347110337754605
  0.85407989685970309  0.86525500755808527  0.87723858441602720  0.89012233156220555
  0.90255898631238840  0.91427349511864775  0.92494026900575987  0.93519263798867402
  0.94463894922862102  0.95398168844385534  0.96216264267800022  0.96992922145621152
  0.97742538114491118  0.98539300173963484  0.99243925695576052  1.00000000000000000
  0.00000845652246717  0.00001027337131616  0.00001280850561154  0.00001597602307717
  0.00001967491997743  0.00002418844466342  0.00002931214638009  0.00003541115304471
  0.00004233681556744  0.00005005530902967  0.00005849737633952  0.00006738294635050
  0.00007663635436868  0.00008638875040998  0.00009761865156420  0.00010941729602741
  0.00012221924352385  0.00013562286085547  0.00015063923548423  0.00016581811957179
  0.00018272087045805  0.00020054689422043  0.00021775809944370  0.00023490654341931
  0.00025314947106977  0.00027295494023575  0.00029509753257793  0.00031981587272293
  0.00034323668005623  0.00036609515331697  0.00038908498859197  0.00041020548168646
  0.00043139472733217  0.00045484400181386  0.00047906607760727  0.00050826513222817
  0.00053696943040074  0.00056659077571537  0.00059957865155579  0.00062856932942985
  0.00065509901833372  0.00068179427127859  0.00070943905448630  0.00073797289561821
  0.00076859041538222  0.00080375208887582  0.00084708645123425  0.00089374446052468
  0.00094621910751288  0.00100081038400656  0.00105165708590327  0.00110438422268150
  0.00115558675396115  0.00120424859983494  0.00125714528333143  0.00131376468376461
  0.00137934349702347  0.00144827185748127  0.00151596688564337  0.00159056336587460
  0.00166865475359476  0.00174558088617526  0.00183790781953305  0.00194169927323049
  0.00205723362842799  0.00218722350396035  0.00233392528157956  0.00249316755640182
  0.00265092521220427  0.00281882087766193  0.00298830358960671  0.00317903161065586
  0.00339902526548101  0.00364842767991938  0.00394293365234699  0.00425061971450558
  0.00457459826337831  0.00490291831039764  0.00525507654534924  0.00564849837196584
  0.00605762007459100  0.00651864497172502  0.00703198006108815  0.00768729757663169
  0.00842127210626744  0.00932506125350890  0.01038607447640637  0.01191009677356411
  0.01372202703933837  0.01568174540169641  0.01811219463638348  0.02164171690143349
  0.02864093644697021  0.04519342825607701  0.10246450426446700  1.00000000000000000
  0.00000739534917005  0.00000775933103338  0.00000807700421795  0.00000837891452172
  0.00000869686838234  0.00000902994475783  0.00000940150558210  0.00000978357217102
  0.00001017156836774  0.00001059384559544  0.00001115660537449  0.00001188952841104
  0.00001277240929919  0.00001373061409685  0.00001486891374064  0.00001611703693395
  0.00001742829947587  0.00001883097635563  0.00002029967785737  0.00002179988722641
  0.00002336186781701  0.00002505607863507  0.00002710819918492  0.00002968040159712
  0.00003245550824743  0.00003548731956469  0.00003878258341816  0.00004239225253651
  0.00004634137686355  0.00005044893472576  0.00005457685199592  0.00005868307081685
  0.00006323569129930  0.00006830901227522  0.00007417635843990  0.00008101456957954
  0.00008885517375038  0.00009761636086153  0.00010749109657026  0.00011850142094074
  0.00013075977370968  0.00014393959802400  0.00015779154545805  0.00017254025467982
  0.00018820173302007  0.00020487783991203  0.00022380121032447  0.00024366489984142
  0.00026555665709629  0.00029036003694513  0.00031542416897596  0.00034161734775075
  0.00037157869617443  0.00040436648413464  0.00044003061250011  0.00047157358472618
  0.00050425008418224  0.00054512274986346  0.00059088579568690  0.00064040526121865
  0.00068926349313898  0.00074262950949445  0.00080737328958406  0.00088044498754961
  0.00096261787896737  0.00106492796957453  0.00117823569262176  0.00130854022075463
  0.00146576608134318  0.00165173355975272  0.00186421713913829  0.00209654083845864
  0.00236733852571710  0.00265632714288122  0.00298977860485038  0.00340869051911698
  0.00388451338770526  0.00434280317265736  0.00479418321313985  0.00533145340953202
  0.00606244585072745  0.00712439976571359  0.00812138869330821  0.00913365979567649
  0.01051477874350811  0.01270350474233121  0.01466886047225862  0.01622810231636257
  0.01770328103494755  0.02006570198076542  0.02328243184358644  0.02866529575961716
  0.03584128017809590  0.04724119017138939  0.09492002186610489  1.00000000000000000
 -0.00176656204661938  0.00719278569694656  0.01488794325527168  0.02205654909049263
  0.03006403099664434  0.03792321077078854  0.04617443715489906  0.05373673741242564
  0.06150059757888309  0.06984030714341982  0.07872505818343914  0.08794432091433206
  0.09704204917437136  0.10576687482030397  0.11491841408982961  0.12396425591079098
  0.13214063354056349  0.14018180763042862  0.14851659823224692  0.15676242502734336
  0.16557485290325052  0.17420189248540452  0.18342361655134296  0.19253509423033371
  0.20204951107498637  0.21148749870766811  0.22165742372765559  0.23120941857235358
  0.24007585227198602  0.24910209552703672  0.25828050608266234  0.26733268992501807
  0.27644054341958013  0.28573319292846644  0.29568393506450524  0.30599374313455258
  0.31606773859784043  0.32609668621469928  0.33609713262850016  0.34642605193051706
  0.35632521961974239  0.36663941539564326  0.37756742502111307  0.38849752925816083
  0.39964709813764610  0.41122233693639415  0.42260700892908754  0.43423242429386727
  0.44641298094734472  0.45896215696596504  0.47070837575589092  0.48182993877201241
  0.49312061062728685  0.50481542311313710  0.51679823779264034  0.52828640197109944
  0.53939727012365257  0.55099251713443798  0.56356393611894506  0.57702128947101305
  0.58955499868489103  0.60076663385595375  0.61204524566537044  0.62370004659560196
  0.63356674752635722  0.64179659239457287  0.65021802708690657  0.66012530263724767
  0.67231605024495511  0.68528999026828596  0.69529960705137528  0.70516641008024772
  0.71484314896436596  0.72571132595750587  0.73944629023161912  0.75434778229176702
  0.76825000647927078  0.78213729968786994  0.79363724050305007  0.80444047900198601
  0.81582363940743174  0.82768453783675866  0.84077416791231407  0.85285893814643654
  0.86514794523044991  0.87769462996706571  0.88757023805194857  0.89838955700876055
  0.90880654719863896  0.92038555152992563  0.93162592363629915  0.94493871018382469
  0.95949419091685817  0.97326808865925440  0.98673225458180092  1.00000000000000000
 -0.00304135001879416  0.01158548398870275  0.02452875554721121  0.03557115571084699
  0.04494476007891576  0.05351013187233836  0.06256921442033876  0.07047949788412047
  0.08082833969224373  0.09193004721966667  0.10283321023205304  0.11308959596704525
  0.12294431691617880  0.13228396779641924  0.14107571382268713  0.14940024677495556
  0.15695836814463621  0.16475972695148303  0.17331469225648813  0.18276395899870906
  0.19443734243376593  0.20756316256105989  0.21986888601114751  0.23184326871844346
  0.23945105328089905  0.24845166456950601  0.25628610547176872  0.26487828045576162
  0.27370167177358540  0.28234657529760265  0.29085101394232532  0.30012182450111252
  0.30988050660271055  0.31930654062277641  0.32868944760963192  0.33955184381349740
  0.35196704696194486  0.36337845222502341  0.37360441622521867  0.38333233677483797
  0.39383861566575873  0.40480036715072770  0.41548763981598247  0.42582193996185924
  0.43651880262585285  0.44745782777004206  0.45852809393490873  0.46922291654837239
  0.47983984488350268  0.49018424540311833  0.50064724892311974  0.51086232392071129
  0.52167174007624750  0.53181495731363737  0.54210307634602528  0.55256745457731049
  0.56461629508279176  0.57760483626223769  0.59022029023819467  0.60365766182488134
  0.61487291044745529  0.62531821605556681  0.63476698285350208  0.64389495545419306
  0.65277130961618701  0.66146915793455918  0.67112776883099212  0.68084531773143975
  0.69005724381513767  0.69911630474763919  0.70850386976083490  0.71934199001549914
  0.73030441899149257  0.74088704060374022  0.75177200978741576  0.76426327876257427
  0.77705957691478045  0.78946748648445730  0.80145527527800731  0.81353285366704930
  0.82619808467047784  0.83982457670218003  0.85385360563682844  0.86712365672703973
  0.87936405696510833  0.89092565065823415  0.90298731605279081  0.91546469908645389
  0.92791461228935934  0.93928866956134305  0.94988519478637923  0.96010475627517189
  0.96985422354038009  0.97918104267760953  0.98903993694448966  1.00000000000000000
 -0.00231371721024125  0.01127508763581467  0.02265946649253822  0.03326391201906233
  0.04396725123963333  0.05496938795682330  0.06642236215852619  0.07875693725726315
  0.09080149901082457  0.10272624741589979  0.11417674221675957  0.12590505061094859
  0.13720256794360494  0.14853338231636501  0.15894331393721337  0.16917476849931232
  0.18011080557450940  0.19102846230364603  0.20270279852035611  0.21467181226803139
  0.22565476618125296  0.23560822099541426  0.24533072730535174  0.25514360238581640
  0.26715745400695262  0.27915373102152030  0.29034780414087491  0.30125071850030755
  0.31191668766322000  0.32315774805989628  0.33546629467846240  0.34761597861463439
  0.35898347578570439  0.36932608221024071  0.37961657380542801  0.39049828995336233
  0.40217266400434454  0.41455181802900282  0.42490737908764881  0.43534323761614446
  0.44608425681435354  0.45592037227126869  0.46491385938716079  0.47320520428909385
  0.48158756874271630  0.49081781956053355  0.50015265762346162  0.50964404017354192
  0.51961864944776659  0.53072323230725571  0.54283063067685344  0.55428093220266705
  0.56352025777415615  0.57174861609883543  0.58075259195342610  0.59049057914353342
  0.59867905493049556  0.60695473569204095  0.61539547817931761  0.62490098164103292
  0.63560905224122732  0.64776087514283187  0.65781289709878321  0.66805023340632086
  0.67806159749778383  0.68825701900143765  0.69900144630168182  0.70884226157087316
  0.71815339895437247  0.72782318923527489  0.73883564588724027  0.75139157024494563
  0.76443922052176883  0.77681237546625437  0.78834196339324092  0.79913707222369645
  0.80934786606345410  0.81947733363685327  0.83034958969775330  0.84093396030973300
  0.85230272259276774  0.86448925480295813  0.87679514593212016  0.88747216403342810
  0.89772718791174988  0.90643852277744286  0.91484517711833069  0.92305750830404787
  0.93352278271872680  0.94388936302714865  0.95502826496774018  0.96506907650856388
  0.97477837972262960  0.98343228656067816  0.99169551099363007  1.00000000000000000
 -0.00006990235584104  0.00093177778066106  0.00218570333150977  0.00356302847345977
  0.00477814478633318  0.00608960537754565  0.00739955087944032  0.00868693072513988
  0.00994887679876958  0.01116256885937825  0.01238803510211478  0.01361373462771624
  0.01480441685669187  0.01600838027849868  0.01723875801217650  0.01854173373723868
  0.01991646189296350  0.02119080639905829  0.02244921086440886  0.02375723817480063
  0.02515458648961520  0.02667845965917910  0.02828883427913573  0.02980815187165784
  0.03138295771129983  0.03286708699129021  0.03430627986605979  0.03570025332222485
  0.03695202586936370  0.03823334338914174  0.03954014808702697  0.04089336218580233
  0.04231868588969058  0.04357011272613282  0.04484070125067192  0.04601149860814035
  0.04702735588352168  0.04806592615080440  0.04922532979130212  0.05032450298108614
  0.05137180101713328  0.05239908821205574  0.05362667965152916  0.05506803121297214
  0.05639393830047747  0.05764428095907588  0.05880753777149526  0.05999816778230631
  0.06119949963510946  0.06230649803580262  0.06327264400299318  0.06421609390804685
  0.06514774364085890  0.06603577244290870  0.06657056197479271  0.06722684833281348
  0.06797583794354271  0.06894278693001178  0.06990140298490199  0.07085173234616951
  0.07216242127563756  0.07383437938982540  0.07520836601350614  0.07669227507454277
  0.07843802834669518  0.08036005907199800  0.08230084288358218  0.08465920439545502
  0.08742454709631618  0.09014022304203960  0.09256897780749984  0.09523830095137863
  0.09776265706223741  0.10142946796540055  0.10444880804739913  0.10715995374546443
  0.10845941461387210  0.10957419044857325  0.11068393123963867  0.11185757421866482
  0.11314931859593268  0.11492545070885801  0.11657654104185061  0.11815336084989672
  0.11971953217007128  0.12214692909251898  0.12350598371402682  0.12518902468470383
  0.12738812465934121  0.13067177574395913  0.13600995421047293  0.14062676804879717
  0.14570117750655390  0.15324501905085230  0.76892090487060460  1.00000000000000000
 -0.00342727343944476  0.01458621228491642  0.03056543934769355  0.04677903933413122
  0.06073932204096619  0.07374368651426766  0.08709731180218422  0.10055593815024359
  0.11439156290176883  0.12837826974460720  0.14244705780806338  0.15373622205585047
  0.16585376396036855  0.17838214654254225  0.19136251428256582  0.20356112247062541
  0.21603015271902068  0.22869984331953233  0.24147705661442798  0.25427604906300871
  0.26696044266111213  0.27760052285303982  0.28620514305473627  0.29434538124832965
  0.30244018886967505  0.31093043969214695  0.32032049273935981  0.32987458504393158
  0.33989242778697254  0.35000853021790324  0.35923798473552215  0.36715991496537459
  0.37487661699467578  0.38207350125911510  0.38909104029455260  0.39547687100603357
  0.40168828792248085  0.40835014490609051  0.41635674876152523  0.42599638975326809
  0.43486059216135842  0.44267680003362808  0.45002112112178549  0.45722677382999494
  0.46520304725964645  0.47365608740977549  0.48265330609398571  0.49001880246427504
  0.49657925751107757  0.50239852478372560  0.50789020501961291  0.51359865277223715
  0.52022872396775510  0.52846762850139983  0.53700483569354007  0.54584239839499571
  0.55455991884470845  0.56308706336008063  0.57178187694400195  0.58041952501152216
  0.58933867812855079  0.59840955954478015  0.60749807260315314  0.61681990444849311
  0.62619724834920776  0.63526134151317926  0.64403184952770487  0.65243834811463786
  0.66027460930269377  0.66836212477042523  0.67675838066738037  0.68571473084191814
  0.69549244767709251  0.70599253733434653  0.71644754260461307  0.72670939009703583
  0.73659657904284859  0.74706012701591751  0.75792903180859039  0.76779404784144145
  0.77760080869389991  0.78839919210487486  0.80152490221682926  0.81538263352593954
  0.83021512610293424  0.84703049403731157  0.86379210098342230  0.88068772281950891
  0.89571102204144704  0.91059184984632136  0.92598057156464852  0.94150376052697970
  0.95765716960633629  0.97143644574247667  0.98584541015990312  1.00000000000000000
  0.49325883704621126  0.58855851581773821  0.62357890854079057  0.65344644141050501
  0.67836234786441307  0.69901971776560190  0.71657495613821331  0.73259921070963119
  0.74771821031204810  0.76128784486931766  0.77343336728498724  0.78423778627436846
  0.79500562259005081  0.80569626211278556  0.81592338035132717  0.82474914443899427
  0.83282734607554720  0.84021159239275223  0.84745427676853546  0.85442259802074383
  0.86061905512257675  0.86648408373303509  0.87236140421025632  0.87800801174405763
  0.88317060036800954  0.88800082318381623  0.89263165184249604  0.89707670173442233
  0.90124835051712249  0.90525954881930926  0.90911345293555501  0.91297279633067108
  0.91673433705407170  0.92007705930171346  0.92315829717949183  0.92607535861887635
  0.92889043570669227  0.93168816128034260  0.93448810768924040  0.93712783796564514
  0.93949777922827460  0.94175275569210593  0.94398913952603203  0.94614200017841765
  0.94826175627229348  0.95037079597759666  0.95235908402843061  0.95419323338969142
  0.95586556796893662  0.95747432147524647  0.95891631669763266  0.96024269202616153
  0.96164548304572295  0.96311266208098001  0.96455952790225985  0.96591671762974207
  0.96733051768097567  0.96862872007992096  0.96985984434879891  0.97100052907208445
  0.97215476171116610  0.97335131800183960  0.97459097214551638  0.97584075499978762
  0.97702900620412236  0.97811939959271776  0.97914077956498768  0.98001013819653171
  0.98089789424523854  0.98182601339427178  0.98277486742529274  0.98371489469896178
  0.98451421943654194  0.98525438932631271  0.98597162544904726  0.98669642556020842
  0.98744335482152490  0.98818897414166385  0.98892589040306755  0.98960299813422481
  0.99026092373341590  0.99090703598589824  0.99154521909491444  0.99219823246513161
  0.99281669992739663  0.99339604480303034  0.99395914137124108  0.99453671580741310
  0.99507374670714510  0.99560359330252168  0.99613320765440916  0.99668462651535772
  0.99726965308254079  0.99800561655577236  0.99890932252583764  1.00000000000000000
   7.4210976706659267E-008  -1.0000000000000000     
 F F F F F F F F F F F F F F F F F F F F F F F F F F F F F F F F F F F F F F F F F F F F F F F F F F F F F F F F F F F F F F F F
  <DiscreteSampler_grid>
  grouped_processes
  1 # 1 for a reference and 2 for a running grid.
  10 # Attribute 'min_bin_probing_points' of the grid.
  1 # Attribute 'grid_mode' of the grid. 1=='default',2=='initialization'
  0.0000000000000000 # Attribute 'small_contrib_threshold' of the grid.
  0.5000000000000000 # Attribute 'damping_power' of the grid.
 # binID   n_entries weight   weight_sqr   abs_weight
    10   10   1.247236740566639E+002   5.577694078777435E+004   1.247236740566639E+002
  </DiscreteSampler_grid>
