  0.00524056670745134  0.00741599669221615  0.00959142667698097  0.01176685666174578
  0.01394228664651059  0.01611771663127541  0.01829314661604022  0.02046857660080504
  0.02369423893853488  0.02713146861509285  0.03056869829165082  0.03400592796820878
  0.03744315764476675  0.04088038732132472  0.10477974275528999  0.10911272869873974
  0.11344571464218949  0.11777870058563923  0.12211168652908898  0.12644467247253871
  0.13077765841598846  0.13511064435943820  0.13944363030288795  0.14377661624633770
  0.14810960218978747  0.15244258813323727  0.15677557407668705  0.16110856002013685
  0.16544154596358665  0.23785072874776267  0.33709555326221169  0.43634037777666079
  0.50102708340926383  0.50389155251864859  0.50675602162803335  0.50962049073741811
  0.51248495984680287  0.51534942895618774  0.51821389806557250  0.52107836717495726
  0.52394283628434202  0.52680730539372678  0.52967177450311165  0.53253624361249641
  0.53540071272188128  0.53826518183126604  0.54112965094065080  0.54399412005003556
  0.54685858915942043  0.54972305826880519  0.55258752737818995  0.55545199648757471
  0.55831646559695947  0.56118093470634423  0.58376222390912647  0.58506351164096482
  0.58636479937280317  0.58766608710464152  0.58896737483647998  0.59026866256831834
  0.59156995030015669  0.59287123803199515  0.59417252576383350  0.59547381349567186
  0.59677510122751021  0.59807638895934867  0.59937767669118702  0.60067896442302537
  0.60198025215486384  0.60328153988670219  0.60449102078193362  0.60550523902866638
  0.60651945727539913  0.60753367552213189  0.60854789376886465  0.60956211201559740
  0.61057633026233016  0.61159054850906280  0.61260476675579556  0.61361898500252832
  0.61463320324926107  0.61564742149599383  0.61666163974272659  0.61767585798945934
  0.61869007623619210  0.61970429448292486  0.62071851272965761  0.62173273097639037
  0.62274694922312301  0.62376116746985577  0.62477538571658853  0.70226552645664053
  0.80151035097108969  0.90075517548553874  0.96062104769339995  1.00000000000000000
  0.00002431297811817  0.00002507857365274  0.00002547288069741  0.00002586718774208
  0.00002626149478676  0.00002665580183143  0.00002705010887610  0.00002744441592078
  0.00002783872296545  0.00002823303001012  0.00002874453357396  0.00002929468054762
  0.00002984482752128  0.00003039497449494  0.00003094512146860  0.00003149526844226
  0.00003204541541592  0.00003616550990541  0.00007432859514083  0.00007582435234031
  0.00007732010953978  0.00007881586673926  0.00008031162393874  0.00008180738113821
  0.00008330313833769  0.00008479889553716  0.00008644102476933  0.00008815774608750
  0.00008987446740567  0.00009159118872384  0.00009330791004201  0.00009502463136018
  0.00009674135267834  0.00009853970017499  0.00010051002803655  0.00010248035589811
  0.00010445068375967  0.00010642101162123  0.00010839133948279  0.00011036166734435
  0.00011233199520591  0.00022900141174129  0.00044674836860277  0.00046019768391474
  0.00047364699922670  0.00048709631453867  0.00050054562985063  0.00051435900078798
  0.00052979514665371  0.00054523129251944  0.00056066743838516  0.00057610358425089
  0.00059219595682751  0.00060991244228875  0.00062762892774999  0.00064534541321122
  0.00066306189867246  0.00089574842133757  0.00176903842371071  0.00179040221712227
  0.00181176601053384  0.00183312980394540  0.00185449359735696  0.00187585739076852
  0.00189722118418009  0.00191858497759165  0.00193994877100321  0.00196131256441477
  0.00198267635782634  0.00200404015123790  0.00202540394464946  0.00204510790395585
  0.00206448816714208  0.00208386843032831  0.00210324869351453  0.00212262895670076
  0.00214200921988699  0.00216138948307322  0.00218076974625945  0.00220015000944568
  0.00221953027263191  0.00223891053581813  0.00225829079900436  0.00227767106219059
  0.00229705132537682  0.00231643158856305  0.00304863725953203  0.00629700132616558
  0.01300087922981836  0.02571469460419688  0.02629132024003974  0.02629132024004974
  0.02629132024005974  0.02629132024006973  0.02629132024007973  1.00000000000000000
  0.00001246712286855  0.00001272075922205  0.00001297439557555  0.00001322803192905
  0.00001348166828255  0.00001373530463605  0.00001398894098955  0.00001424994883437
  0.00001461262792548  0.00001497530701659  0.00001533798610770  0.00001570066519881
  0.00001606334428992  0.00002029789636528  0.00003285801308915  0.00003371466492705
  0.00003457131676494  0.00003542796860284  0.00003628462044074  0.00003714127227864
  0.00003809813941973  0.00003908134208984  0.00004006454475996  0.00004104774743007
  0.00004203095010019  0.00004304096455126  0.00004416941306179  0.00004529786157233
  0.00004642631008286  0.00004755475859339  0.00004868320710392  0.00005014335916141
  0.00005184639096922  0.00005354942277702  0.00005525245458482  0.00005703422122459
  0.00005898883726188  0.00006094345329916  0.00006289806933644  0.00006486672388334
  0.00006711008999999  0.00006935345611664  0.00007159682223328  0.00007384018834993
  0.00013823541182891  0.00029522122989865  0.00030707585783442  0.00031893048577019
  0.00033078511370596  0.00034327468306437  0.00035688056275088  0.00037048644243738
  0.00038409232212389  0.00039908303194164  0.00041469887100860  0.00043031471007556
  0.00045149163740299  0.00077624849963408  0.00078535130490415  0.00079445411017422
  0.00080355691544429  0.00081265972071437  0.00082176252598444  0.00083086533125451
  0.00083996813652458  0.00084907094179465  0.00085817374706472  0.00086727655233480
  0.00087637935760487  0.00088548216287494  0.00089388084811108  0.00090206359716985
  0.00091024634622861  0.00091842909528738  0.00092661184434614  0.00093479459340490
  0.00094297734246367  0.00095116009152243  0.00095934284058120  0.00096752558963996
  0.00097570833869873  0.00098389108775749  0.00099207383681626  0.00100025658587502
  0.00100843933493379  0.00101662208399255  0.00182962757221186  0.00401847227679475
  0.00885288550313515  0.01947583047922496  0.02735231701458886  0.02735231701459886
  0.02735231701460886  0.02735231701461886  0.02735231701462886  1.00000000000000000
  0.32026409705479936  0.32119429448442449  0.32212449191404963  0.32305468934367476
  0.32398488677329990  0.32491508420292509  0.32584528163255022  0.32677547906217536
  0.32770567649180049  0.32863587392142563  0.32956607135105076  0.33049626878067589
  0.33142646621030103  0.33235666363992622  0.33328686106955135  0.33510699014694412
  0.33697391786703873  0.33884084558713334  0.34070777330722796  0.34257470102732257
  0.34444162874741724  0.34630855646751185  0.34817548418760647  0.35004241190770108
  0.35190933962779569  0.35377626734789036  0.44361901688923927  0.55672288411525195
  0.58648099750318761  0.59059706781858012  0.59471313813397275  0.59882920844936527
  0.60294527876475779  0.60706134908015030  0.61117741939554282  0.61529348971093534
  0.61940956002632785  0.62352563034172037  0.62764170065711289  0.63175777097250541
  0.63587384128789792  0.63998991160329044  0.64410598191868296  0.64761816387077997
  0.65069365675983781  0.65376914964889554  0.65684464253795338  0.65992013542701111
  0.66299562831606895  0.66607112120512668  0.66914661409418452  0.67222210698324225
  0.67529759987229998  0.67837309276135771  0.68144858565041555  0.68452407853947328
  0.68759957142853101  0.69067506431758885  0.69375055720664658  0.69682605009570431
  0.69990154298476204  0.70297703587381988  0.70605252876287761  0.73755867226779315
  0.85066253949380577  0.85704448930028265  0.86001432179162496  0.86298415428296715
  0.86595398677430946  0.86892381926565165  0.87189365175699396  0.87486348424833615
  0.87783331673967846  0.88080314923102065  0.88377298172236285  0.88674281421370515
  0.88971264670504735  0.89268247919638966  0.89565231168773185  0.89862214417907416
  0.90159197667041646  0.90456180916175866  0.90753164165310096  0.91050147414444327
  0.91347130663578557  0.91644113912712777  0.94138164123064094  0.94662806623260420
  0.95187449123456747  0.95712091623653073  0.96102089994510620  0.96451621205106641
  0.96801152415702651  0.97150683626298662  0.97435832420984902  1.00000000000000000
  0.05971675713857016  0.06388569140390025  0.06527138280780051  0.06665707421170078
  0.06804276561560103  0.06942845701950129  0.07081414842340154  0.07219983982730180
  0.07358553123120207  0.07497122263510232  0.07635691403900258  0.07774260544290285
  0.07912829684680310  0.08051398825070336  0.08189967965460361  0.08328537105850388
  0.08503660841247890  0.08680095186913141  0.08856529532578392  0.09032963878243641
  0.09209398223908892  0.09385832569574142  0.09562266915239392  0.09738701260904643
  0.09915135606569894  0.10091569952235144  0.10268004297900395  0.12344301202746322
  0.24590492364872521  0.25378133414278387  0.25769348915265489  0.26160564416252591
  0.26551779917239693  0.26942995418226795  0.27334210919213903  0.27725426420201005
  0.28116641921188112  0.28507857422175220  0.28899072923162328  0.29290288424149430
  0.29681503925136532  0.30072719426123634  0.30463934927110736  0.30855150428097838
  0.31246365929084940  0.39700826243287368  0.40079558139307053  0.40458290035326733
  0.40837021931346418  0.41215753827366097  0.41594485723385782  0.41973217619405456
  0.42351949515425136  0.42730681411444815  0.43109413307464495  0.43488145203484169
  0.43866877099503848  0.44245608995523528  0.44624340891543207  0.45003072787562881
  0.45381804683582561  0.45760536579602240  0.48326612062795066  0.48969495012270331
  0.49612377961745602  0.50255260911220867  0.50898143860696132  0.51541026810171398
  0.52183909759646674  0.52826792709121939  0.53469675658597215  0.54112558608072492
  0.65382160670784972  0.77108098196861785  0.77664547662537586  0.78220997128213388
  0.78777446593889189  0.79333896059564990  0.79890345525240791  0.80446794990916581
  0.81003244456592383  0.81559693922268173  0.82116143387943974  0.82672592853619764
  0.83229042319295565  0.87742222100494560  0.88255039568938276  0.88767857037381992
  0.89280674505825708  0.89652028935132633  0.89819656135475312  0.89987283335817980
  0.90154910536160660  0.90322537736503328  0.90376097361246743  1.00000000000000000
  0.10521369775136319  0.37601643888151903  0.37703287776303807  0.37804931664455710
  0.37906575552607613  0.38008219440759522  0.38109863328911425  0.38211507217063329
  0.38313151105215232  0.38414794993367135  0.38516438881519038  0.38618082769670942
  0.38719726657822851  0.38821370545974754  0.38923014434126657  0.39024658322278560
  0.39126302210430464  0.39227946098582367  0.39329589986734270  0.39431233874886173
  0.39532877763038077  0.39648859470549719  0.39778973755236713  0.39909088039923707
  0.40039202324610701  0.40169316609297689  0.40299430893984683  0.40429545178671678
  0.40559659463358672  0.40689773748045666  0.40819888032732654  0.40950002317419648
  0.41080116602106642  0.41210230886793636  0.41340345171480630  0.41470459456167619
  0.41600573740854613  0.45856605633287817  0.46244130806419875  0.46631655979551934
  0.47019181152683998  0.47406706325816056  0.47794231498948114  0.48181756672080167
  0.48569281845212225  0.48956807018344278  0.49344332191476337  0.49731857364608389
  0.50101850017674565  0.50432463242019421  0.50763076466364265  0.51093689690709121
  0.51424302915053965  0.51754916139398821  0.52085326587516179  0.52385411772688995
  0.52685496957861810  0.52985582143034626  0.53285667328207442  0.53585752513380258
  0.53885837698553074  0.54185922883725879  0.54486008068898695  0.54786093254071511
  0.55086178439244315  0.55386263624417131  0.55686348809589936  0.55986433994762752
  0.56291437139346900  0.56631934150941565  0.56972431162536230  0.57312928174130884
  0.57653425185725549  0.57993922197320202  0.58364093314384058  0.68009472400633275
  0.69012428675498472  0.69296680924063625  0.69580933172628778  0.69865185421193932
  0.70149437669759074  0.70433689918324227  0.70717942166889380  0.70974192788676760
  0.71211308507764082  0.71448424226851415  0.71685539945938737  0.71922655665026058
  0.72159771384113391  0.72396887103200713  0.72634002822288046  0.72871118541375368
  0.80709241827500777  0.90354620913749983  0.95368504921595254  1.00000000000000000
 -0.00412901184299478  0.00215711928309314  0.00431423856618628  0.00647135784927942
  0.00862847713237257  0.01078559641546571  0.01294271569855885  0.01509983498165199
  0.01725695426474513  0.01941407354783828  0.02171398766623220  0.02428856514259397
  0.02686314261895574  0.02943772009531752  0.03201229757167929  0.03458687504804107
  0.03716145252440284  0.03973603000076461  0.06241068381852818  0.08621880897098008
  0.09007778425632905  0.09393675954167802  0.09779573482702700  0.10165471011237596
  0.10551368539772492  0.10937266068307384  0.11323163596842278  0.11709061125377171
  0.12094958653912065  0.12480856182446957  0.12866753710981851  0.13252651239516744
  0.13638548768051637  0.14024446296586529  0.14410343825121422  0.19159195172239590
  0.27452982188211306  0.35746769204183032  0.44040556220154742  0.52334343236126446
  0.60628130252098178  0.68921917268069888  0.72966493705728974  0.73062620998951311
  0.73158748292173648  0.73254875585395984  0.73351002878618321  0.73447130171840658
  0.73543257465062994  0.73639384758285331  0.73735512051507668  0.73831639344730005
  0.73927766637952341  0.74023893931174678  0.74120021224397015  0.74216148517619351
  0.74312275810841688  0.74408403104064025  0.74504530397286362  0.74600657690508698
  0.74696784983731035  0.74792912276953372  0.74889039570175708  0.74985166863398045
  0.75062738534558948  0.75136924500175750  0.75211110465792563  0.75285296431409365
  0.75359482397026178  0.75433668362642980  0.75507854328259794  0.75582040293876596
  0.75656226259493409  0.75730412225110211  0.75804598190727024  0.75878784156343826
  0.75952970121960639  0.76027156087577441  0.76101342053194254  0.76175528018811056
  0.76249713984427869  0.76323899950044671  0.76398085915661484  0.76472271881278286
  0.76546457846895100  0.76620643812511902  0.76694829778128715  0.76769015743745517
  0.76843201709362330  0.76917387674979132  0.76991573640595945  0.77065759606212747
  0.83412425968056336  0.91694899604561497  0.93154001633326211  1.00000000000000000
  0.00164091189702351  0.00645094421048304  0.01126097652394256  0.01607100883740208
  0.02089225536397858  0.02683293523704659  0.03277361511011460  0.03871429498318261
  0.09507046032045549  0.20123582947828597  0.30740119863611659  0.41356656779394713
  0.44120130052149625  0.44597985677098789  0.45075841302047953  0.45553696926997117
  0.46031552551946286  0.46509408176895450  0.46987263801844620  0.47465119426793789
  0.47942975051742959  0.48420830676692123  0.48898686301641286  0.49376541926590450
  0.49854397551539614  0.54278227880252972  0.54646622347017793  0.55015016813782625
  0.55383411280547445  0.55751805747312266  0.56120200214077098  0.56488594680841919
  0.56856989147606751  0.57225383614371572  0.57593778081136393  0.57962172547901225
  0.58330567014666046  0.58698961481430878  0.59067355948195710  0.59435750414960542
  0.59804144881725363  0.60172539348490195  0.63997846324420649  0.70960512627335104
  0.71317610180382385  0.71674707733429655  0.72031805286476935  0.72388902839524216
  0.72746000392571497  0.72997072313237088  0.73151084342778860  0.73305096372320633
  0.73459108401862394  0.73613120431404155  0.73767132460945928  0.73921144490487689
  0.74075156520029461  0.74229168549571223  0.74383180579112995  0.74537192608654756
  0.74691204638196529  0.74845216667738290  0.74999228697280063  0.75147902361682739
  0.75296549156625603  0.75445195951568467  0.75593842746511319  0.75742489541454183
  0.75891136336397047  0.76039783131339911  0.76188429926282775  0.76337076721225627
  0.76485723516168491  0.76634370311111355  0.76783017106054219  0.76931663900997072
  0.77080310695939935  0.77210756042304718  0.77340823591606078  0.77470891140907427
  0.77600958690208788  0.77731026239510148  0.77861093788811497  0.77991161338112858
  0.78121228887414218  0.78251296436715567  0.78381363986016928  0.78511431535318288
  0.78641499084619637  0.78771566633920997  0.78901634183222358  0.79031701732523707
  0.79161769281825067  0.84086400667826333  0.84086400667827332  1.00000000000000000
  0.64587854941685996  0.65113300647315830  0.65638746352945665  0.66164192058575499
  0.66692560212243646  0.67284854607583477  0.67877149002923298  0.68469443398263119
  0.73520464858115098  0.81321522747065100  0.81807393588187072  0.82293264429309032
  0.82779135270430992  0.83265006111552953  0.83750876952674924  0.84236747793796896
  0.84722618634918856  0.85208489476040827  0.85694360317162788  0.86180231158284759
  0.86666101999406719  0.87151972840528680  0.87608933689117230  0.87992902707675857
  0.88376871726234485  0.88760840744793124  0.89144809763351751  0.89528778781910379
  0.89912747800469017  0.90296716819027656  0.90680685837586283  0.91064654856144922
  0.91448623874703550  0.91742885067391522  0.91919261672361685  0.92095638277331848
  0.92272014882302011  0.92448391487272175  0.92624768092242338  0.92801144697212501
  0.92977521302182664  0.93153897907152827  0.93330274512123002  0.93506651117093165
  0.93683027722063328  0.93869725028667172  0.94062740192316119  0.94255755355965065
  0.94448770519614011  0.94641785683262958  0.94834800846911904  0.95027816010560850
  0.95220831174209797  0.95413846337858743  0.95606861501507689  0.95799876665156636
  0.95919904082242646  0.96024627226055759  0.96129350369868871  0.96234073513681984
  0.96338796657495096  0.96443519801308208  0.96548242945121321  0.96652966088934433
  0.96757689232747546  0.96862412376560658  0.96967135520373771  0.97071858664186883
  0.97176581807999995  0.97281304951813108  0.97386028095626220  0.97490751239439333
  0.97595474383252445  0.97700197527065558  0.97804920670878670  0.97909643814691782
  0.98014174749435401  0.98118691867886165  0.98223208986336941  0.98327726104787705
  0.98432243223238469  0.98536760341689245  0.98641277460140009  0.98745794578590773
  0.98850311697041549  0.98954828815492313  0.99059345933943088  0.99163863052393852
  0.99268380170844617  0.99372897289295392  0.99477414407746156  0.99581931526196921
  0.99686448644647696  0.99790965763098460  0.99895482881549236  1.00000000000000000
   8.7843095501275562E-011  -1.0000000000000000     
 F F F F F F F F F F F F F F F F F F F F F F F F F F F F F F F F F F F F F F F F F F F F F F F F F F F F F F F F F F F F F F F F
  <DiscreteSampler_grid>
  grouped_processes
  1 # 1 for a reference and 2 for a running grid.
  10 # Attribute 'min_bin_probing_points' of the grid.
  1 # Attribute 'grid_mode' of the grid. 1=='default',2=='initialization'
  0.0000000000000000 # Attribute 'small_contrib_threshold' of the grid.
  0.5000000000000000 # Attribute 'damping_power' of the grid.
 # binID   n_entries weight   weight_sqr   abs_weight
    10   10   1.637956596675225E+003   2.618319311540262E+007   1.637956596675225E+003
  </DiscreteSampler_grid>
