  0.00339648962192838  0.01016219163370980  0.01971956198915574  0.02939642474266214
  0.03979883106535846  0.04996356884402648  0.05839849482415024  0.06721357714191582
  0.07622516162364636  0.08658669550703239  0.09741388474763843  0.10837074358753500
  0.11920520875570351  0.13057272804887718  0.14196632241593746  0.15269799927396618
  0.16278823306027032  0.17293292193745222  0.18316937114878043  0.19391941978744007
  0.20463091660138846  0.21563432303876903  0.22726926400929609  0.23864111622629422
  0.25033493519026256  0.26216930324644161  0.27345091049115283  0.28520472505539007
  0.29737544698337448  0.31036556399670079  0.32141537275156029  0.33195683624371808
  0.34186143265336411  0.35170887451039501  0.36083711416875774  0.36984829970741534
  0.37901845434489273  0.38816376720418150  0.39780200069638022  0.40733228761862217
  0.41649946597995818  0.42583127300177631  0.43513041686622567  0.44417359002837170
  0.45344118979403281  0.46358170226242196  0.47477655684251674  0.48617344386184724
  0.49695018178768574  0.50705661492810206  0.51687855445118036  0.52648309727370501
  0.53558235185223213  0.54453684592044538  0.55351963176994101  0.56382359599664400
  0.57465338380327180  0.58519854201705368  0.59557050496970665  0.60668673476272694
  0.61835563704389185  0.63010777899640924  0.64074351362501580  0.65128335911366808
  0.66194024613120284  0.67314253500351562  0.68369953045448506  0.69396910624146635
  0.70442678416845594  0.71602534067146073  0.72777563174066084  0.73972617808485641
  0.75096905282884630  0.76215991306566921  0.77279374958041269  0.78357739454322195
  0.79489690905944532  0.80625247134432587  0.81628490598153769  0.82496929937448238
  0.83343267813429323  0.84252594045699414  0.85278677478701259  0.86393528901526195
  0.87527921751545801  0.88623928772034910  0.89716347642834637  0.90764561510704778
  0.91844956580266268  0.92900897998238430  0.94022240752686359  0.95145134963980094
  0.96251510881958080  0.97391240506201315  0.98600574190968060  1.00000000000000000
  0.00283075301795619  0.00397326388098698  0.00485039073596107  0.00580626095037942
  0.00676948848871329  0.00764803034970166  0.00846287309163897  0.00921719358707855
  0.00992698843896942  0.01059082063916600  0.01120578724098299  0.01178796141451725
  0.01237510458347710  0.01299612639110163  0.01364602642765119  0.01429240692395800
  0.01490047559485100  0.01550538636547751  0.01613387094913524  0.01681544139077390
  0.01749334943589739  0.01818689831060442  0.01886438331926774  0.01956847919441919
  0.02025414484981536  0.02098084942762694  0.02174049932344301  0.02255376161780779
  0.02332204315663960  0.02410197042130312  0.02483647599101931  0.02558665629670512
  0.02635688349228225  0.02716116628117979  0.02800413297402135  0.02887150912924061
  0.02974090600131668  0.03060701303706359  0.03152419438471789  0.03245866309047449
  0.03335294928454111  0.03419366525924455  0.03505166087559044  0.03594789897475063
  0.03685572698149634  0.03781086822321053  0.03868142940469778  0.03952993382825114
  0.04044845436256792  0.04144281851905535  0.04274090683947281  0.04380663315197468
  0.04500076369795109  0.04619107892937959  0.04735368358576333  0.04868400215170085
  0.05010989746118701  0.05162296693425170  0.05302439247488394  0.05441775788252733
  0.05580661322811457  0.05732346062020714  0.05887737346289136  0.06057563479064034
  0.06241007767971476  0.06440782023221808  0.06664747966784358  0.06885874903015049
  0.07143365412558378  0.07381874725992166  0.07614184733223345  0.07841687152226709
  0.08087373584653673  0.08376651115257835  0.08741217855074539  0.09171760070466836
  0.09614333936417237  0.10170220022983045  0.10801445076102327  0.11407197295081624
  0.11960969609403202  0.12473499911905862  0.12982188754524376  0.13523295192935880
  0.14269939628603404  0.15228248223187180  0.16799942155075859  0.18741934120304959
  0.20566469357673889  0.22183301448313236  0.24275275024326609  0.27357777314989845
  0.34365984396895710  0.40592330214534666  0.47628151704390465  1.00000000000000000
  0.00008086363907255  0.00009805249341339  0.00011698665765164  0.00013736094432390
  0.00016028660945576  0.00018543950815752  0.00021486676697252  0.00024794508954479
  0.00028191122616713  0.00031590177561566  0.00035183961761938  0.00039167817331380
  0.00043374769900828  0.00048076650657776  0.00053050017906086  0.00058664994353956
  0.00064822353376349  0.00071124271845161  0.00077274229520728  0.00083436977977403
  0.00090132040877302  0.00097249302588106  0.00104924586842792  0.00113150677083388
  0.00121793145840178  0.00131410956168909  0.00141580615720358  0.00152123660281892
  0.00163022989243760  0.00174242190503984  0.00185414024452035  0.00197598663909521
  0.00208779827832791  0.00220634161506652  0.00233268383022980  0.00246001263526913
  0.00259003423443167  0.00272423944336824  0.00286642184316870  0.00301573359274879
  0.00316302407434955  0.00330942669328147  0.00346289852048125  0.00362713510339150
  0.00380147612692710  0.00399311045885776  0.00418480415662751  0.00439072365312456
  0.00460484004682654  0.00482689708248100  0.00506891239729855  0.00533687418794563
  0.00560405404466399  0.00587241209732304  0.00613765362980765  0.00639291377527141
  0.00666086041875469  0.00695506845709286  0.00727352359729789  0.00761172442986435
  0.00795951934615111  0.00831056131684326  0.00870935408034220  0.00908879419236042
  0.00949407913927544  0.00994555325910232  0.01045250443291004  0.01098453570045184
  0.01153626127877672  0.01207791230928507  0.01260515584874826  0.01315338482531051
  0.01377541630085765  0.01450994537793867  0.01537148041341248  0.01631333492078675
  0.01727268057207546  0.01824135148350585  0.01929136282073545  0.02063345391146295
  0.02240941568359495  0.02457335684302127  0.02693356524754335  0.02946441059924266
  0.03228624751254061  0.03539609543347558  0.03864491379864370  0.04235078870991509
  0.04775828563547359  0.05476357771326225  0.06200248203389259  0.07175434765029697
  0.08693190233303705  0.11464197358732667  0.20511169857997730  1.00000000000000000
 -0.00247382674631728  0.01008546756783972  0.02051880735363242  0.03063882823025010
  0.04001508114450817  0.04971273090969427  0.05870887117150381  0.06735783325103838
  0.07578314371872885  0.08494090609533729  0.09473968785887821  0.10469110682519646
  0.11444118872385756  0.12341852680876877  0.13251243368668661  0.14119669294333845
  0.15010968466049607  0.15852388176139307  0.16734661075306456  0.17609920927783509
  0.18510302886489852  0.19349473906682810  0.20140345494155987  0.20933005427685483
  0.21722094976008990  0.22595065021815824  0.23456252646720538  0.24311487043718233
  0.25127865599022270  0.26024524849940961  0.26892110898321386  0.27869214317615648
  0.28845668190784263  0.29982311729555905  0.31153706701095479  0.32208143641243664
  0.33134958749636556  0.34038135835877004  0.34983750449738954  0.36010455574622313
  0.37077204514484874  0.38136090255091309  0.39158664184421654  0.40158349362677426
  0.41147150943185795  0.42142710922339144  0.43144934480562458  0.44107905940646680
  0.45115553872083769  0.46159495121180188  0.47252024087112204  0.48327829282215307
  0.49382413330238772  0.50394790386433741  0.51363833181143148  0.52293881923243124
  0.53206907589258268  0.54070213394016742  0.54867305897042407  0.55641102864760072
  0.56473146561064735  0.57302837529451756  0.58122216932546211  0.58898584538391974
  0.59838547844012369  0.60715252755659765  0.61643897404586423  0.62557281731928038
  0.63411667892534185  0.64311008037718831  0.65315144626960031  0.66402994269787297
  0.67486183128758848  0.68671980561034740  0.69803843478653937  0.71023693003723765
  0.72105370920768463  0.73182353456271310  0.74176953806506774  0.75296185711899932
  0.76493378678547641  0.77787881733900166  0.79188036740651113  0.80688503791772026
  0.82098215732584268  0.83406900406043571  0.84812489199509145  0.86267763069928316
  0.87922368771808157  0.89496046609024926  0.91110344178592662  0.92744121405613478
  0.94451373306707431  0.96193313805856773  0.98036027760707445  1.00000000000000000
 -0.00294745835018488  0.01262895945544006  0.02534271463763665  0.03747916537038710
  0.04890628792107943  0.05961025557456553  0.06985375525155396  0.08055307212178907
  0.09200517541292809  0.10432532836292495  0.11600032737427135  0.12696748077323275
  0.13701373348084173  0.14679169047530083  0.15670143178256862  0.16721215262979564
  0.17750901609482295  0.18803145244778324  0.19803516020952330  0.20826311158441790
  0.21778695648027546  0.22796844724212711  0.23795991729487673  0.24741076176588930
  0.25669652997882758  0.26602021175353097  0.27520336164556713  0.28518116271315719
  0.29371411950210929  0.30139968971523168  0.31033010018682483  0.31990836974574466
  0.32860141024884537  0.33681908140755906  0.34506894719294740  0.35397907529091360
  0.36355582480675674  0.37346382694489111  0.38374560609449659  0.39384302816998645
  0.40275521028433642  0.41207757199870049  0.42163136229366910  0.43235568309346634
  0.44305771411584671  0.45407227365104397  0.46502685371478281  0.47599359893376408
  0.48764794955923751  0.49889619607596891  0.50988013472582050  0.51995082627808475
  0.52996891736370000  0.54036197334239389  0.55128762671932707  0.56227350307762658
  0.57263092769121970  0.58275168133331900  0.59333219158237049  0.60445833875985933
  0.61547532285440865  0.62633250590669287  0.63673215169860364  0.64674673072830358
  0.65684810486300116  0.66761598305248826  0.67819179991813894  0.68719646812170643
  0.69621732888028764  0.70550621336199171  0.71621873594987051  0.72735789351436164
  0.73867226368906291  0.74946013777797249  0.76003364930584960  0.77118090899105429
  0.78260343614791794  0.79333635042735173  0.80352775638483642  0.81372375806242914
  0.82460225641154461  0.83592762185537728  0.84724839477705483  0.85887084422571891
  0.87060421524840081  0.88261907561823194  0.89467409423963151  0.90553930684278761
  0.91607160798505183  0.92644869371165883  0.93779084990739425  0.94891371255983537
  0.96033241152015725  0.97334523443383969  0.98668511179674467  1.00000000000000000
 -0.00523824560754229  0.03763839479246915  0.07546881935721979  0.10772320753314270
  0.13606862213177781  0.16318960040579189  0.18986679291810557  0.21495915856553829
  0.23798154096271756  0.26043755352970083  0.28221521739491978  0.30266884761346285
  0.32155450120619722  0.33893416717589153  0.35548685633757510  0.37210319495180522
  0.38917823410986163  0.40644869739449291  0.42243264044374756  0.43678866732193611
  0.45105017195531827  0.46542797476593489  0.47985577573716581  0.49419348331509022
  0.50733666141729472  0.51946793835771221  0.53090292328964939  0.54230597759045407
  0.55402235751661721  0.56599593268909509  0.57796390013134602  0.59008829225701553
  0.60244775269975948  0.61427468746409697  0.62561488737941673  0.63649577662287804
  0.64689924372265595  0.65673492329625272  0.66618789752778151  0.67546439920995072
  0.68404602477001397  0.69225804506563271  0.70001596925492682  0.70817179674461583
  0.71628038486999124  0.72470490041017543  0.73252730371573127  0.74027729535544351
  0.74784604581082403  0.75452827786072829  0.76113798200006555  0.76795736762880040
  0.77444291965434064  0.78073242800952825  0.78701884541140543  0.79327467572733101
  0.79942783973009479  0.80524032454393024  0.81072267478940141  0.81628162327075249
  0.82242057371645449  0.82895412619360653  0.83621060413605464  0.84413518674268317
  0.85179183965297378  0.85860407701949482  0.86540275191724225  0.87168945607498483
  0.87752482028808176  0.88302397918494968  0.88833348344539964  0.89365407783667639
  0.89894414444021054  0.90397642950379309  0.90868900506965011  0.91325254795084077
  0.91764299833012897  0.92181411561053783  0.92618604566372520  0.93120325544904481
  0.93557268688996076  0.93947986742286327  0.94340340516962429  0.94713425697974130
  0.95078884765670602  0.95438070739212144  0.95827373602359645  0.96267425068363865
  0.96702006027182785  0.97113670653293116  0.97518396851233380  0.97943493711341001
  0.98406746790286803  0.98923516905675357  0.99470596574646442  1.00000000000000000
 -0.00267106809926803  0.00980935018237892  0.02072473721873986  0.03122291534161446
  0.04191228036483820  0.05264798688632188  0.06316217698523383  0.07369275570306015
  0.08477072006476191  0.09644790206051364  0.10796529528205341  0.11895809916710326
  0.13026459624278713  0.14185719049456672  0.15327746110534357  0.16451160662092773
  0.17557609876448074  0.18643926532143601  0.19712000556028242  0.20818422620467480
  0.22000676092892779  0.23265347352319665  0.24640406359223604  0.25873699984989229
  0.26936550992307795  0.27919804349022947  0.28912651146546792  0.29901252252506477
  0.30916906890713203  0.31906234155980873  0.32868998123600979  0.33795229259956205
  0.34705222268329283  0.35652738975969139  0.36632226036031251  0.37687871629001640
  0.38838616138672127  0.40016841809086851  0.41112673256443671  0.42134331339424214
  0.43126235826656134  0.44126059431167747  0.45239612799124318  0.46344866088596509
  0.47452403671177884  0.48462112631013715  0.49442586190845794  0.50371166936218281
  0.51282170452259213  0.52247035270028774  0.53201475923873565  0.54183745581985043
  0.55037123040138614  0.55887087354791820  0.56814342299428622  0.57964670229455550
  0.59050070252262854  0.60023050672589240  0.61009236689400792  0.62095031496341302
  0.63136117997383179  0.64088276804644795  0.65030434498154566  0.66006270261145839
  0.66988974544706259  0.67932978960561397  0.68886910461377859  0.69887336172614800
  0.70978247464768396  0.72126705092091625  0.73478186779050125  0.74847598866255938
  0.76108752804239976  0.77271936635186866  0.78338675873724695  0.79312970405159156
  0.80259314996724096  0.81256528909939330  0.82424027656998922  0.83568323039677084
  0.84553602711290066  0.85503443153777392  0.86500350357254829  0.87640483716008843
  0.88724854516772833  0.89761444212990738  0.90705799787451080  0.91709524704075018
  0.92717663165398401  0.93717354298629718  0.94733062380134647  0.95790817223172653
  0.96875454321378529  0.97942965367211143  0.98956697260617010  1.00000000000000000
 -0.00166860332135680  0.00827020223702156  0.01729507392445152  0.02646183530412802
  0.03644024625470614  0.04726542230430830  0.05752695815103132  0.06780142519654414
  0.07892570651362038  0.09107875548195093  0.10344526373172092  0.11513960047301496
  0.12598741619867385  0.13715948457593424  0.14801670537449588  0.15885100405798949
  0.16892652411272685  0.17912757528278953  0.18928347439755708  0.19969567168593300
  0.21078627084957235  0.22188519481994107  0.23263635262434870  0.24297597719756248
  0.25300014808391580  0.26279953429245984  0.27272143644245189  0.28376744085847189
  0.29518975124597335  0.30553713819141676  0.31562793770730574  0.32576749244509734
  0.33640058646526427  0.34693184945873701  0.35653110598081006  0.36549833902032158
  0.37431044574609362  0.38359957512800924  0.39346027195956612  0.40367964556152791
  0.41445667556570154  0.42518208138073676  0.43588899408497767  0.44627602991419513
  0.45678291873941101  0.46796151390247748  0.47928492045146570  0.49082621957568801
  0.50195219956919834  0.51324180955750820  0.52496883141702777  0.53616566094904716
  0.54696909917127268  0.55770769668214681  0.56786987710535630  0.57756721499763275
  0.58732511598916681  0.59788636287845631  0.60843584763117142  0.61863656481324636
  0.62898807713993943  0.63957495824431287  0.65067901411377005  0.66213215474015219
  0.67268735542591118  0.68365647788838824  0.69435841350197458  0.70499381653095250
  0.71596183895139065  0.72669332785092566  0.73711423993777792  0.74676526151728095
  0.75661693956113774  0.76751894309275948  0.77941995370216088  0.79129035290028027
  0.80296907398010620  0.81473877698545316  0.82737295165064306  0.83950883070081694
  0.85057836793537589  0.86126899139239266  0.87165844892175470  0.88099657910653584
  0.88963388000545163  0.89841869716189415  0.90811986028962211  0.91813059960315413
  0.92877689167160526  0.93973126318794831  0.95067545541746756  0.96172996796330479
  0.97278817737554868  0.98325429295281874  0.99189129780503915  1.00000000000000000
  0.47241120415665117  0.58973087831081439  0.62875104059402587  0.66222224791850615
  0.68705621855789822  0.70817914600208343  0.72702552448959290  0.74355341323037938
  0.75742630188581550  0.77017331017864499  0.78187339237718345  0.79199713147738782
  0.80104815249523786  0.80983300993169671  0.81799799752015223  0.82554688414955124
  0.83267545803540899  0.83941914395866701  0.84590441006336803  0.85218839068050500
  0.85790398556233749  0.86326470652005960  0.86844117624958805  0.87355011666751126
  0.87769593185345984  0.88164133234141917  0.88551521481500917  0.88916287343708778
  0.89256550323182304  0.89589354368981655  0.89914520864141023  0.90225428299491894
  0.90509668352917028  0.90776549107577487  0.91035264127506188  0.91299791653651874
  0.91570197784939511  0.91830182821843542  0.92081176323697711  0.92319598950379633
  0.92545309062572045  0.92764841308239976  0.92977991740121280  0.93174524223559441
  0.93370895565428269  0.93564599784448432  0.93754790621009498  0.93948815005515518
  0.94126598888946345  0.94296250247706792  0.94463782298932619  0.94623852577342416
  0.94787189974405572  0.94951534242582925  0.95107842767344308  0.95255925856740054
  0.95402989754022705  0.95546847228987530  0.95688061286178072  0.95826090618331705
  0.95960270007297788  0.96090279049894067  0.96218060226744062  0.96340467069248148
  0.96458452487584068  0.96572748779277162  0.96683707486855497  0.96790597843680060
  0.96899777146997934  0.97007487799073611  0.97111550729541329  0.97211216733570049
  0.97306504325422483  0.97400676208995518  0.97496048624161680  0.97594787110003167
  0.97697711107042629  0.97802060822579184  0.97906240107032827  0.98007997041276274
  0.98101899806701576  0.98196554917779710  0.98290927222242586  0.98384550305331742
  0.98477436487051728  0.98576401216270571  0.98680493242404399  0.98791716103435934
  0.98914366420774402  0.99068411023783820  0.99258583281319035  0.99419732967988139
  0.99550141905504952  0.99675534008571010  0.99813066374015447  1.00000000000000000
   1.2691377471520940E-008  -1.0000000000000000     
 F F F F F F F F F F F F F F F F F F F F F F F F F F F F F F F F F F F F F F F F F F F F F F F F F F F F F F F F F F F F F F F F
  <DiscreteSampler_grid>
  grouped_processes
  1 # 1 for a reference and 2 for a running grid.
  10 # Attribute 'min_bin_probing_points' of the grid.
  1 # Attribute 'grid_mode' of the grid. 1=='default',2=='initialization'
  0.0000000000000000 # Attribute 'small_contrib_threshold' of the grid.
  0.5000000000000000 # Attribute 'damping_power' of the grid.
 # binID   n_entries weight   weight_sqr   abs_weight
    10   10   3.162618070079413E+001   3.951177593675348E+003   3.162618070079413E+001
  </DiscreteSampler_grid>
