  0.06206019195161544  0.25550877184511817  0.26101754369023633  0.26652631553535450
  0.27219363608996849  0.27842918615483087  0.28466473621969318  0.29090028628455555
  0.29278301802138917  0.29405580075919724  0.29532858349700530  0.29660136623481337
  0.29787414897262143  0.29914693171042944  0.30041971444823751  0.30169249718604557
  0.30296527992385358  0.30423806266166165  0.30551084539946971  0.30678362813727778
  0.30805641087508578  0.30932919361289385  0.31060197635070191  0.31187475908850998
  0.31314754182631799  0.31442032456412605  0.31569310730193412  0.31696589003974218
  0.31823867277755019  0.31951145551535826  0.32078423825316632  0.32205702099097439
  0.32332980372878239  0.32460258646659046  0.32587536920439852  0.32714815194220659
  0.32842093468001460  0.32969371741782266  0.33096650015563073  0.33223928289343879
  0.33351206563124680  0.33478484836905487  0.33605763110686293  0.33733041384467100
  0.33860319658247906  0.33987597932028712  0.34114876205809519  0.34242154479590325
  0.34369432753371132  0.34496711027151938  0.34623989300932745  0.34751267574713551
  0.34878545848494358  0.35005824122275164  0.35133102396055971  0.35260380669836777
  0.35387658943617584  0.37824376874708032  0.38391599231025531  0.38958821587343029
  0.39526043943660527  0.40093266299978031  0.40660488656295535  0.41227711012613039
  0.41794933368930542  0.42362155725248041  0.42929378081565539  0.43496600437883037
  0.49506727633484487  0.59911786390486466  0.66869207489145088  0.67446562588259318
  0.68023917687373536  0.68601272786487755  0.69178627885601973  0.69755982984716203
  0.70333338083830421  0.70910693182944640  0.71488048282058869  0.72065403381173099
  0.72642758480287328  0.73400978915508064  0.74322458537468672  0.75243938159429291
  0.76165417781389910  0.77086897403350529  0.78008377025311160  0.78929856647271790
  0.79801133297260851  0.80655046000140673  0.81409438033279591  0.81935182719021438
  0.82460927404763285  0.82670286843714480  0.82670286843715479  1.00000000000000000
  0.00003987576244441  0.00052352081773336  0.00053551106699072  0.00054750131624808
  0.00055949156550544  0.00057148181476280  0.00058347206402016  0.00059824402377635
  0.00061422165677735  0.00063019928977835  0.00064617692277935  0.00066215455578034
  0.00067941418425880  0.00070015061701412  0.00072088704976945  0.00074162348252477
  0.00076235991528009  0.00079128392905817  0.00082947733390007  0.00086767073874197
  0.00090855951059128  0.00095239512263347  0.00099623073467567  0.00135601034385738
  0.00233547771965991  0.00242454023514943  0.00251360275063895  0.00260266526612848
  0.00269455165129338  0.00279677112852149  0.00289899060574959  0.00300121008297770
  0.00310874766699907  0.00322606774792600  0.00334338782885293  0.00346070790977987
  0.00353245636062974  0.00355672137079335  0.00358098638095696  0.00360525139112058
  0.00362951640128419  0.00365378141144780  0.00367804642161141  0.00370231143177502
  0.00372657644193863  0.00375084145210225  0.00377510646226586  0.00379937147242947
  0.00382363648259308  0.00384790149275669  0.00387216650292031  0.00389643151308392
  0.00392069652324753  0.00394496153341114  0.00396922654357475  0.00399349155373836
  0.00401775656390198  0.00404186044651906  0.00406325868982485  0.00408465693313064
  0.00410605517643642  0.00412745341974221  0.00414885166304799  0.00417024990635378
  0.00419164814965957  0.00421304639296535  0.00423444463627114  0.00425584287957692
  0.00427724112288271  0.00429863936618850  0.00432003760949428  0.00434143585280007
  0.00436283409610585  0.00438423233941164  0.00440563058271743  0.00442702882602321
  0.00444842706932900  0.00446982531263478  0.00449122355594057  0.00451262179924635
  0.00453402004255214  0.00455541828585793  0.00457681652916371  0.00459821477246950
  0.00461961301577528  0.00510621446100546  0.00916631968517071  0.01649696329736586
  0.02655190974974623  0.02655190974975622  0.02655190974976622  0.02655190974977622
  0.02655190974978622  0.02655190974979622  0.02655190974980622  1.00000000000000000
  0.00001243042501186  0.00001288183596856  0.00001333324692525  0.00001378465788195
  0.00001423958383946  0.00001484015273588  0.00001544072163230  0.00001604129052872
  0.00002352657979425  0.00004318770102318  0.00004588517701797  0.00004858265301276
  0.00005159329899783  0.00005468926574105  0.00005798654343617  0.00006153986887581
  0.00006929782615241  0.00011464525058712  0.00012227013255960  0.00013003184388555
  0.00013878312881018  0.00014753441373480  0.00015750662134537  0.00016755070964843
  0.00020011651471506  0.00020914563587357  0.00021817475703208  0.00022770829809537
  0.00023807126661898  0.00024843423514260  0.00025908498716441  0.00027097884867498
  0.00028287271018554  0.00029476657169611  0.00058838321500490  0.00117627186840242
  0.00154947639947999  0.00156465603073668  0.00157983566199337  0.00159501529325006
  0.00161019492450674  0.00162537455576343  0.00164055418702012  0.00165573381827681
  0.00167091344953350  0.00168609308079018  0.00170127271204687  0.00171645234330356
  0.00173163197456025  0.00174681160581693  0.00176199123707362  0.00177836599139696
  0.00179547049129631  0.00181257499119565  0.00182967949109500  0.00184678399099434
  0.00186388849089369  0.00188099299079303  0.00189809749069238  0.00191520199059173
  0.00193230649049107  0.00194941099039042  0.00196651549028976  0.00198361999018911
  0.00200072449008845  0.00201782898998780  0.00203429348358944  0.00204958651202430
  0.00206487954045917  0.00208017256889403  0.00209546559732889  0.00211075862576375
  0.00212605165419861  0.00214134468263347  0.00215663771106833  0.00217193073950320
  0.00218722376793806  0.00220251679637292  0.00221780982480778  0.00223310285324264
  0.00224839588167750  0.00226368891011237  0.00227898193854723  0.00229427496698209
  0.00230956799541695  0.00232486102385181  0.00393295741597376  0.00785953388076308
  0.01570613343466902  0.02587779171691176  0.02587779171692176  0.02587779171693176
  0.02587779171694176  0.02587779171695176  0.02587779171696176  1.00000000000000000
  0.10770803292592372  0.11184912422284199  0.11599021551976024  0.12013130681667851
  0.12427239811359678  0.12968910650263946  0.13537771888520231  0.14106633126776519
  0.16276578734407807  0.21316505594315807  0.22173179105517563  0.23029852616719318
  0.23886526127921065  0.24743199639122815  0.25599873150324559  0.26456546661526309
  0.29887976991231180  0.40339484073615817  0.46271874347561226  0.47196386421622294
  0.48120898495683356  0.49045410569744408  0.49969922643805464  0.50894434717866521
  0.51818946791927578  0.56447228588057186  0.57072637773248458  0.57698046958439742
  0.58323456143631014  0.58948865328822297  0.59574274514013581  0.60199683699204865
  0.60825092884396137  0.61450502069587420  0.62075911254778693  0.65864360572241043
  0.66784340271293585  0.66911798131659694  0.67039255992025804  0.67166713852391913
  0.67294171712758033  0.67421629573124142  0.67549087433490251  0.67676545293856372
  0.67804003154222481  0.67931461014588590  0.68058918874954710  0.68186376735320819
  0.68313834595686929  0.68441292456053038  0.68568750316419158  0.68696208176785267
  0.68823666037151376  0.68951123897517497  0.69078581757883606  0.69206039618249715
  0.69333497478615835  0.69460955338981945  0.69588413199348054  0.69715871059714163
  0.69843328920080283  0.69970786780446392  0.70098244640812502  0.70225702501178622
  0.70353160361544731  0.70480618221910840  0.70608076082276960  0.70735533942643070
  0.70862991803009179  0.70990449663375299  0.71117907523741408  0.71245365384107529
  0.71372823244473638  0.71500281104839747  0.71627738965205867  0.71755196825571976
  0.71882654685938097  0.72010112546304206  0.72137570406670315  0.72265028267036435
  0.72392486127402544  0.72519943987768665  0.72647401848134774  0.72774859708500894
  0.72902317568867003  0.82191551947553054  0.87784934806135229  0.88363967270473165
  0.88942999734811101  0.89522032199149038  0.89719224144843501  0.89871204886372635
  0.90023185627901769  0.90175166369430904  0.90205967823664335  1.00000000000000000
  0.04525023301442471  0.20916258649278147  0.20999183965222967  0.21082109281167788
  0.21165034597112606  0.21247959913057426  0.21330885229002247  0.21413810544947068
  0.21496735860891886  0.21579661176836706  0.21662586492781527  0.21745511808726348
  0.21828437124671168  0.21911362440615986  0.21994287756560807  0.22077213072505628
  0.22160138388450448  0.22243063704395269  0.22325989020340087  0.22408914336284907
  0.22491839652229728  0.22574764968174549  0.22657690284119369  0.22740615600064190
  0.22823540916009008  0.22906466231953829  0.23011230356262849  0.23119057604706991
  0.23226884853151131  0.23334712101595270  0.23442539350039412  0.23550366598483552
  0.23658193846927691  0.23766021095371831  0.23873848343815973  0.23981675592260113
  0.24089502840704252  0.24197330089148394  0.24305157337592534  0.24412984586036673
  0.24520811834480816  0.24628639082924955  0.24736466331369095  0.24844293579813237
  0.24952120828257376  0.25308864429772920  0.25864411887458749  0.26419959345144578
  0.26975506802830407  0.27531054260516236  0.28086601718202070  0.28642149175887904
  0.29197696633573739  0.29753244091259567  0.30308791548945391  0.30864339006631220
  0.34223743360727410  0.35858824424250130  0.36362806890542293  0.36866789356834451
  0.37370771823126614  0.37874754289418772  0.38378736755710935  0.38882719222003093
  0.39386701688295256  0.39890684154587419  0.40394666620879582  0.40898649087171751
  0.41402631553463914  0.43884403001119993  0.44397653343273447  0.44910903685426901
  0.45424154027580360  0.45930417977540228  0.46409213313692044  0.46888008649843860
  0.47366803985995676  0.47845599322147492  0.48324394658299302  0.48803189994451113
  0.49281985330602923  0.49760780666754734  0.50383884953834512  0.51151083351357318
  0.51918281748880124  0.59715723742763016  0.66903235161480379  0.67732685922649927
  0.68562136683819475  0.69330879391993905  0.70081846166048056  0.70832812940102208
  0.71506768862406411  0.71506768862407410  0.71506768862408410  1.00000000000000000
  0.18236893018086753  0.19447863328234891  0.20145726656469781  0.20844665410621499
  0.21615700798860515  0.22386736187099532  0.25756982108371518  0.33351684558054973
  0.33462309890592762  0.33572935223130551  0.33683560555668340  0.33794185888206130
  0.33904811220743919  0.34015436553281708  0.34126061885819498  0.34236687218357287
  0.34347312550895076  0.34457937883432860  0.34568563215970649  0.34679188548508438
  0.34789813881046228  0.34900439213584017  0.35011064546121806  0.35121689878659595
  0.35232315211197385  0.35342940543735174  0.35452874395767286  0.35561426641599414
  0.35669978887431542  0.35778531133263669  0.35887083379095802  0.35995635624927930
  0.36104187870760057  0.36212740116592190  0.36321292362424318  0.36429844608256445
  0.36538396854088573  0.36646949099920706  0.36755501345752833  0.36864053591584961
  0.36972605837417094  0.37081158083249222  0.37189710329081349  0.37298262574913482
  0.37406814820745610  0.37515367066577737  0.37623919312409870  0.37732471558241998
  0.37841023804074125  0.37949576049906253  0.38058128295738386  0.38166680541570513
  0.38275232787402641  0.38383785033234774  0.38492337279066902  0.38600889524899029
  0.38709441770731157  0.38817994016563290  0.38926546262395417  0.39035098508227545
  0.39143650754059678  0.39252202999891805  0.39360755245723933  0.39469307491556066
  0.39577859737388194  0.40060861504234579  0.40563746975244025  0.41066632446253465
  0.41569517917262910  0.46022408990571084  0.46565588201598351  0.47108767412625613
  0.47651946623652874  0.48195125834680136  0.48738305045707397  0.49281484256734653
  0.49824663467761909  0.50367842678789165  0.50911021889816421  0.51454201100843688
  0.51997380311870944  0.59729130851025880  0.68812246293924506  0.77895361736823143
  0.81561583106549851  0.82055631566211640  0.82549680025873429  0.83043728485535218
  0.83512630708585311  0.83945911999485745  0.84379193290386190  0.84812474581286623
  0.85245755872187068  0.85448402563730874  0.85448402563731873  1.00000000000000000
 -0.00405581273815521  0.00078332681508132  0.00156665363016264  0.00234998044524395
  0.00313330726032527  0.00391663407540659  0.00469996089048790  0.00548328770556922
  0.00626661452065053  0.00704994133573185  0.00783326815081317  0.00861659496589448
  0.00939992178097580  0.01018324859605712  0.01096657541113843  0.01174990222621975
  0.01253322904130107  0.01331655585638238  0.01409988267146370  0.01488320948654502
  0.01566653630162633  0.01644986311670765  0.01723318993178896  0.01801651674687028
  0.01879984356195160  0.01958317037703292  0.02036649719211423  0.02124541662703987
  0.02226533892069921  0.02328526121435856  0.02430518350801790  0.02532510580167725
  0.02634502809533660  0.02736495038899595  0.02838487268265529  0.02940479497631463
  0.03042471726997398  0.03144463956363333  0.03246456185729268  0.03348448415095202
  0.03450440644461136  0.03552432873827072  0.03654425103193006  0.03756417332558940
  0.03858409561924875  0.03960401791290809  0.04062394020656744  0.04164386250022679
  0.04641608502117073  0.05127412293006103  0.05613216083895133  0.06099019874784162
  0.12698950528888131  0.22055889525092748  0.31412828521297359  0.33726518990737303
  0.34221247259608945  0.34715975528480586  0.35210703797352222  0.35705432066223863
  0.36200160335095494  0.36694888603967130  0.37189616872838765  0.37684345141710401
  0.38179073410582032  0.38673801679453668  0.39168529948325304  0.41094975803847994
  0.42169408053471635  0.42704864811866949  0.43240321570262258  0.43775778328657572
  0.44311235087052886  0.44846691845448200  0.45382148603843514  0.45917605362238828
  0.46453062120634148  0.46988518879029467  0.47523975637424787  0.50411453028950415
  0.59768392025155037  0.69125331021359648  0.78482270017564271  0.87839209013768882
  0.92138931364080712  0.92938093471592509  0.93737255579104306  0.94536417686616103
  0.95335579794127900  0.96075193522969626  0.96716467591450928  0.97357741659932229
  0.98002183067041693  0.98668122044694451  0.99334061022347209  1.00000000000000000
  0.02825152476628624  0.15001707892150073  0.15420082450966821  0.15838457009783569
  0.16256831568600316  0.16676446319731458  0.17155581730731811  0.17634717141732165
  0.18113852552732521  0.18592987963732874  0.25000903352761406  0.25529293956855431
  0.26057684560949457  0.26586075165043482  0.27114465769137508  0.27642856373231539
  0.28171246977325570  0.28699637581419601  0.29228028185513633  0.29756418789607653
  0.30284809393701678  0.30813199997795704  0.32865539830005069  0.42185667104002705
  0.51505794378000325  0.52621619601461211  0.53195465280330312  0.53769310959199412
  0.54343156638068502  0.54917002316937591  0.55490847995806691  0.56064693674675781
  0.56638539353544870  0.57212385032413959  0.57786230711283049  0.58767681281615047
  0.66778082197208766  0.67508767101389866  0.68239452005570966  0.68970136909752067
  0.69700821813933167  0.70431506718114267  0.71162191622295368  0.71892876526476479
  0.72623561430657579  0.78498139852358761  0.79261100954735331  0.79362832372861969
  0.79464563790988596  0.79566295209115223  0.79668026627241861  0.79769758045368488
  0.79871489463495127  0.79973220881621754  0.80074952299748381  0.80176683717875019
  0.80278415136001646  0.80380146554128284  0.80481877972254912  0.80583609390381539
  0.80685340808508177  0.80787072226634804  0.80888803644761442  0.80990535062888069
  0.81092266481014696  0.81193997899141335  0.81285125103933942  0.81363265930181272
  0.81441406756428614  0.81519547582675944  0.81597688408923275  0.81675829235170616
  0.81753970061417947  0.81832110887665288  0.81910251713912618  0.81988392540159949
  0.82066533366407290  0.82144674192654621  0.82222815018901951  0.82300955845149293
  0.82379096671396623  0.82457237497643965  0.82535378323891295  0.82613519150138626
  0.82691659976385967  0.82769800802633298  0.82847941628880628  0.82926082455127970
  0.83004223281375300  0.83082364107622642  0.83160504933869972  0.83238645760117302
  0.83316786586364644  0.83633149067560819  0.83633149067561818  1.00000000000000000
  0.63204669555028281  0.79644917475918664  0.80123168285170654  0.80601419094422644
  0.81079669903674634  0.81595763401590815  0.82132790044095161  0.82669816686599495
  0.83206843329103830  0.83619869349565557  0.83994689671085188  0.84369509992604819
  0.84744330314124450  0.85119150635644081  0.85493970957163712  0.85868791278683332
  0.86243611600202963  0.86618431921722583  0.86993252243242214  0.87368072564761834
  0.87726440691699625  0.88075872798038168  0.88425304904376723  0.88774737010715266
  0.89124169117053820  0.89473601223392363  0.89984874589108677  0.90570237162726208
  0.91155599736343751  0.91707739508742392  0.92031345355291028  0.92354951201839663
  0.92678557048388299  0.93002162894936935  0.93325768741485571  0.93649374588034218
  0.93986306903668126  0.94329253116639100  0.94672199329610085  0.95015145542581059
  0.95358091755552044  0.95701037968523017  0.95887062472575380  0.95974535202878364
  0.96062007933181348  0.96149480663484332  0.96236953393787317  0.96324426124090301
  0.96411898854393285  0.96499371584696270  0.96586844314999265  0.96674317045302249
  0.96761789775605234  0.96849262505908218  0.96936735236211202  0.97024207966514187
  0.97111680696817171  0.97199153427120155  0.97286626157423139  0.97374098887726124
  0.97461571618029108  0.97549044348332092  0.97636517078635077  0.97723989808938061
  0.97811462539241045  0.97898935269544030  0.97972410845755675  0.98042327713143418
  0.98112244580531149  0.98182161447918881  0.98252078315306624  0.98321995182694355
  0.98391912050082087  0.98461828917469829  0.98531745784857561  0.98601662652245292
  0.98671579519633035  0.98741496387020766  0.98811413254408498  0.98881330121796240
  0.98951246989183972  0.99021163856571703  0.99091080723959446  0.99160997591347178
  0.99230914458734909  0.99300831326122652  0.99370748193510383  0.99440665060898115
  0.99510581928285857  0.99580498795673589  0.99650415663061331  0.99720332530449063
  0.99790249397836794  0.99860166265224537  0.99930083132612268  1.00000000000000000
   6.3313752395184920E-009  -1.0000000000000000     
 F F F F F F F F F F F F F F F F F F F F F F F F F F F F F F F F F F F F F F F F F F F F F F F F F F F F F F F F F F F F F F F F
  <DiscreteSampler_grid>
  grouped_processes
  1 # 1 for a reference and 2 for a running grid.
  10 # Attribute 'min_bin_probing_points' of the grid.
  1 # Attribute 'grid_mode' of the grid. 1=='default',2=='initialization'
  0.0000000000000000 # Attribute 'small_contrib_threshold' of the grid.
  0.5000000000000000 # Attribute 'damping_power' of the grid.
 # binID   n_entries weight   weight_sqr   abs_weight
    10   10   1.317282836400070E+002   3.991208769018894E+004   1.317282836400070E+002
  </DiscreteSampler_grid>
