  0.00422764066366130  0.00809774974258032  0.01326262373722886  0.02121971547450640
  0.03357847738874837  0.04663056242087478  0.05945177982348476  0.07122808177893220
  0.08220115621840741  0.09440690328568652  0.10794008075742775  0.12182948096122150
  0.13546046071150500  0.14640149084855236  0.15513482614907689  0.16436397291663810
  0.17291539890418950  0.18391596939027929  0.19629254091895826  0.21037371771186245
  0.22246113689679817  0.23335570498641606  0.24408820922269214  0.25348038953876145
  0.26150977048692642  0.27083410794858309  0.28027894883446425  0.29182317883040038
  0.30402878965431862  0.31599133218484027  0.32861884411876024  0.34180347251442644
  0.35480137641488596  0.36804893801199434  0.38112691639564311  0.39397476827630035
  0.40699909559018804  0.41999145609519034  0.43022158249030817  0.43979242180799594
  0.44939873761899052  0.45978345479205146  0.47101951422086125  0.48157200759019281
  0.49289163624242660  0.50454088600636826  0.51628200936837632  0.52840665250419905
  0.53960105726363727  0.54930242130157991  0.55796307939979950  0.56642761868818836
  0.57545407245349856  0.58551397018639595  0.59684972948434911  0.60919359335306744
  0.62216821238485964  0.63254660365798465  0.64153503414880819  0.65119240427854108
  0.66196026901505500  0.67423317484883716  0.68708173428669417  0.70166225620271983
  0.71391486943765214  0.72269418115903228  0.72953265269104994  0.73523040746881541
  0.74159319611253460  0.75048851251349347  0.75955376225203663  0.76654619670442070
  0.77347149615482902  0.78113882116053635  0.79040497637474316  0.80141844890796787
  0.81368705599810920  0.82484532297883395  0.83501942147039510  0.84478429204832117
  0.85451264773870095  0.86478998659817052  0.87560226447010092  0.88712889570974240
  0.89800424425069225  0.90558905665835387  0.91435599946732116  0.92321882772652197
  0.93291455373376242  0.94221942779949353  0.95126014193185449  0.95934015168354325
  0.97065740713355619  0.98037461552442173  0.98994276051958197  1.00000000000000000
  0.00030048882836918  0.00046341692981912  0.00069599547038332  0.00091042288461237
  0.00111329588106396  0.00128967254772552  0.00144593069275069  0.00160917861515402
  0.00176798556767772  0.00193319026163888  0.00210966770103594  0.00231342272905534
  0.00251909274035501  0.00270255025350587  0.00289797035710008  0.00313347364992456
  0.00337209142083012  0.00362597821187453  0.00387888347456332  0.00415049693300249
  0.00442134937343905  0.00469732534495613  0.00498321186393155  0.00527879948643142
  0.00560071806182198  0.00593023819931870  0.00623913212480773  0.00653630637356346
  0.00685830422150317  0.00722113006711886  0.00761661546748294  0.00803621621385113
  0.00851182049282830  0.00912725818382618  0.00973549534859147  0.01022043922749165
  0.01063275980075925  0.01102880458897865  0.01142444176052916  0.01179501163006230
  0.01214301055159060  0.01248764793383418  0.01285729748142332  0.01333142498095238
  0.01390154904675516  0.01441690516234112  0.01484968316305187  0.01524094756489552
  0.01568622648147679  0.01624025301667287  0.01677730225697120  0.01722884118263356
  0.01764608060471374  0.01804247900312773  0.01844879866713820  0.01890089595431892
  0.01947860735891033  0.02014305404632217  0.02075361498997103  0.02120848912484428
  0.02179889669633494  0.02250498320702254  0.02332715710248928  0.02443119306973322
  0.02579672635481848  0.02696256432556720  0.02816533613026848  0.02938144035508998
  0.03061158282464631  0.03196031047050082  0.03331381767939918  0.03453929300098996
  0.03595194066453770  0.03735259697097999  0.03853868220823012  0.04032598810372601
  0.04142959266911764  0.04263601797141693  0.04453820246167577  0.04631278898178867
  0.04765158198102977  0.04892671766710310  0.05061560230652992  0.05315263196264110
  0.05612286216738518  0.05895825951508101  0.06158753210259585  0.06485452751365413
  0.07676878658928288  0.08345840566881654  0.08939562403973779  0.09636883486193935
  0.10244874822720623  0.10748960836815336  0.11127616192015148  1.00000000000000000
  0.00000831068447120  0.00000862456928162  0.00000890012185485  0.00000917189615980
  0.00000951142706474  0.00000999573458664  0.00001050911652119  0.00001108832626613
  0.00001166265309646  0.00001221783865956  0.00001270260611778  0.00001321071869054
  0.00001376135435455  0.00001437112530211  0.00001499010278361  0.00001560859806109
  0.00001632255158788  0.00001703672016451  0.00001791163377475  0.00001884898165198
  0.00002024048790274  0.00002174847804059  0.00002357430723746  0.00002546588636223
  0.00002695582997610  0.00002847536529800  0.00003002749410742  0.00003156344186428
  0.00003332576822626  0.00003521863029045  0.00003741102552530  0.00004021481640218
  0.00004333829720224  0.00004665410512019  0.00005026420753131  0.00005310557338783
  0.00005614708813231  0.00005971147909291  0.00006367882969646  0.00006829564198162
  0.00007307307448783  0.00007856290149737  0.00008488718914291  0.00009131326042303
  0.00009784733273295  0.00010527163432635  0.00011276934274726  0.00012110808274747
  0.00013075023259436  0.00014095762040084  0.00015137964349842  0.00016250166838892
  0.00017694998050145  0.00019334053484393  0.00020923295808435  0.00022598812421281
  0.00024446162129109  0.00026735449220309  0.00029185327664292  0.00031801957308818
  0.00034662502235406  0.00037927502552595  0.00041457398379286  0.00045614223602057
  0.00050547007242503  0.00056408146293183  0.00063305694788776  0.00071321610073636
  0.00080141450865656  0.00089532758145971  0.00100312682880841  0.00111635873732876
  0.00123493809734142  0.00134983093247498  0.00145436242059713  0.00158648975340400
  0.00176619120914575  0.00199563351904817  0.00229939029277868  0.00271668788992586
  0.00326593414423720  0.00387700738904207  0.00446697923306836  0.00505473565664752
  0.00570978238396932  0.00653877732964237  0.00760750974130017  0.00874328161356168
  0.00984994342162454  0.01131076905645617  0.01375041841935077  0.01796460491988128
  0.02882800682631643  0.05808455768591285  0.10406752111057596  1.00000000000000000
 -0.00555057436106248  0.01909614776758939  0.03792895937988032  0.04981799408472614
  0.06133431710059595  0.07404380200756738  0.08784335269333515  0.09971288319239434
  0.10925713974211781  0.11851073288838257  0.12867952818896403  0.13933475399230158
  0.15017082306426702  0.16160248224964688  0.17322597605788762  0.18504222395941206
  0.19870638798760404  0.21475058341499839  0.22963210697616329  0.24064719711838606
  0.25068011055277556  0.26164554368062393  0.27351358974407169  0.28443551766939301
  0.29533015620325209  0.30710235962400229  0.32099532379582141  0.33400535699587547
  0.34651362270525099  0.36084874073546247  0.37447182131473755  0.38679602301946392
  0.39826103086589371  0.40965631141110048  0.42033768974545144  0.42982625216543618
  0.43901761924280946  0.44855611342072754  0.45861747842272432  0.46848129507642372
  0.47932665354697812  0.49143049285486434  0.50354811828252610  0.51459406731985702
  0.52473983520317002  0.53499292417655520  0.54486935509461509  0.55503473057352271
  0.56505843780460829  0.57409035659381746  0.58225794008443987  0.59003818455820956
  0.59773221436839041  0.60796360995283338  0.61768320069529015  0.62629817802267174
  0.63334598034613210  0.63980386007062806  0.64686099204139325  0.65510197631571698
  0.66453966284189925  0.67637726440055546  0.68751150609929312  0.69802686169457617
  0.70799466110276987  0.71742801890749985  0.72607058786097711  0.73420517192340684
  0.74232141964697085  0.75103176432280072  0.76061272316220252  0.77021235234672503
  0.77988248999005705  0.79223295321114184  0.80509285226675531  0.81772506032809200
  0.82946199000033671  0.83928551028188281  0.84798898468247408  0.85639403654819668
  0.86397881264313003  0.87114025338971524  0.87769941504792759  0.88425532221174274
  0.89135656078161674  0.90132918250344896  0.91234373782086231  0.92282118393918888
  0.93266148818739192  0.94272004052914427  0.95298936422981539  0.96272554810270106
  0.97188941062224365  0.98091912569089490  0.99071485965437345  1.00000000000000000
 -0.00170121912994235  0.00898684632782110  0.01867062581843456  0.02933261650434105
  0.03947004599488003  0.04652596555034310  0.05387375813824302  0.06236624398612065
  0.07492947557862631  0.08893538541343322  0.10068264171116197  0.11037183918259150
  0.11985093914176062  0.12942868033211793  0.13785461331444021  0.14642111564523846
  0.15466794771896758  0.16157563210650325  0.16877570937474076  0.17628853102248720
  0.18521841536478981  0.19415565893747957  0.20469084257432196  0.21828650392359672
  0.23158882320992485  0.24412023157606816  0.25639238492416178  0.26807018135734439
  0.27962682638492881  0.29236478212031175  0.30561048569983990  0.31738680938098590
  0.32878756905364920  0.33974261869749345  0.35160803383390349  0.36312859660666785
  0.37467897283452783  0.38783961546126322  0.40286660302833738  0.41632399556968458
  0.42920909500409588  0.44070954387665096  0.45320036741074216  0.46731179228031672
  0.48304925510555924  0.49781642288024730  0.50919222109678308  0.51776499461853065
  0.52618343086839114  0.53469203449335601  0.54336509993008486  0.55379837674010124
  0.56433278330139514  0.57544470719521823  0.58673865295476824  0.59682958899183425
  0.60885966271232306  0.62071398646818954  0.63235699457874683  0.64380845133850750
  0.65660485447331607  0.66775689222408119  0.67821215104693044  0.68878152198145015
  0.69863508349171233  0.70743965357729066  0.71622507855611073  0.72602161687363997
  0.73868738606930517  0.75243008798550204  0.76460406610047782  0.77578750499897886
  0.78687112943292559  0.79791637538900528  0.80967303540478974  0.82073333163356144
  0.82947759404157517  0.83754721093715900  0.84548213277206674  0.85430586753485449
  0.86479729800229854  0.87500448015154197  0.88451947350063787  0.89321131877100246
  0.90107623322173946  0.90924566127310780  0.91666861984013381  0.92449638480725305
  0.93245893283342274  0.94140567688816490  0.94960715349618885  0.95813436994889534
  0.96796161871430153  0.97829789760099173  0.98856143366904237  1.00000000000000000
 -0.00340206086372793  0.01422389459616786  0.03072916675204631  0.06040061476291997
  0.08584944693360512  0.11181435109215300  0.14226068516239873  0.17390937186583172
  0.20239499066070041  0.23198558022896326  0.25744788440326238  0.27938799185751517
  0.30093038648896836  0.32533133936693220  0.35286491474779347  0.37831704152823564
  0.40019556469244749  0.42193230689020783  0.44183407620302689  0.46048002750139522
  0.47953556803723674  0.50444456042849406  0.52806929599503372  0.54593826343170748
  0.56096407011365435  0.57657144150685558  0.59295971344621379  0.60908188643316907
  0.62491089803926037  0.63996686204615738  0.65333344101653712  0.66538205446411525
  0.68186881026178514  0.69769244766220972  0.71301703045853493  0.72764980865431217
  0.74159057968735709  0.75427451672873091  0.76617745864916764  0.77748035138736959
  0.78716765529938737  0.79666768448116265  0.80576481633765862  0.81473518995041327
  0.82328898731307765  0.83209072794926653  0.83976857086816648  0.84719610040945903
  0.85420990584263834  0.86156917479536610  0.86889335171522297  0.87612411421940939
  0.88302247635085429  0.88960096269823796  0.89611875706944166  0.90249240227539984
  0.90715969522557560  0.91180950232388946  0.91603213040688969  0.91988062604183751
  0.92341702968716954  0.92804919038417710  0.93305412124535048  0.93737786192964456
  0.94079843122827322  0.94379791041861705  0.94660246843849138  0.94940440908298640
  0.95250622360095838  0.95570196256734152  0.95883976034343610  0.96162981141211046
  0.96382003913745995  0.96566727525648111  0.96756199862773307  0.96940552810055569
  0.97117772372254818  0.97278522916083776  0.97429249478557556  0.97577439146306599
  0.97724368367266057  0.97864215251496067  0.97994747978129104  0.98134379370646119
  0.98314592827013880  0.98477081572611080  0.98637344544531458  0.98807601634817044
  0.98977647594040696  0.99142281946859423  0.99300148092689910  0.99443674007243432
  0.99586832931658276  0.99729580697038889  0.99865794115529782  1.00000000000000000
 -0.00339123693930129  0.01189949226147949  0.02342583590047799  0.03358820293009875
  0.04158392102104613  0.04888202610642393  0.05565966720528746  0.06362393316080944
  0.07361911889056498  0.08447620295386073  0.09548706321201804  0.10710317971819754
  0.11915754469134622  0.13284932391587473  0.14635137958445202  0.15960669147543896
  0.17134975059457253  0.18297650125851395  0.19471620059364220  0.20692383847154164
  0.22015234685511115  0.23310544240269901  0.24334491217189733  0.25198448567090159
  0.25904377884081220  0.26680954850651906  0.27604827947688754  0.28503594448528685
  0.29402264517316712  0.30442781410957548  0.31438807230361149  0.32589892709389046
  0.33772398176795571  0.34846395037637468  0.35999638637803710  0.37135319792118682
  0.38277235532948695  0.39316102553585197  0.40281192968513596  0.41211854237205225
  0.42120681847515229  0.43055108742962234  0.43998736509423425  0.44931209256314208
  0.45941820920983234  0.46944126375034223  0.47966719987689543  0.49038598353115620
  0.50136056380634630  0.51388791320952032  0.52396984536436708  0.53290239590839217
  0.54144575513646509  0.55103273420722443  0.56065081155101859  0.56920835998707886
  0.57831664820296980  0.58850195943519001  0.59929890825089593  0.61121528418121773
  0.62249553346959985  0.63386233788246926  0.64535336445597435  0.65768522319423461
  0.67089773372092476  0.68520403308336109  0.69612443599609208  0.70609521733363845
  0.71379096444640111  0.72020063255255762  0.72677540150459341  0.73431674716689210
  0.74275867278125274  0.75032929507287871  0.75937399257869442  0.76894566051074420
  0.78038221803757979  0.79550177313907533  0.81163485658640866  0.82563317972921013
  0.83681381744025995  0.84684616447385197  0.85700700457211609  0.86809950534710123
  0.88203595708016680  0.89493100554973948  0.90651030979071479  0.91727627833392478
  0.92754875350336474  0.93806338882897200  0.94885973898097109  0.95979913586655086
  0.97047273391902511  0.98112155381667610  0.99088567565637198  1.00000000000000000
 -0.00143736095019482  0.00688404759694781  0.01532302256037962  0.02384834323306493
  0.03349910679378774  0.04361010180188064  0.05341542827876214  0.06238708044398165
  0.07071936823591948  0.07912460011270221  0.08833909300576785  0.09842787781999122
  0.10910607817831686  0.11868918253453592  0.12731942496918683  0.13696504604730830
  0.14624999488302406  0.15588760229565210  0.16550716115419087  0.17641399650997772
  0.18830070207019428  0.20115409863082453  0.21385861041270537  0.22519230459134507
  0.23676630112217004  0.24711165827894926  0.25637256594663849  0.26482736957410491
  0.27430894363521457  0.28410080026536244  0.29365371920300465  0.30208676261380829
  0.30988561758142297  0.31803567070900240  0.32691129599460850  0.33586107305361035
  0.34540845804288944  0.35588056035655613  0.36761823170984631  0.37903492899273966
  0.38735347825847560  0.39737028649253869  0.40762626527681561  0.41965132309409331
  0.43120013086226672  0.44458773560278397  0.45714825483481974  0.46814697362828406
  0.47845351987249524  0.48887922268981715  0.49955795874623282  0.50971835474297755
  0.51975146770430414  0.53065087533258681  0.54228679025811932  0.55277942271550751
  0.56263528474772551  0.57322058391073505  0.58450798543422200  0.59564136172036042
  0.60656476676002347  0.61770134389913967  0.62893785777739164  0.63987626627829963
  0.65261079822902168  0.66818831296208181  0.67874429648793921  0.68851934863363218
  0.69741570415211740  0.70682033367377695  0.71622195217070983  0.72396876796545673
  0.73235088288508643  0.74224833894352726  0.75403940640912959  0.76669510118338202
  0.77963141115172685  0.79189520864083229  0.80366239410557350  0.81718431585239648
  0.83208407862087874  0.84535053282980188  0.85629302707596477  0.86755786193988182
  0.87922049646310152  0.89172302096175304  0.90510873391072422  0.91666104170433771
  0.92666419050453008  0.93591964622229529  0.94528286445897058  0.95381723020444131
  0.96420827073645921  0.97525076913790032  0.98765321306803966  1.00000000000000000
  0.39497897182993064  0.61984105435084969  0.66161354538807349  0.70056791507589011
  0.73231352179947040  0.76024338487288456  0.78276492757503668  0.80281774580756149
  0.82065015777946848  0.83610130649302106  0.85031085761525893  0.86267849113721518
  0.87433536849314042  0.88458099285203839  0.89387525377024857  0.90159531569334650
  0.90910476802262308  0.91633555000355116  0.92239299575395095  0.92783588715484100
  0.93298366109281583  0.93776939045745922  0.94176375704370563  0.94558253559089211
  0.94926829722702932  0.95268261298943002  0.95577582220650670  0.95836814921012703
  0.95999261979517614  0.96161867056684625  0.96325335981296667  0.96492506728328531
  0.96650009763161493  0.96802558464342336  0.96953666306492148  0.97098925228307653
  0.97233639981757336  0.97366012870770358  0.97491137623659518  0.97614040762008114
  0.97735746858981809  0.97852724050240059  0.97949344457013676  0.98032998308086350
  0.98114607522788877  0.98195441498305269  0.98280138804433748  0.98358371584858728
  0.98440193466013126  0.98520406820282735  0.98592442549514214  0.98655501764630316
  0.98717170256723086  0.98777019743637084  0.98834951681460159  0.98890754121467406
  0.98948721192162137  0.99005105528645643  0.99055136688783252  0.99103147277175985
  0.99148648928516281  0.99191780119667516  0.99232700511238880  0.99272128597712561
  0.99307785731072962  0.99342825720521255  0.99377475430346007  0.99411298292946948
  0.99441512790759223  0.99471305875941640  0.99499706435981550  0.99526655640499517
  0.99554888239977402  0.99581141508053905  0.99605906852369774  0.99628890022571892
  0.99649776708140414  0.99670814480880099  0.99692573859439892  0.99711986102555583
  0.99730915542357390  0.99749527079401556  0.99766693698231479  0.99783239163368542
  0.99798929176195006  0.99814516741280113  0.99829650292296535  0.99844796047032158
  0.99861032636249425  0.99877389267552930  0.99894263022373908  0.99912448143704213
  0.99932569096382007  0.99953703068061861  0.99975940663229035  1.00000000000000000
   1.2159898945744074E-007  -1.0000000000000000     
 F F F F F F F F F F F F F F F F F F F F F F F F F F F F F F F F F F F F F F F F F F F F F F F F F F F F F F F F F F F F F F F F
  <DiscreteSampler_grid>
  grouped_processes
  1 # 1 for a reference and 2 for a running grid.
  10 # Attribute 'min_bin_probing_points' of the grid.
  1 # Attribute 'grid_mode' of the grid. 1=='default',2=='initialization'
  0.0000000000000000 # Attribute 'small_contrib_threshold' of the grid.
  0.5000000000000000 # Attribute 'damping_power' of the grid.
 # binID   n_entries weight   weight_sqr   abs_weight
    10   10   1.110122286645693E+001   9.155820226951282E+002   1.110122286645693E+001
  </DiscreteSampler_grid>
