  0.00298573042921687  0.00947314912740271  0.01620134930587423  0.02359129167834883
  0.03211935103599137  0.04291596721356646  0.05611705010832322  0.06879591242402550
  0.08035971576294196  0.08862763162335083  0.09406721990912509  0.09990115018021857
  0.10731144655661073  0.11685813107601695  0.12571188996129370  0.13325288168734586
  0.14079983112301631  0.14828799681818883  0.15684621666385623  0.16764064846679880
  0.17747721395713170  0.18808775732040345  0.19952225989888564  0.21102674473700328
  0.22072524865396637  0.22962654744454369  0.23791252732407991  0.24662494809955982
  0.25474859870644562  0.26407424655790729  0.27692324285473885  0.29081770594289308
  0.30273808966003340  0.31379471002070969  0.32722727804493701  0.34345763772422316
  0.35878655237075147  0.37027382239562318  0.38019697762625143  0.39034882296157453
  0.40078420714200630  0.41286623403588990  0.42595588151498415  0.43715614711107176
  0.44739662922279660  0.45708875494339712  0.46662636468828250  0.47529515419353124
  0.48386555033162570  0.49447903873099625  0.50432942202470588  0.51396218510616987
  0.52479614693442234  0.53721501427053098  0.55174588625681664  0.56563820844711343
  0.57769900723101963  0.58920060954124642  0.60122394033454263  0.61445127441444991
  0.62863518659695428  0.64346768078525951  0.65818144746031648  0.67403313831950695
  0.69025275421141230  0.70508550549115789  0.71625101571571648  0.72542666180464932
  0.73490347214765495  0.74545012394624555  0.75556640350107007  0.76658227233486242
  0.77773976069540807  0.78962942781737133  0.80055408151750074  0.80861795628955391
  0.81708866491992715  0.82524850921104831  0.83328242583086354  0.83976855432792730
  0.84789841858723725  0.86054744043923737  0.87509089186764299  0.88884181354052882
  0.90286834442268682  0.91680926623360437  0.92747432957162590  0.93506331467351389
  0.94295653853907513  0.95057887601826718  0.95954710401369292  0.96723319099992067
  0.97478465957085192  0.98282113290495510  0.99125928764594873  1.00000000000000000
  0.00000814438286436  0.00000828802104738  0.00000841568899580  0.00000854176604131
  0.00000868221005323  0.00000888290152869  0.00000913194563100  0.00000942427631769
  0.00000966580076787  0.00000991977489052  0.00001022524550733  0.00001056860402577
  0.00001096518607468  0.00001136724250941  0.00001171979084574  0.00001209431664957
  0.00001268069736551  0.00001333618106178  0.00001407525320308  0.00001486396923615
  0.00001552644691371  0.00001620103065546  0.00001694344873681  0.00001772822409785
  0.00001849979182470  0.00001944828295274  0.00002069397417914  0.00002199305104539
  0.00002336435000007  0.00002483061872450  0.00002643937231139  0.00002820982299640
  0.00003017449796179  0.00003234918221932  0.00003466577221843  0.00003687754803958
  0.00003912909635879  0.00004169099270886  0.00004455402239871  0.00004784072665079
  0.00005185184181856  0.00005661482744330  0.00006240261840182  0.00006882687578520
  0.00007567865606671  0.00008304343687131  0.00009052620420470  0.00009779559117569
  0.00010545280006232  0.00011456070018186  0.00012495860811402  0.00013417144179437
  0.00014394005887296  0.00015376250805700  0.00016641214232987  0.00018195031115827
  0.00019824198727646  0.00021554994807735  0.00023586284629646  0.00025886694003603
  0.00028510724484624  0.00031983574537341  0.00036057509538515  0.00040372153728161
  0.00044822017777658  0.00049634358437813  0.00055856562110649  0.00063211129817063
  0.00070482353176498  0.00078939282782037  0.00089249966141813  0.00101679752742897
  0.00116358973466548  0.00132497471553041  0.00151884273825079  0.00176384926657156
  0.00203770578841120  0.00230521598022461  0.00250853723114214  0.00268270950925410
  0.00282662724390320  0.00295658590018421  0.00316568671716285  0.00353155948736722
  0.00401195318972280  0.00471841681688596  0.00568852890771420  0.00702738551240179
  0.00877052856128370  0.01082883812714670  0.01368204518632975  0.01926740584382076
  0.02683727341338180  0.05826587238164797  0.35003629856386348  1.00000000000000000
  0.00000078118091348  0.00000600658487320  0.00000940045676065  0.00001415140111228
  0.00002095227871855  0.00003120828569324  0.00004463938987049  0.00006313201671924
  0.00008736002170387  0.00012409909042820  0.00017187728740110  0.00022213992896663
  0.00027848311663489  0.00034585772170809  0.00042756781691671  0.00051253732608015
  0.00059844938277420  0.00067609685580304  0.00075942932715375  0.00086697677890347
  0.00100775052821289  0.00114596557588721  0.00128407779930926  0.00141838271352701
  0.00155210086951765  0.00169229056704358  0.00186796495636585  0.00205732609867391
  0.00220394519150909  0.00234580105136927  0.00250255083931113  0.00267013335531600
  0.00284882301907170  0.00306351620248601  0.00334920767866781  0.00369864716506090
  0.00404371900090595  0.00436083604560713  0.00466933191424487  0.00500116711159879
  0.00533762709981884  0.00571679775705775  0.00610785540591065  0.00649731245557812
  0.00688235530382274  0.00725905120674728  0.00763247566084498  0.00801376336204225
  0.00848074589125770  0.00895117805633049  0.00941835492281059  0.00986034792331813
  0.01025337748628805  0.01061738114222700  0.01099800328885613  0.01137664419735130
  0.01188885603521720  0.01248394797778117  0.01318281233108757  0.01386314432328794
  0.01442424067859666  0.01550118224868622  0.01662433564784036  0.01795622703105151
  0.01922866355646754  0.02007810948047292  0.02105943600794275  0.02239182862250529
  0.02376729098738002  0.02522850729097895  0.02685642747929307  0.02885727385067367
  0.03035719445803595  0.03105976006145118  0.03180362357245197  0.03268118131136320
  0.03368746048421845  0.03507557391839879  0.03654279197164405  0.04234934317521911
  0.04851721761142027  0.05142804196724821  0.05408577272013083  0.05673511217123552
  0.06009520831001958  0.06401192682320875  0.06690174314468982  0.06995042451053728
  0.07198462677128073  0.07324825979033198  0.07451212335026854  0.07577615909885727
  0.07692716723519830  0.07798339670565213  0.23073160882787991  1.00000000000000000
 -0.00212310413357027  0.00610208309708480  0.01445856239672221  0.02321504900454696
  0.03274787451564306  0.04289939648980099  0.05242126370268238  0.06160057405144822
  0.07072099752219776  0.08031824968725970  0.08960467040989331  0.09878645336323040
  0.10833553849496198  0.11805521094621160  0.12748375741902268  0.13617658575545422
  0.14438796575256468  0.15232964520365758  0.16037415594606877  0.16863109556073475
  0.17683081604005896  0.18294055983996410  0.18893467930050376  0.19586682749545944
  0.20227126897813238  0.20961427319914747  0.21904699613571538  0.22926889363929887
  0.23944203769014957  0.25049841247662336  0.26024891295137276  0.27021658092169293
  0.28058652336228518  0.28695814126618180  0.29348551317527055  0.30018543387295527
  0.30776234017535520  0.31511986230509043  0.32667478060700866  0.33218192523077172
  0.33719646441243262  0.34184781802950343  0.34642016955079347  0.35007709776921919
  0.35412052353927431  0.36168304507916194  0.37044593677289045  0.37736975019734048
  0.38509939934244841  0.39307102181500819  0.40246145596890803  0.41435708849542197
  0.42742290295514551  0.44126424543233833  0.45428449221494771  0.46505468771498415
  0.47517950161248151  0.48550824087984135  0.49959522706289505  0.51911519887148971
  0.53323180513158541  0.54493717568389222  0.55489425312814211  0.56214373971279297
  0.57073594315229148  0.58104128081331785  0.59142676442335074  0.60060650773768776
  0.60863383941967364  0.61663527676397090  0.62507373074360195  0.63626675492646945
  0.64934847386510086  0.66250361649488765  0.67290508579999830  0.68266291975429683
  0.69280455969676202  0.70199677341237177  0.71157536925756015  0.72170267262722743
  0.73333144427038666  0.74731901434229575  0.75822579514739286  0.76764502818637548
  0.78013884862153204  0.79161820243683700  0.80358014606538619  0.81799448907521899
  0.83449017998472153  0.85677280634441388  0.87880634620961173  0.90049558440834965
  0.92272223642472340  0.94869388740034444  0.97615698604782886  1.00000000000000000
 -0.00284940354308895  0.01454766654667935  0.02845957474376792  0.03718751711644941
  0.04435390769073775  0.05120644748804914  0.05753521739274148  0.06373795193965065
  0.06969435200627358  0.07529144511947029  0.08386880485213723  0.09289929743945585
  0.10344836805150910  0.11688626316045370  0.13198107764456399  0.14432558606449972
  0.15331372753972400  0.16252665967055246  0.17181261940657691  0.18232937692636994
  0.19481878973122907  0.20850805667735087  0.22210442586950571  0.23426808854201922
  0.24540275306543094  0.25632317662438253  0.26721040312973565  0.27815893294008298
  0.28858582788286113  0.29884276898130735  0.31002992098589349  0.32133969793867112
  0.33191826960288806  0.34175550170213864  0.35176536109653594  0.36186120898079954
  0.37287565981083509  0.38499154097574656  0.39955589842720796  0.41256130627183002
  0.42188816881772145  0.42963417817508204  0.43671447123921397  0.44263766216600231
  0.44889410941351737  0.45691503721780691  0.46564039272398711  0.47413065679467309
  0.48058037995014302  0.48830585425013906  0.49655389922543830  0.50609868728468255
  0.51761932652794462  0.52876736768817012  0.54200703048123144  0.55309287198154633
  0.56323945696837729  0.57237750129638598  0.58031409917996957  0.59000825284526337
  0.60185787638948129  0.61386802994566680  0.62599762167607653  0.63778742708739045
  0.64860050863918528  0.65930743521196034  0.67044403117116580  0.68159860124343297
  0.69289516600366929  0.70546292470668182  0.72064763701725965  0.73760464461614383
  0.75185015694802326  0.76343802877661893  0.77422912943502631  0.78541733230206567
  0.79754177909127999  0.80793606294289244  0.81777538871749611  0.82798150206401999
  0.83727629237042234  0.84782239225576128  0.86007779159007791  0.87572119158662698
  0.89041480271764384  0.90175258839630068  0.91038032851696771  0.91776879260968525
  0.92580517257767225  0.93545062812121171  0.94605620590764572  0.95574061328206006
  0.96493555308301593  0.97460044971775162  0.98504432306316436  1.00000000000000000
 -0.00188086044620722  0.00826751478337961  0.01893070468297342  0.02685493074046873
  0.03149941146229620  0.03675869025176139  0.04310968034982755  0.04983980457730014
  0.05834024376272141  0.06817115238754766  0.07744401486092328  0.08715613301633091
  0.09709762791182475  0.10902369802805853  0.12183776147968470  0.13381262275348887
  0.14572843238142286  0.15563262973941114  0.16590295704255900  0.17492577671272583
  0.18329494421818635  0.19196291683341510  0.20131520317232887  0.21117015033603448
  0.22235114585702917  0.23471898729943180  0.24808902235334351  0.25938451651609290
  0.26985513530718325  0.27936487497489648  0.28839428395771577  0.30012871542142477
  0.31278142827466199  0.32276059258869427  0.33214305584704840  0.34167214709315125
  0.34939269371526588  0.35678947812091827  0.36457091417141635  0.36911004443905759
  0.37257841154257498  0.37710044255902164  0.38183579894827502  0.38824867059377671
  0.39546942140070818  0.40513887358054962  0.41723072330297806  0.43015025334968882
  0.44384119458457905  0.45934514142382332  0.47592618742522863  0.49144456895683453
  0.50413315995551922  0.51526208931037532  0.52657125362832358  0.53866125391301045
  0.55166377657048427  0.56451040231266181  0.58003582686006105  0.59332465018013414
  0.60435732015685928  0.61430221312643707  0.62450893486189019  0.63631148420774586
  0.64877920265637234  0.66096287180232971  0.67228511365661181  0.68264966218233813
  0.69341206164194247  0.70417900061129934  0.71574575327492207  0.72685174232906291
  0.73769431939788710  0.74921076542331411  0.76164503367067160  0.77437768155626874
  0.78636708343932404  0.79796014134437054  0.80888032764040163  0.82286080109469051
  0.83265055652063946  0.83866221659406903  0.84476811686944409  0.85087918734828782
  0.85899930529012902  0.86912200242453996  0.88043209247060117  0.89332398477806707
  0.90840551024895111  0.92140204613519006  0.93458870740847400  0.94923946991597552
  0.96206946795036519  0.97493474484727927  0.98649247299026077  1.00000000000000000
  0.00017526494177891  0.00036986309594224  0.00091709095590666  0.00152902737547893
  0.00196471378896356  0.00238201136042806  0.00279979427940099  0.00322160970897874
  0.00365825013778929  0.00411045195150336  0.00458059745085315  0.00505695268152079
  0.00553970191720933  0.00600751258055744  0.00645427250213859  0.00690176956407010
  0.00734457298148710  0.00777664574636523  0.00820072722709784  0.00862893834044734
  0.00903635540757813  0.00948101968829720  0.00997244676844716  0.01036741811543699
  0.01078874043610202  0.01123367663642974  0.01166997028331962  0.01209309347187558
  0.01255729214811736  0.01304614269950240  0.01356804435244680  0.01407525373149343
  0.01451968424339470  0.01497070547981665  0.01559243889570002  0.01629649272949348
  0.01690274908455554  0.01753335996154565  0.01810246320247461  0.01865600335146904
  0.01916744395646104  0.01951038044786945  0.01991654204664670  0.02035318196493698
  0.02080734996818244  0.02135099724608254  0.02189464452398265  0.02247469677940731
  0.02307435798206590  0.02389662415402748  0.02520755294046721  0.02642466738034823
  0.02767095857730135  0.02875876275477561  0.03005340667145420  0.03108732108418625
  0.03185013560611932  0.03257521083767643  0.03329364716148302  0.03402063679571179
  0.03468572888451916  0.03590645710835701  0.03670171950755021  0.03744710035986991
  0.03829977652777894  0.03898580392546495  0.03947564061842331  0.04031639427943805
  0.04230144673238898  0.04465667040623807  0.04678345390172368  0.04937500260699195
  0.05224566000563602  0.05527860881819997  0.05894085377452010  0.06360364208093990
  0.06866063865052587  0.07160999702112385  0.07249652389138243  0.07352138486856406
  0.07477212385933549  0.07532685733152758  0.07593410910061101  0.07655628427716771
  0.07741950833730564  0.07910378253757538  0.08094110887505925  0.08291494340484630
  0.08487647928442581  0.08811213214318210  0.09567741883067288  0.10884206272257609
  0.13648469175240996  0.17264040731347868  0.68718244411334384  1.00000000000000000
 -0.00450802777798776  0.01977684720125778  0.03897649558972171  0.06003212089975905
  0.07525052044094871  0.08906795147963775  0.10549196591994102  0.12428892693223303
  0.13855696345924165  0.15109186955213716  0.16439537380583155  0.17817651867282286
  0.19190991859962153  0.20475516984282813  0.21753745095019345  0.23057709243980479
  0.24341533925703229  0.25512040885531811  0.26539221164025412  0.27729072924583270
  0.28903162834352797  0.29892094139919195  0.30719535152228000  0.31637207645556237
  0.32746826196138207  0.34043970194548806  0.35085948124220728  0.35877537132005810
  0.36696900271471283  0.37496495696944965  0.38294869226961065  0.39186676560799044
  0.39882037428522393  0.40357039625653107  0.40933232204358094  0.41526932482850504
  0.42272856083719013  0.43020693019634837  0.43756124737562585  0.44489135167426708
  0.45179785643651416  0.45883367187342089  0.46422147036806805  0.46856269194471900
  0.47293305687034370  0.47728634372914641  0.48170115809721575  0.48696508539883598
  0.49508504463615094  0.50369500281176072  0.51088637131660697  0.51702685395417425
  0.52336923926652312  0.53096826549395315  0.53822394312228705  0.54650754410687252
  0.55310080155022556  0.55935262984978640  0.56529664632547372  0.57081516605804072
  0.57794528202447171  0.58457541318827255  0.59054776688342647  0.59696611062801308
  0.60468040806435674  0.61485157635701893  0.62390003661859872  0.63474158113891266
  0.64132039161813736  0.64840470512219184  0.65610447611163891  0.66472258917387594
  0.67633539550287125  0.68718371660240496  0.69800048245372759  0.70788485965052472
  0.71842759529953881  0.73008409146109887  0.74264901584754739  0.75660037564804028
  0.77078982005524466  0.78660389011960907  0.80285693738247843  0.82115710866933389
  0.83750087566171794  0.84975411462837391  0.85974400611086466  0.86898563528898720
  0.88049860980020711  0.89574301926115285  0.91272826720906852  0.93046086468533507
  0.94958699450438244  0.96620677397365984  0.98334962959093419  1.00000000000000000
  0.10679819583792349  0.64063944604178102  0.67449803001562258  0.70150430845240830
  0.72398724472180309  0.74562625700809371  0.76315172523371433  0.77838506882846648
  0.79257409067454088  0.80532296420876004  0.81726074365388302  0.82710147777049070
  0.83640135928457915  0.84580991334582589  0.85437527161094384  0.86148695223080640
  0.86778197544968960  0.87388237537748237  0.87935847671809919  0.88475562942829922
  0.89009512331325424  0.89533987490731293  0.90027280673633392  0.90474435306487289
  0.90885344370353405  0.91276449749975441  0.91649232932048497  0.91996007410400149
  0.92322307257871106  0.92634350769289808  0.92932313607169370  0.93220561649927902
  0.93506218378475381  0.93792889222846909  0.94076541441866757  0.94350352223007272
  0.94602555110334219  0.94823671085455641  0.95036069896739273  0.95222051419226161
  0.95419980282937311  0.95616521595753112  0.95797083833280816  0.95964453378609638
  0.96116596546422406  0.96264107232035667  0.96411517372027022  0.96549831055109536
  0.96677243044201366  0.96797962996737141  0.96915576331186293  0.97032706124062762
  0.97145517571917428  0.97248103096121397  0.97338725526894521  0.97419341856107378
  0.97494931299369769  0.97569417234585043  0.97653995586508391  0.97754424171519150
  0.97870762731848715  0.97969251865500517  0.98055915043735487  0.98139654766764295
  0.98226163814272005  0.98313940947003942  0.98398131188119620  0.98474615714343983
  0.98543417287186663  0.98610478756126130  0.98666443448494223  0.98722603735653103
  0.98777891966602116  0.98830235021257407  0.98881060229524664  0.98937469110948117
  0.98989973064542192  0.99040894484275932  0.99089922823781706  0.99139656744544158
  0.99195273844871701  0.99261471505148136  0.99321758646000080  0.99382611363661444
  0.99438075054876129  0.99491691245527980  0.99544593123087399  0.99593038369361098
  0.99642678276577523  0.99697507699360366  0.99749313842204734  0.99795062907749121
  0.99837626875427621  0.99882642719531101  0.99931114415097588  1.00000000000000000
   3.4998104828205621E-007  -1.0000000000000000     
 F F F F F F F F F F F F F F F F F F F F F F F F F F F F F F F F F F F F F F F F F F F F F F F F F F F F F F F F F F F F F F F F
  <DiscreteSampler_grid>
  grouped_processes
  1 # 1 for a reference and 2 for a running grid.
  10 # Attribute 'min_bin_probing_points' of the grid.
  1 # Attribute 'grid_mode' of the grid. 1=='default',2=='initialization'
  0.0000000000000000 # Attribute 'small_contrib_threshold' of the grid.
  0.5000000000000000 # Attribute 'damping_power' of the grid.
 # binID   n_entries weight   weight_sqr   abs_weight
    10   10   5.606669771922740E+001   1.282009130503679E+004   5.606669771922740E+001
  </DiscreteSampler_grid>
