  0.00355245585648401  0.01046781536295006  0.01920608513054656  0.02849523634354310
  0.03818908683478599  0.04692839781356525  0.05575190086170113  0.06568427043206775
  0.07723578841103607  0.08991232438086430  0.10243699877775772  0.11478789235963607
  0.12421700308916173  0.12991696828279697  0.13549499336159321  0.14121656750068176
  0.14944297949905311  0.15919304160871231  0.16788383148796726  0.17691865313634242
  0.18634019194235679  0.19439445224624988  0.20239309086114785  0.21079370562569055
  0.22042567627527371  0.22874354131674715  0.23765644382700363  0.24785629738711415
  0.25602186455005810  0.26468576270976862  0.27289121965272223  0.28367670165572367
  0.29260589549135785  0.30172080454732830  0.31011197875351681  0.32038867927834380
  0.33081710380569196  0.34263903481829161  0.35361869168944765  0.36347832276188691
  0.37319800242367396  0.38521737763881819  0.40006798918745279  0.41385154567995408
  0.42590332792862740  0.43711620345373303  0.44806847975432829  0.45802308472587466
  0.46772989077402088  0.47946015910448797  0.49262953975481599  0.50735339972248394
  0.51991271948683571  0.53032944017254202  0.54038189534071102  0.55053151045462034
  0.56103935556216522  0.56943436876019615  0.57850095362050047  0.58814328080458167
  0.60010014068137563  0.61389051304942233  0.62790978776786599  0.64314899345792120
  0.65916256059679412  0.67273851800381879  0.68499706712020003  0.69675087954324977
  0.70769438073524960  0.71743962060426503  0.72690570892330630  0.73798730703746063
  0.75221901385310586  0.76465338729175947  0.77746847857549195  0.78915173731829702
  0.80075388728299945  0.81264085380191198  0.82443701392149238  0.83505880660970555
  0.84633701932466954  0.85768948956405466  0.86757039119932378  0.87524405546092210
  0.88176767081284380  0.88883737641074523  0.89639756262332582  0.90491277752607246
  0.91529100112702766  0.92572101335693002  0.93924950203361790  0.95232150337836052
  0.96384833918345469  0.97444550378665751  0.98611492090411468  1.00000000000000000
  0.00008225072501825  0.00008420060554741  0.00008577700875327  0.00008737284466553
  0.00008897638702927  0.00009071490340780  0.00009248980574231  0.00009610656166523
  0.00010057809821752  0.00010606385596987  0.00011232115790849  0.00012005122663157
  0.00012967151062247  0.00013973317690007  0.00014910532733821  0.00015804913492961
  0.00016685510031752  0.00017549325106063  0.00018645152589266  0.00019805357159943
  0.00022177343002906  0.00025052982982612  0.00027819514837359  0.00030575705814757
  0.00033446669976843  0.00036463211851677  0.00040436580496808  0.00045253288762772
  0.00050412585361878  0.00055580803883601  0.00061162140778012  0.00067513945850250
  0.00074630463226598  0.00082097134601573  0.00090838250452462  0.00099914394202303
  0.00110058854940774  0.00121917770078709  0.00134526003206892  0.00146840131870644
  0.00160082226374424  0.00172422968677903  0.00186176213538805  0.00202713258257247
  0.00221238166079703  0.00241920665083995  0.00265736856223854  0.00293390699597977
  0.00324970377568914  0.00355085421403026  0.00380597776284936  0.00410295225016771
  0.00442091531670159  0.00477125638119213  0.00523772715660277  0.00584659419679100
  0.00646032573080533  0.00703957952065729  0.00752273979163194  0.00803261937329623
  0.00852275524269187  0.00911683634869798  0.00986652134258348  0.01078014394461582
  0.01162564410862827  0.01288640032837974  0.01412812264089048  0.01545441676097160
  0.01684068189615577  0.01829760361370593  0.01992988787258764  0.02140955923403153
  0.02325155098927058  0.02492715884872842  0.02681866212457974  0.02847760224832463
  0.03020901171114458  0.03193528658776126  0.03377236140749017  0.03575357699877310
  0.03788941933027271  0.04048952336141176  0.04399941145460447  0.04768630390684830
  0.05213240804015574  0.05674341633428025  0.06190432599266776  0.06781861830703982
  0.07512194102177513  0.08493145835614514  0.09944878154112302  0.12249589538864517
  0.14963756905941172  0.17937625730836185  0.22236555776503603  1.00000000000000000
  0.00005329688760125  0.00007198663840541  0.00010044677308065  0.00014057424159028
  0.00018376349456966  0.00025639925516345  0.00035296463423980  0.00048132217676938
  0.00060027021516941  0.00074215982314009  0.00096832474981887  0.00121793656272400
  0.00154317880394476  0.00195731296036907  0.00243779634791598  0.00296820876713445
  0.00349365307765515  0.00404572292412529  0.00459961926149947  0.00515207272288846
  0.00570749097781570  0.00626338069239584  0.00687789998631137  0.00761920602905354
  0.00842695388643071  0.00916983910973903  0.00989800847231773  0.01059667968482413
  0.01143913575367182  0.01245259583434520  0.01353115830831148  0.01439475944712120
  0.01552614324558650  0.01657619407142948  0.01750223899538444  0.01834493777231538
  0.01918732779993385  0.02000995470704417  0.02079516304174066  0.02153779958712211
  0.02238257741668220  0.02356947741051811  0.02520169412148935  0.02698151493966115
  0.02863703765645418  0.03006692544773366  0.03155309827680593  0.03283378577545059
  0.03413041949990889  0.03588066546093636  0.03801057192977605  0.04032404634311464
  0.04271993563784485  0.04510505953595663  0.04751059080465907  0.04979058642733974
  0.05180864161139104  0.05378013952190011  0.05565610280990142  0.05772042864166775
  0.06020400491871634  0.06338387199052357  0.06753336877957945  0.07163273749523456
  0.07411203587789199  0.07695199450520970  0.07909377463756349  0.08101494577896064
  0.08306810900799386  0.08503725222778671  0.08716765478219016  0.08963567078689623
  0.09264340996926906  0.09548344482821645  0.09989004643054321  0.10503706380150013
  0.11029600627397146  0.11648805630692449  0.12270090281474522  0.12875579323345493
  0.13142492058055624  0.13367126927530237  0.13609649200059112  0.13839466479033039
  0.14132002929344092  0.14386912967845122  0.14627263471602425  0.14875812552860479
  0.15167179140673609  0.15355595400197067  0.15673368601030005  0.16100403484600825
  0.16672046748460584  0.17564194504856473  0.30071964747323360  1.00000000000000000
 -0.00305587450280742  0.02242132244803356  0.04903330351265921  0.07772023235398223
  0.10757445621015960  0.12982279739958741  0.14721193038597769  0.16431912037888197
  0.17781972434436033  0.18861121206580825  0.19904568717820681  0.21018732304596799
  0.22614876885926871  0.24022361907366999  0.25440157287821541  0.26781011087463086
  0.28079542763798621  0.29357988454081657  0.30423231278341945  0.31281672458368903
  0.31832998424895087  0.32417714656047597  0.33331053286323081  0.34322078459066285
  0.35235748672975992  0.36167872773519927  0.37173956885619369  0.38324271517078956
  0.39360043499645991  0.40255765373590352  0.41141941317369374  0.42088140191925433
  0.43116492413187973  0.44280367463576981  0.45500231565701532  0.46631267607108173
  0.47682713434091811  0.48760555805004369  0.49875417354869955  0.50901513089940065
  0.51866926611941266  0.52789017075122557  0.53718701993887519  0.54571570957286741
  0.55310517813596705  0.55997763696929437  0.56701595953580641  0.57544244354916574
  0.58702442436999591  0.59784021459132763  0.60889487173449530  0.62141137475000019
  0.63374740359255088  0.64382486261678706  0.65294884984434032  0.66171936033840562
  0.67054529316798905  0.67854423576780709  0.68585309409761042  0.69240531319173848
  0.69776116882067918  0.70338212512111986  0.70880066325587510  0.71541655097706969
  0.72380308493348955  0.73278578737650724  0.74124493787716228  0.74917464280824719
  0.75738166910734250  0.76625268838979987  0.77482010002780999  0.78184690977413640
  0.78865075077055158  0.79621256822691611  0.80516560908533918  0.81531915402908595
  0.82381698060645414  0.83128691158015611  0.83955660075604388  0.84883329194029333
  0.85932882560311674  0.87061905986410093  0.88159063494147905  0.89201054426880955
  0.90060062273878261  0.90821253804863633  0.91614684665092705  0.92487612599371549
  0.93341422312640188  0.94185410617476217  0.95012703739479365  0.95819769448469316
  0.96808074400149080  0.97835080331852020  0.98913624197583661  1.00000000000000000
 -0.00245216398389332  0.01074236596771607  0.02385000318320922  0.03745343508412362
  0.05080156358287569  0.06177250129505363  0.07244757117021286  0.08310612002997259
  0.09705319884325535  0.11305286587318239  0.12744650788404169  0.13653638352152664
  0.14356565344507832  0.15060540827761504  0.15781768211162533  0.16639575682859245
  0.17407502680525286  0.18168255581041495  0.19001337612089061  0.20009929463755496
  0.21128587467592971  0.22227094524354199  0.23268680813951884  0.24418696774886195
  0.25540211023161402  0.26796183620059411  0.28126033637068343  0.29105154206908956
  0.29903124286328209  0.30650987211864361  0.31302116784037837  0.32101797226531259
  0.33175292121429956  0.34316865904284288  0.35499406151879798  0.36702653598404933
  0.37942621751484940  0.39265747624560582  0.40564904567001880  0.41745149856193436
  0.42809566153062256  0.43895420093415993  0.44949219137094737  0.46029427965745823
  0.47114174623374522  0.48260051004004223  0.49321730282639209  0.50350074872199402
  0.51355219881931236  0.52340562050503692  0.53408356154185777  0.54534142233839789
  0.55626104537346377  0.56519464182025148  0.57322254989489141  0.58044436945972933
  0.59046644686970096  0.60195656677354714  0.61499607872210060  0.62577217418297593
  0.63584354768340079  0.64636815689989346  0.65560887859060157  0.66250409207978522
  0.66987119354803304  0.67872014373136103  0.68844079351426946  0.69593384311751250
  0.70270069816306702  0.71004377625218829  0.72133046650126775  0.73257281463319601
  0.74342667643332916  0.75418433524772943  0.76316166753349746  0.77391258489174430
  0.78446039521244260  0.79629784335243425  0.80820074424615462  0.81875700678421504
  0.82907961121957063  0.83859377513607758  0.84765816277558437  0.85755096150276733
  0.86742138410415259  0.88099796002614705  0.89584366348080324  0.90779246779759992
  0.91898332655974779  0.92878874974049841  0.93922009088371816  0.95058683858710269
  0.96119266571990580  0.97195500917391042  0.98406234510728474  1.00000000000000000
 -0.00229201913196046  0.01272022960552729  0.02443268443103151  0.03581062756776423
  0.04763380146646446  0.05886246119604753  0.06894189991613328  0.07937807208806312
  0.09197573987125414  0.10587194392673271  0.11739702748748793  0.12647188804852119
  0.13513691269095429  0.14482161922538264  0.15483536791932848  0.16674478299068135
  0.17919539766665907  0.19105302629022958  0.20171670953165524  0.21162278551399755
  0.22256638513059268  0.23554568959450495  0.24759739581189349  0.25960525596746603
  0.27062960865799984  0.28124242541662620  0.29147656624545698  0.30147266296135028
  0.31211558527387656  0.32395010034295424  0.33689677438157661  0.34976347397054153
  0.36307191118434856  0.37721379279245548  0.39140705925626290  0.40404897487081864
  0.41455302025005308  0.42383307887398036  0.43286006120832393  0.44126147887473410
  0.45032044606966054  0.46011701038787328  0.47221699174024384  0.48546058551412230
  0.49751708941494399  0.50890015017338630  0.51954329732288551  0.52963338443105912
  0.53918484207864359  0.54938946322393489  0.55939080336359126  0.56767524290596605
  0.57429999505006402  0.58173551730699824  0.59044113950999388  0.59916857527981648
  0.60711485737772430  0.61493943407273388  0.62483616566731337  0.63483764043263946
  0.64544713070450621  0.65528095096875161  0.66547545960471355  0.67737267332074325
  0.68823268439539143  0.70111032193632805  0.71436353163120003  0.72867878546130682
  0.74062529125286225  0.75163549691461806  0.76286070199233591  0.77505451977481643
  0.78582719950630908  0.79624450821531745  0.80726199208001503  0.82036550847231982
  0.83434537096841366  0.84708795742143439  0.85962362915780155  0.87066988015732871
  0.87975388402576282  0.88710143956618848  0.89409061469037021  0.90166743185939946
  0.90906238436841202  0.91833197160753166  0.92815298127589740  0.93817162269136811
  0.94620348346450223  0.95192520332743891  0.95792823408942596  0.96440323506719072
  0.97168316413199984  0.98091548002071594  0.98995195221452259  1.00000000000000000
  0.00189481872404409  0.00392176212046600  0.00642490207421609  0.00939851865405086
  0.01231003865600247  0.01512724625595453  0.01783125232072138  0.02025817028341987
  0.02255060829029870  0.02480167996856120  0.02696305553011015  0.02932215651657846
  0.03181390494562688  0.03438024196814084  0.03700632075082482  0.03949133114638327
  0.04163195063338152  0.04373549915588034  0.04595540295560101  0.04835418124821999
  0.05072926802455550  0.05305471019479215  0.05541247906372437  0.05741981364378930
  0.05958860305086925  0.06172638348330801  0.06394435461734736  0.06644094828636683
  0.06896015626740019  0.07133745163531162  0.07360685775990589  0.07587693099845322
  0.07827726323606972  0.08053573871916453  0.08249052979910661  0.08431372806517859
  0.08608575628460716  0.08796325920342025  0.09023413550957164  0.09269235260153576
  0.09496437240507656  0.09684011424187632  0.09867694597891612  0.10070606476740487
  0.10300436996904890  0.10587537365465388  0.10907499129556408  0.11249359865847901
  0.11598002451129280  0.11934776538874156  0.12233203470617440  0.12500353967542321
  0.12778713040721507  0.13076810260974550  0.13333523387127116  0.13583654826839600
  0.13783098925560255  0.13968307264535795  0.14191487853196660  0.14401941549674740
  0.14575211814222316  0.14739791761557400  0.14902272575977610  0.15067712394299862
  0.15236646888962260  0.15394348472681707  0.15684259023204974  0.16102405273318604
  0.16635839236454736  0.16869768664970883  0.17076798389932638  0.17263526450832972
  0.17479723026669508  0.17724345410970102  0.18085649661529493  0.18563605965301988
  0.19127568869902045  0.19626905916115603  0.19968381526693860  0.20348587594497120
  0.20753706837461058  0.21310596717424266  0.21975140986867545  0.22854479937902600
  0.24140533868983513  0.25223797810243925  0.26354074308286163  0.27816411011000608
  0.29696623430701169  0.31539989766289411  0.33805062329331342  0.39265180421580365
  0.45662018059724618  0.51839259273391158  0.59016399737040515  1.00000000000000000
 -0.00347528356830883  0.01616496720889053  0.03030321805459753  0.04510759422472103
  0.06193422233089060  0.08327532473836007  0.10375174583673778  0.11945675303789759
  0.13218402831211004  0.14387757950816255  0.15983417525567270  0.17691596379483393
  0.19397373325491177  0.21136959156018881  0.22844376223499127  0.24498830699863960
  0.26030629710436148  0.27377515648571638  0.28362599593586724  0.29226981474782610
  0.30039355375134491  0.30877635392318564  0.31992921503421068  0.33311271551516242
  0.34369742633855699  0.35381499733477850  0.36390546074168267  0.37423111904840389
  0.38153116512254648  0.38776020269067946  0.39314302364790032  0.39805635287903096
  0.40349848332571542  0.40781014154595546  0.41205691684228846  0.41664973920737830
  0.42126619018217093  0.42934857032525858  0.43673193330202087  0.44322377525521078
  0.44962359499923943  0.45513737284850303  0.46042014049069019  0.46557490817292430
  0.47118440939234862  0.47721485578733419  0.48250765559235342  0.48854607182352683
  0.49522218322932404  0.50153320766219522  0.50822658225373907  0.51524409957135520
  0.52253889494895811  0.52988972244956634  0.53605287474790830  0.54104617949553135
  0.54586329271577549  0.55085398416988107  0.55636999130241127  0.56267129141693273
  0.56928026637159312  0.57621611611371637  0.58431678212582949  0.59235090570473270
  0.60066889607294893  0.60851119940715692  0.61664117693941733  0.62409075279372883
  0.63504151561735878  0.64532650573940742  0.65445731851184574  0.66231251712050443
  0.67071342932169431  0.67827175348067426  0.68594842750063245  0.69570090876329160
  0.70738615259272997  0.71819652288292402  0.73047686456390426  0.74307506898672149
  0.75678253952134700  0.76989615036805936  0.78207471561023800  0.79242355356979299
  0.80178568930289318  0.81280395697233265  0.82888337724718364  0.84632043295784254
  0.86582947798751508  0.88605868763471451  0.90363769462241350  0.92302395995450781
  0.94473766848278562  0.96737685691679098  0.98595850081019865  1.00000000000000000
  0.03945118044972264  0.60667679197915558  0.65088623084957442  0.68591381205346280
  0.71377057649189402  0.73896685538197349  0.76128618868624209  0.78221519495772718
  0.80095482772804438  0.81373315259768175  0.82443124427185366  0.83464836315650148
  0.84492758350083663  0.85492761267564954  0.86379722087923183  0.87207525201609015
  0.87957431549126630  0.88639749769871778  0.89290098477068769  0.89871026544844268
  0.90374855632216888  0.90867874178258257  0.91355364715752041  0.91788866785897538
  0.92138477253758710  0.92498366666952681  0.92810488410596415  0.93103806501062758
  0.93388157218342838  0.93654843915469443  0.93888550769843648  0.94104110770580496
  0.94316039240357741  0.94524081987384900  0.94728187399853081  0.94921792954778750
  0.95119771764106997  0.95299946263388835  0.95471643623500546  0.95614151925651691
  0.95759534461134310  0.95892851574321669  0.96008479558099535  0.96121481677546017
  0.96237670001228237  0.96359969419901270  0.96484004075806140  0.96622572985560395
  0.96752206235450733  0.96862532209088392  0.96952604112389540  0.97032088617151280
  0.97104235564609132  0.97173233499243217  0.97247347806164841  0.97302412896374813
  0.97358029908496213  0.97414302087473792  0.97471441005264337  0.97554392548594859
  0.97639514789397119  0.97723130355818444  0.97806872134029554  0.97887629227790529
  0.97957068015581072  0.98030109665120713  0.98100733675734519  0.98170298610865958
  0.98241379081707036  0.98304823059325208  0.98371647891393565  0.98440065586204517
  0.98508449041295310  0.98584473553808705  0.98664947579332896  0.98733329171909301
  0.98796978012783032  0.98856853950061385  0.98902037182589120  0.98944701214585795
  0.98989387749159985  0.99034242193030064  0.99079438783714779  0.99126477145920489
  0.99175228197989374  0.99225049387914022  0.99275309230907671  0.99346998761766991
  0.99418910592666765  0.99488450069266754  0.99555242357462903  0.99622796569223782
  0.99687280532058020  0.99762275400939648  0.99847537267587461  1.00000000000000000
   6.8428914137480757E-009  -1.0000000000000000     
 F F F F F F F F F F F F F F F F F F F F F F F F F F F F F F F F F F F F F F F F F F F F F F F F F F F F F F F F F F F F F F F F
  <DiscreteSampler_grid>
  grouped_processes
  1 # 1 for a reference and 2 for a running grid.
  10 # Attribute 'min_bin_probing_points' of the grid.
  1 # Attribute 'grid_mode' of the grid. 1=='default',2=='initialization'
  0.0000000000000000 # Attribute 'small_contrib_threshold' of the grid.
  0.5000000000000000 # Attribute 'damping_power' of the grid.
 # binID   n_entries weight   weight_sqr   abs_weight
    10   10   2.481168998261153E+000   4.925009546964286E+001   2.481168998261153E+000
  </DiscreteSampler_grid>
