  0.00339599358029320  0.00969348330034309  0.01792949012802115  0.02661847662203387
  0.03583581263448567  0.04531655912301102  0.05482757203457521  0.06544608385623699
  0.07670634590379730  0.08759595513168046  0.09727026977715583  0.10671008584831615
  0.11677614904003619  0.12693648450155470  0.13630492877031403  0.14438146292119650
  0.15308783882750215  0.16243729192863551  0.17265861823246922  0.18222401366969110
  0.19280177724295386  0.20378302145547844  0.21431175954117451  0.22391439548515091
  0.23387791683207748  0.24381619122104681  0.25400265022259266  0.26435134381856257
  0.27457212470773790  0.28457942990270940  0.29464344954047217  0.30514567304688378
  0.31609033691173022  0.32737236647467732  0.33851712739244194  0.34943019496423949
  0.35975338757618425  0.36979011623333302  0.38015416313082584  0.39070778264461964
  0.40042868514343921  0.40924295443263425  0.41748680671467570  0.42684401837786334
  0.43672350166594837  0.44745114526331015  0.45698081040405603  0.46669111099983990
  0.47761685480728477  0.48835527736803364  0.49903091565877744  0.50967303194223357
  0.51955491503199713  0.52928673387564029  0.53864284210340729  0.54844505866594595
  0.55889925793457718  0.56848075764663819  0.57952834830565447  0.59029401829460026
  0.60027008062481146  0.60987822221442001  0.61936300111676057  0.62986133299370195
  0.64126525571594761  0.65252029790402577  0.66368947237187570  0.67461488917604340
  0.68580487540543267  0.69705481389670554  0.70815021149857282  0.72042067361201290
  0.73206256811248516  0.74254087991734985  0.75281884514779029  0.76301975252990895
  0.77438133243322604  0.78600548873179643  0.79776059756930751  0.80868959661073092
  0.81872956050889212  0.82873260335382448  0.83921010745103508  0.85106510794813151
  0.86377089393993778  0.87659548119756436  0.88904369522485160  0.90066651677630671
  0.91247585575565171  0.92354518055749357  0.93540619136929193  0.94718589947302589
  0.96014906510219322  0.97115861381061963  0.98239996233124949  1.00000000000000000
  0.00227290093704460  0.00451111491533109  0.00529866010405710  0.00621960068333516
  0.00711853237949103  0.00789858611217481  0.00862259761818547  0.00932769345771030
  0.01001875673272121  0.01071299502724880  0.01135570212625162  0.01197306250550384
  0.01257926194937622  0.01318265713146424  0.01380070437696530  0.01445118035761526
  0.01510489815195890  0.01574382847518117  0.01638398102810441  0.01703605154746978
  0.01771457069805063  0.01842655727543016  0.01916867890791892  0.01992620286794746
  0.02066619658988414  0.02142297149735647  0.02214875145199109  0.02288053359573386
  0.02361267059334873  0.02433162435737324  0.02502804018718093  0.02566853463853480
  0.02632490071348897  0.02697733434302598  0.02764979512842210  0.02838504398202019
  0.02922213485400988  0.03016814650382016  0.03120421365248336  0.03220974772081099
  0.03308324505602446  0.03400459344732477  0.03501980731698496  0.03600571548933128
  0.03717749756181892  0.03838088275553075  0.03925880752228957  0.04036396158301503
  0.04149528826878247  0.04264911775062610  0.04371271511504635  0.04479889074388922
  0.04588760643667428  0.04695041398051684  0.04810423366624229  0.04962973872409466
  0.05101049042063791  0.05247179468337815  0.05403884638235949  0.05569924093131046
  0.05749601587025879  0.05949592890848004  0.06131654658555723  0.06299255495519283
  0.06450550117175738  0.06616124180517130  0.06792758666758884  0.06982144397982755
  0.07196454826350279  0.07410044071160073  0.07671933407458503  0.07958482867749743
  0.08257440096549373  0.08583814818199313  0.08946402224238041  0.09267104535911211
  0.09527695166176813  0.09793536859653917  0.10105201792571612  0.10453747971733918
  0.10793463240823815  0.11222916508846627  0.11711199984640998  0.12095732960089466
  0.12367689202785967  0.12749863697162714  0.13374080539262848  0.14209717776771991
  0.15278360232788718  0.16324243207383196  0.17608912020013356  0.20853087509450760
  0.23823522663787397  0.27932662250960399  0.63716243973452125  1.00000000000000000
  0.00007729161523937  0.00010673890391008  0.00013699869272819  0.00017209415975004
  0.00021441105722665  0.00026565352216973  0.00032348488697209  0.00038530708136921
  0.00045505831084316  0.00052786851222317  0.00060799105634446  0.00069223534354279
  0.00078756423520823  0.00088480240963503  0.00098805026890078  0.00110162089360660
  0.00122927057759480  0.00136764097767673  0.00151384927802530  0.00165929809965307
  0.00180118879456835  0.00195337702068009  0.00211505159085034  0.00228997163613909
  0.00248107957855620  0.00266249254221002  0.00284287391187292  0.00302239320142945
  0.00320237539323834  0.00337790113348962  0.00356183532844557  0.00376777151275362
  0.00398444132329009  0.00422230521748657  0.00447680996453267  0.00472997887459295
  0.00499046329478282  0.00523752362199035  0.00549495610280837  0.00577493501181763
  0.00607865693854329  0.00641205081608025  0.00676153843215808  0.00709353604611863
  0.00742375602302208  0.00779068984105486  0.00817108217814716  0.00858555236464078
  0.00901198841112658  0.00946287986840332  0.00995022652839284  0.01047750562555532
  0.01103882014070988  0.01160930906560571  0.01218327516655859  0.01277609553876699
  0.01338218008245780  0.01398697778574793  0.01459393903399381  0.01527177665043310
  0.01595934495231977  0.01671301149991073  0.01752938935240992  0.01837371792481905
  0.01931490453017552  0.02028003931018207  0.02119820438109545  0.02211052546667031
  0.02310154300250023  0.02408927204322400  0.02504916309146343  0.02607603528127708
  0.02714774264182885  0.02836880333612483  0.02983506436475005  0.03146112354535677
  0.03351330300051786  0.03578500305447144  0.03782409505656192  0.03984025212417863
  0.04190083956469896  0.04430157147936472  0.04699543341516745  0.05041264585824434
  0.05441993484238450  0.05915106910100430  0.06408363933961747  0.06869222597341298
  0.07303201552851385  0.07836963362285886  0.08522520955576160  0.10434357185136994
  0.14142838700697014  0.20572201597064321  0.56558952437005028  1.00000000000000000
 -0.00360680949338117  0.01689325958447913  0.03464675229180400  0.05060419001762623
  0.06535370765302993  0.08004534537598845  0.09404186157857755  0.10668757230197456
  0.11951001298307709  0.13079613721788780  0.14181784114372459  0.15385908785410984
  0.16577679936022097  0.17687589273089407  0.18695010434489492  0.19755307654454576
  0.20854666875557060  0.21950741264484222  0.23067504390088606  0.24088881668526602
  0.25046802057355683  0.25943172848109419  0.26816967240049083  0.27778176884899797
  0.28897006247576723  0.30028028933049583  0.31024274849119293  0.31880235303688187
  0.32659257508159029  0.33471535895807020  0.34266667423689073  0.35050625071860353
  0.35876826283084884  0.36685723956271765  0.37523535776629097  0.38300229558299248
  0.39110368512609034  0.39996067531198704  0.40854247342623257  0.41607904949765412
  0.42278856146686972  0.42952963524769000  0.43818999689415550  0.44737453202459126
  0.45637685580731163  0.46537145502863064  0.47330051479632362  0.48220418782465374
  0.49087387545872485  0.50008212807084562  0.50964967226636848  0.51963960118469665
  0.53025139306276481  0.54101100694529436  0.55134331170411288  0.56105230492242408
  0.57014842389640352  0.57888049693284460  0.58733861203804005  0.59636587215542702
  0.60571924160951374  0.61544339563826100  0.62554824876424897  0.63555854753630103
  0.64574447392277756  0.65604888820408813  0.66657313106655713  0.67670520334405748
  0.68641617029850621  0.69614208966246660  0.70579184822544538  0.71523750361170202
  0.72452915457930434  0.73383497948865184  0.74265183893200137  0.75157727655483697
  0.76095348164428689  0.77163683374643732  0.78353990791904360  0.79534169609124949
  0.80734936733032203  0.81917077171634445  0.82967754586441145  0.83992008247478311
  0.84982881097070473  0.86151002435941848  0.87385343988047870  0.88578468168937352
  0.89810520367933933  0.91128724924985838  0.92591838950464112  0.94126796693915271
  0.95635155113307613  0.97026099512017017  0.98454071103815621  1.00000000000000000
 -0.00221466663705431  0.01019881149497686  0.02041437475353019  0.03035344848732727
  0.04040907005919185  0.05106256042389366  0.06178296011084670  0.07246246008123236
  0.08283419993791347  0.09354508536551071  0.10452041287761890  0.11567754678551126
  0.12669259897373483  0.13775436394291690  0.14891320490659421  0.16010464334432789
  0.17136937258436885  0.18290829044693718  0.19408948032101542  0.20618394263959675
  0.21808608201053611  0.23026260065013485  0.24180681753850972  0.25255031085321566
  0.26215421894092272  0.27165695632337328  0.28180204820525728  0.29228088135749292
  0.30154919136238095  0.30983177631280701  0.31770043232156059  0.32605871073209147
  0.33568837850627159  0.34448118022025886  0.35212240290591351  0.36041029932765817
  0.36947235773451131  0.38045434415848928  0.39111531592084448  0.40184833907955941
  0.41264057965762430  0.42360771959077304  0.43495500991710678  0.44697078005320062
  0.45885201565862971  0.46998328224021635  0.48033080473003520  0.49019180971316723
  0.50047546845717950  0.50965701201741320  0.51970602464917803  0.52912633468436543
  0.53829629613141561  0.54713685048326732  0.55619626485074758  0.56511147104504855
  0.57423524331374687  0.58366295097552146  0.59539143621440538  0.60734657726537045
  0.61866969516784842  0.62837825610686082  0.63774639369589847  0.64785925641741304
  0.65906505240458590  0.67124337693322333  0.68352460485353095  0.69483466075742983
  0.70536303573888526  0.71444792188431216  0.72311822741486365  0.73234826530650787
  0.74218761605142802  0.75325322501070224  0.76289396973057322  0.77295224179339672
  0.78344259516538772  0.79618437479906734  0.80860309611940728  0.82229535792323649
  0.83553367867757355  0.84770745971025241  0.85917161777030637  0.87063844071493690
  0.88251373896994578  0.89519430635430619  0.90768291912510302  0.91933391080918236
  0.93040971967552788  0.94080633228433519  0.95011230024922855  0.95963315003444261
  0.96884934636964204  0.97916233215919601  0.98922120689157678  1.00000000000000000
 -0.00460149307896549  0.02817470856709673  0.05311553410491056  0.07907230752761203
  0.10344138957266805  0.12567018915828690  0.15003964650866033  0.17604004865797115
  0.19943927243232940  0.21907342008651343  0.23761617331504578  0.25561560196663874
  0.27407269114759242  0.29350534917351989  0.31197082657580655  0.32750593945828299
  0.34236524369490684  0.35824026154501576  0.37476108660459206  0.38998046026327504
  0.40484823745307064  0.41861806724032546  0.43104650644442399  0.44298305896460238
  0.45512535404041160  0.46780592360320983  0.48008022231599301  0.49228135627891734
  0.50485970976797823  0.51673709991387684  0.52776231368087856  0.53879513408475876
  0.55057881327675173  0.56172841504093962  0.57157188536494796  0.58078834251586098
  0.58993036522387654  0.59897114942475738  0.60812848302376332  0.61786075952959663
  0.62783691943145314  0.63798889189309127  0.64837254992523674  0.65858642031820724
  0.66842747299920147  0.67706219532807055  0.68521873924418164  0.69360855687669187
  0.70215056835810430  0.71078540344260721  0.71937193612682726  0.72773744245031702
  0.73594415658164070  0.74395726070163493  0.75168196029510614  0.75871387522977651
  0.76566001064147626  0.77276475325766414  0.77963196195765316  0.78662248676845747
  0.79277742362333858  0.79933827241716193  0.80587649032598951  0.81306514054618317
  0.82086682741257422  0.82743231333465106  0.83407167570918495  0.84057471173046761
  0.84703194658270942  0.85382809031867657  0.85985240903883509  0.86603074072171260
  0.87212945784572926  0.87837507372048695  0.88497830766636920  0.89123278303696496
  0.89729542653481198  0.90348511783381757  0.90927611094819882  0.91514101713286111
  0.92079406070014258  0.92620340662269807  0.93149195459214096  0.93683244162712431
  0.94230380371227651  0.94739153592081538  0.95383601097382242  0.95983737487063314
  0.96565225339992289  0.97117620530720472  0.97616471247275394  0.98077066406105073
  0.98528061196053418  0.98984500688580823  0.99489431104281167  1.00000000000000000
 -0.00305864773423159  0.00886336022999171  0.02042428382737113  0.03206909758314155
  0.04422330162926153  0.05617922029587165  0.06714296212811698  0.07804217071337824
  0.08927650820020851  0.10041532223731334  0.11068171966285145  0.12048145686454394
  0.13113775760709415  0.14187992804728733  0.15246441838092498  0.16262843581732597
  0.17287104544292289  0.18321619529251143  0.19286920450512982  0.20252197412632172
  0.21242613563502077  0.22224150214296318  0.23166812983148510  0.24080351173350364
  0.25025220755117883  0.26002779852285979  0.27003707216315892  0.27998259814986515
  0.29116077468617735  0.30294352860611456  0.31282765214322200  0.32155394609801163
  0.32969239097359881  0.33800641651463054  0.34738406338494549  0.35667152392317097
  0.36821857784959333  0.37934078337981852  0.39086481644837390  0.40311466056827083
  0.41565138505833576  0.42832387296386382  0.44121322724151540  0.45475915311695675
  0.46740134813058115  0.47860186290183265  0.48892126334923613  0.49942508970451094
  0.50879544185096282  0.51783210736138674  0.52711943140073136  0.53680428053320883
  0.54639219233143410  0.55585358705083077  0.56499307214539352  0.57531053459306059
  0.58533910824083923  0.59586129769551666  0.60664674097073013  0.61752603530302630
  0.62875427419561958  0.63988326950071661  0.65083639840675855  0.66181683910979816
  0.67201534705320709  0.68224596734600229  0.69242180430231193  0.70278020034758870
  0.71338144931841263  0.72413747199624579  0.73578385314091044  0.74756081788602435
  0.75818511761934848  0.76778236318223270  0.77706632724230584  0.78652429541446778
  0.79700588760616142  0.80840771880006224  0.82055003093942358  0.83276615913298957
  0.84467191618565984  0.85639131762728660  0.86734264428754571  0.87793753105633465
  0.88807550197319218  0.89889709983071975  0.90873642723079739  0.91805378950771188
  0.92699339548663950  0.93574886229750875  0.94563803598914387  0.95596067376361471
  0.96650502597238452  0.97758864482674013  0.98832589958900219  1.00000000000000000
 -0.00269993978061723  0.01025577193305630  0.02189891474712516  0.03212544465122998
  0.04240328047393968  0.05251590689112697  0.06238950996180603  0.07189137729476390
  0.08128247149064907  0.09046968838776792  0.09969595361867849  0.10898352902875258
  0.11830899166327545  0.12756728940442888  0.13661539778225618  0.14582098872044480
  0.15578378638508050  0.16684340096911049  0.17781152547127069  0.18804631307976435
  0.19797722730289613  0.20789729299697279  0.21806881676710152  0.22848632707785696
  0.23931380348117498  0.25031047690661501  0.26052141872050749  0.27044166480956433
  0.28004615181654441  0.29013147452733618  0.30047734106728413  0.31045288233961033
  0.32008010713973062  0.33041298381904960  0.34105760259762097  0.35152277188667758
  0.36157103455684930  0.37115331713500022  0.38127003486348060  0.39085845318269891
  0.40074187957101531  0.41104486340597007  0.42087623656071260  0.43065328219621873
  0.44079507907583954  0.45118667222554093  0.46144365598541887  0.47125094501457226
  0.48095341008242465  0.49154891934596956  0.50219495907679934  0.51249233138670447
  0.52337393679968203  0.53556714710754683  0.54958250934930453  0.56431800679328958
  0.57803394874616620  0.58996383254738449  0.60125184071487214  0.61221456809890817
  0.62314081530261412  0.63323405870416105  0.64325561608426773  0.65460683766910643
  0.66573946447318411  0.67635981396069200  0.68672349452144588  0.69817653980105965
  0.71066802381127547  0.72328119791067835  0.73498813691111275  0.74652213409228296
  0.75832577427007453  0.77037611253171567  0.78162804707272882  0.79189453277849620
  0.80177833526478193  0.81191557779504342  0.82248233579216956  0.83313520003942487
  0.84395989552094286  0.85478354077412244  0.86501784117641822  0.87484202337125405
  0.88472303693881194  0.89473775270814759  0.90485464262827608  0.91549809898353596
  0.92829666621389906  0.94008282259661069  0.95157238325588611  0.96128186358357492
  0.97048638207163074  0.97965076826926112  0.98943077021633097  1.00000000000000000
  0.48586891779424402  0.55274770923666172  0.58713012791668751  0.61777408082794227
  0.65671301304005381  0.68687856053197127  0.71278031746017290  0.73516761677116460
  0.75349679583704698  0.76949890724403192  0.78370137528364670  0.79672200481608713
  0.80861096320489845  0.81873478925106080  0.82793067783337604  0.83589114040437584
  0.84273698726694091  0.84907051905839837  0.85484600596398252  0.85978694976995251
  0.86442363029630143  0.86901349985420662  0.87367883476234154  0.87796367533279784
  0.88188454138913608  0.88554861538671448  0.88904618123005308  0.89238404214766875
  0.89561231698330268  0.89872153894139750  0.90155321254430942  0.90428047708108594
  0.90689660281042239  0.90956369006682514  0.91226470506612289  0.91499541753059022
  0.91741146725349254  0.91958884252872486  0.92149887010017861  0.92329820424371711
  0.92507417686110305  0.92684099674044340  0.92873119288001427  0.93068502356867733
  0.93259105376680995  0.93444282105923115  0.93622671286016779  0.93791048412092448
  0.93951724988892393  0.94113048585148940  0.94277451074972762  0.94429033307360366
  0.94575785028995618  0.94712264785921219  0.94841792785494616  0.94976156647180343
  0.95109853705889946  0.95241918043580942  0.95376318356993173  0.95515918272813138
  0.95658158763911505  0.95800132050422926  0.95935235478836278  0.96059741937919307
  0.96182137026321990  0.96299681082115862  0.96410957264474895  0.96521256412825029
  0.96634375869934197  0.96743372074671896  0.96854223021256625  0.96962791592310082
  0.97068006349360514  0.97170395628217343  0.97272079890573049  0.97377082584173058
  0.97484889752012260  0.97582711201089578  0.97676746549370574  0.97771354831019264
  0.97868022522496401  0.97967772936491826  0.98071201596153379  0.98173401653818237
  0.98277209876022942  0.98378314682621659  0.98480959058161011  0.98584456916731000
  0.98685376427504090  0.98789059448713401  0.98894637932117191  0.99008964907885533
  0.99138648325955714  0.99299635418598353  0.99562346362439869  1.00000000000000000
   8.8957137559056424E-009  -1.0000000000000000     
 F F F F F F F F F F F F F F F F F F F F F F F F F F F F F F F F F F F F F F F F F F F F F F F F F F F F F F F F F F F F F F F F
  <DiscreteSampler_grid>
  grouped_processes
  1 # 1 for a reference and 2 for a running grid.
  10 # Attribute 'min_bin_probing_points' of the grid.
  1 # Attribute 'grid_mode' of the grid. 1=='default',2=='initialization'
  0.0000000000000000 # Attribute 'small_contrib_threshold' of the grid.
  0.5000000000000000 # Attribute 'damping_power' of the grid.
 # binID   n_entries weight   weight_sqr   abs_weight
    10   10   1.788552407038674E+001   1.881242180634831E+003   1.788552407038674E+001
  </DiscreteSampler_grid>
