  0.00407282808818907  0.00826334303722724  0.01536240497506929  0.02292977590773472
  0.03122659441833960  0.03935897725522834  0.04768583479987993  0.05610514268383884
  0.06528538163889687  0.07500689443980013  0.08552043899608489  0.09642215070724511
  0.10726556606427616  0.11640892389812128  0.12577390504251393  0.13539066392881963
  0.14541343770178344  0.15634817270973198  0.16674126195266903  0.17703089242451606
  0.18651572262945634  0.19625506948616087  0.20619806075694991  0.21601227261544817
  0.22626563364621669  0.23713319321453638  0.24941926602610567  0.26215719942942767
  0.27418963344102038  0.28553672006618513  0.29596685174160270  0.30600287527745740
  0.31620448413597824  0.32690944118664556  0.33795312359846985  0.34843288665496053
  0.35870842980921280  0.36858575697203416  0.37846544845322710  0.38859151041217238
  0.39954157287290909  0.41160260041529323  0.42368427905935357  0.43504632535125337
  0.44524100965919217  0.45531084251852910  0.46578275534238495  0.47639824563886057
  0.48644019617442597  0.49612300986530478  0.50626511373971694  0.51674597619388041
  0.52718992322437763  0.53786975657995817  0.54900045788727558  0.56051333934593561
  0.57227297810203304  0.58370705423431557  0.59507890246106676  0.60645469294232002
  0.61835883249408352  0.63010638433765320  0.64180884610637823  0.65349302220848904
  0.66482410928698055  0.67578611853398141  0.68669745286785722  0.69721773733303127
  0.70755070870958769  0.71810821090587418  0.72909198640998518  0.73990611673289930
  0.75030715750547539  0.76101714512268159  0.77173067051993860  0.78263643332097654
  0.79395742724567631  0.80606730644937485  0.81799504666208978  0.82979334660499293
  0.84102404149929766  0.85213072384353616  0.86275921994363103  0.87352463412286030
  0.88408159582298074  0.89458280054543449  0.90479193067794228  0.91483671576168313
  0.92514184877881367  0.93578972522509740  0.94686881508219323  0.95772195696529983
  0.96799859536527000  0.97802761913172365  0.98874050558296445  1.00000000000000000
  0.00290154276914932  0.00356346039515060  0.00393121211095674  0.00445944645291949
  0.00493944170139076  0.00541891685032660  0.00595738582419078  0.00648759030882281
  0.00700560798085125  0.00751270215625181  0.00802506512348218  0.00852070143148954
  0.00902477657113151  0.00951189090051166  0.01001042369617346  0.01051497142237781
  0.01103576118184326  0.01155949430409857  0.01208170504373128  0.01261303867187691
  0.01315739148933314  0.01371384743358036  0.01431094032799097  0.01489135388087680
  0.01548482656051681  0.01609242801790192  0.01673304494577180  0.01741141609044991
  0.01811127185140458  0.01883006082448213  0.01957738202476383  0.02033160943596635
  0.02107901447963874  0.02184802083929071  0.02264627953812692  0.02343289532042171
  0.02418022654053079  0.02492998615064415  0.02567694587980405  0.02650057906070728
  0.02739479304723035  0.02832592396813916  0.02920836275810553  0.03002979406667023
  0.03083550694803502  0.03169910737763320  0.03264060869704963  0.03360074465173930
  0.03457391928955101  0.03556674382027978  0.03667250104070551  0.03791443312312258
  0.03912320022810844  0.04011131941020250  0.04105229114794916  0.04209578933899291
  0.04337097689501747  0.04459568854808683  0.04583869291895516  0.04712547676114876
  0.04848572823038195  0.05022858919090419  0.05218615817976571  0.05400375106660807
  0.05576471700091766  0.05750688091714527  0.05920672263945805  0.06126385866801785
  0.06340008204468857  0.06570854655593059  0.06813096953495910  0.07089567910490135
  0.07407225549590089  0.07742454598546504  0.08119644305478702  0.08597865796359998
  0.09149671835201888  0.09751296065855480  0.10379076127680058  0.11026235443489187
  0.11792632972867595  0.12652524337493903  0.13411495386333791  0.14266480911161722
  0.15244939872979030  0.16693733588610496  0.18626869649812924  0.21180919227642833
  0.22706685982640309  0.25012089951251903  0.26617963601649486  0.28997568126832651
  0.34561327926688157  0.46006343927443327  0.73003171963720970  1.00000000000000000
  0.00007679473816593  0.00008366502727504  0.00008845514225591  0.00009090719853445
  0.00009391647101543  0.00009726373831191  0.00010062215283980  0.00010406689908894
  0.00010778879994257  0.00011194103137820  0.00011661374262452  0.00012183022579168
  0.00012743141311659  0.00013302740701071  0.00013857542830800  0.00014405683873792
  0.00014950704800812  0.00015584547300774  0.00016274221363963  0.00017013011821952
  0.00017817941918464  0.00018610788784349  0.00019416710476858  0.00020263406712081
  0.00021142537181117  0.00022061569996231  0.00023048907181908  0.00024128340343831
  0.00025299292901221  0.00026481436826227  0.00027715448352729  0.00028996379198641
  0.00030384632978906  0.00031910425929241  0.00033527606825131  0.00035168275122430
  0.00036858545151660  0.00038689151822659  0.00040649406093724  0.00042585174688989
  0.00044797349556307  0.00047225193354630  0.00049848611749648  0.00052680702561487
  0.00055561071071720  0.00058564067138634  0.00061715032711791  0.00065103859096577
  0.00068920307240920  0.00072987128380612  0.00077361471547055  0.00082215349898275
  0.00087594880173720  0.00093424575235963  0.00099696777295080  0.00106570505826736
  0.00114032509367362  0.00121861168660067  0.00130425450393586  0.00139402897825564
  0.00149730588204957  0.00160461398771072  0.00172486845472339  0.00185710494145024
  0.00199731231708366  0.00214853085028289  0.00231687134078558  0.00249747612103509
  0.00268590749942361  0.00289897057535529  0.00312054318626481  0.00335794806492405
  0.00362163726197594  0.00392879517430051  0.00425844965220411  0.00462026499580453
  0.00502114710991017  0.00546334404193608  0.00599663179221023  0.00670043766936086
  0.00754500976255764  0.00844746809055801  0.00945021168566976  0.01061398780521739
  0.01201205402170855  0.01364134320978552  0.01580764403538985  0.01807462646047279
  0.02075551720674655  0.02483185007699151  0.03148823079495005  0.04123922420050827
  0.05536062388469967  0.08297525521117387  0.15211835441528790  1.00000000000000000
 -0.00197269898658539  0.00560041930058242  0.01278787961225350  0.01977873471609947
  0.02655552822140004  0.03335456419225830  0.04028421160960311  0.04748942638765943
  0.05533328198879266  0.06273288496186319  0.07004056841354266  0.07720834121911214
  0.08495362410771140  0.09290780286326093  0.10106103024847669  0.10908721634710644
  0.11708691367018388  0.12491271440164396  0.13284201171535773  0.14097697910050125
  0.14936294578812054  0.15796667095364617  0.16662020483817819  0.17470567341225984
  0.18237661191842910  0.19019479122482763  0.19843324879183041  0.20702030456348597
  0.21581596503668568  0.22463803629322388  0.23345711925136803  0.24231389443138721
  0.25121313295374442  0.26021614299757251  0.26920665479759587  0.27760734976019130
  0.28518651920424187  0.29251985033526795  0.29973629610897701  0.30733458694895305
  0.31535728891787435  0.32393252284302987  0.33268576930451377  0.34283058648188414
  0.35292211858033357  0.36252551068253647  0.37182821698919766  0.38115394485077742
  0.39048542743420778  0.40019562742689452  0.40963171706159501  0.41925799423680288
  0.42928250878929142  0.43959310755699327  0.44950031792577921  0.45921599025742471
  0.46894500698673369  0.47930768615952279  0.48978676225291795  0.50043548483330458
  0.51104975986710599  0.52167525205047505  0.53260995875758377  0.54345040089434815
  0.55426939128136077  0.56545893867593311  0.57733056401810912  0.58948224429030205
  0.60183680553553542  0.61386205536735816  0.62550164356500282  0.63570104385018367
  0.64559000615420159  0.65567683961481094  0.66768115456317334  0.68003149060381840
  0.69212916001294333  0.70486142961584675  0.71818282686675039  0.73138909830727861
  0.74412295614744062  0.75739179161533443  0.77181664161752073  0.78590929686647204
  0.80012014637564732  0.81436846859177281  0.82891743834722065  0.84413995538189457
  0.86146965160375777  0.87894919431846563  0.89725082115921750  0.91549659221909130
  0.93399583709212664  0.95316727006640567  0.97329271238919379  1.00000000000000000
 -0.00295650333442253  0.01150995408293039  0.02278245446163622  0.03366039191598780
  0.04444034270886669  0.05516892856560509  0.06613090131359002  0.07751076649594542
  0.08919295473127906  0.10064018209649363  0.11156500265008866  0.12216932846211358
  0.13285917910353801  0.14352732425944417  0.15363041010464001  0.16354302085584699
  0.17386153447654426  0.18385539074275403  0.19343652184522342  0.20304508186726450
  0.21295270188192364  0.22360284329051336  0.23423607646414901  0.24487522569961412
  0.25562871450401603  0.26562019161296174  0.27568719152171406  0.28654224420199759
  0.29808386059624808  0.30972992697578022  0.32018473504836842  0.32988278175005697
  0.33974097236036138  0.34933956303157376  0.35882757095697049  0.36818098064264837
  0.37759394154489945  0.38695024723050864  0.39641336385836340  0.40634866843506384
  0.41614333757145211  0.42556536360153374  0.43510597491451125  0.44547929255065249
  0.45707802573204059  0.46848034164580826  0.48006573932292662  0.49104340603691671
  0.50205286929249293  0.51270750808985588  0.52267862802686837  0.53233609350248345
  0.54150462429336488  0.55073640485002284  0.56025876441452793  0.57045216606232774
  0.58125948924636750  0.59246940336205467  0.60332808870758148  0.61488463875077837
  0.62577754675624109  0.63707244867295276  0.64801550742014069  0.65979986860135298
  0.67171667463876916  0.68300104755642965  0.69402978254653591  0.70434087910669019
  0.71362346523538633  0.72211587567261792  0.73028565879388829  0.73892967365630002
  0.74897245623825570  0.76004327310046393  0.77164740155894218  0.78330624871231147
  0.79529598484651254  0.80743936573914532  0.81888971240414787  0.82971081327073348
  0.83984451638681490  0.84980373726443181  0.86052803164209413  0.87140921886898381
  0.88223909431458158  0.89318852628011014  0.90369891118443857  0.91441454262900879
  0.92458726279566528  0.93532936742535988  0.94629992920388306  0.95742504670691664
  0.96799313422079070  0.97863188967252612  0.98908335921719526  1.00000000000000000
 -0.00144378220718740  0.00660979972589098  0.01400541834307597  0.02182894129428024
  0.02997668482040676  0.03885921156369938  0.04854013502032312  0.05929721589778265
  0.07087832123647045  0.08311706438204242  0.09544706517479253  0.10755146155756025
  0.12007070520483272  0.13346008942363788  0.14796079514439245  0.16273161079664283
  0.17726137835296285  0.19165322049740863  0.20576605347916710  0.22059190450957641
  0.23620953268612571  0.25191368403171532  0.26741323472644962  0.28354804298527814
  0.29948912707369879  0.31472057632602030  0.32943493992433215  0.34381437822064997
  0.35853754194710286  0.37460738946621830  0.39099113583841621  0.40706375356359897
  0.42252950650283155  0.43701402177393034  0.45127119046653968  0.46543344006302978
  0.48035398566224380  0.49627470205735863  0.51218547942570147  0.52716170478448754
  0.54120347935089097  0.55468672692751420  0.56765475055556325  0.57974655086764781
  0.59284880310958499  0.60613445100454399  0.61945575712488699  0.63236729462163899
  0.64490874639894669  0.65675817309556916  0.66887653671349911  0.68149994536860015
  0.69383076059915960  0.70548112250110162  0.71660197792665703  0.72754242471203967
  0.73790211140412021  0.74789904022088416  0.75771301387700551  0.76771701842480000
  0.77773190210905085  0.78705212588236273  0.79586854474353030  0.80477300429085996
  0.81354222932704134  0.82229824529580642  0.83098911251225138  0.83958961014585876
  0.84814970577483295  0.85625398685240306  0.86397259106328927  0.87175014100661052
  0.87939954016192945  0.88666830988215761  0.89372626162055691  0.90025747370797471
  0.90660269781360681  0.91301346831330910  0.91943722315098841  0.92598767108944735
  0.93223120946436888  0.93833079075942960  0.94397552758303271  0.94919092450561438
  0.95424265294343091  0.95902195472844154  0.96384306962264599  0.96865257749352807
  0.97332343962664003  0.97748920223244784  0.98121455073998853  0.98483190009635257
  0.98855397495555197  0.99239670035675942  0.99625973543456647  1.00000000000000000
 -0.00191289658888921  0.00914590093029541  0.01956246560189438  0.03104210096019399
  0.04288396806836658  0.05510307439346260  0.06669675650771019  0.07814773252775027
  0.08913163736204817  0.10104432051552101  0.11198782349009867  0.12311883377491212
  0.13249467620944280  0.14142259965546761  0.15044666744870519  0.15978591639054662
  0.16969531245761232  0.18000131058159521  0.18999532257734728  0.19986696585392841
  0.20920968098524440  0.21806203556900247  0.22696850140413721  0.23581766275017202
  0.24531950131033922  0.25561200866051909  0.26760575741680187  0.27976364591758607
  0.29182076723723599  0.30290144736704694  0.31400861430305416  0.32501945115664310
  0.33485631854460218  0.34400158323858271  0.35307338899321844  0.36298821519264418
  0.37322291953458553  0.38323736896065175  0.39338635005036432  0.40408766021851145
  0.41487822305285899  0.42557915075904318  0.43650050817433000  0.44741374688688995
  0.45820338545887290  0.46881083789638162  0.47906633298171009  0.48914623959119913
  0.49985810452689167  0.51180379720821534  0.52392276731304488  0.53529990761259927
  0.54631108323089339  0.55735012156246311  0.56830294098204137  0.57882991172251286
  0.58928569716137158  0.59983224222433640  0.61064888885590185  0.62100510678596166
  0.63058156089565875  0.64072148169080767  0.65200172775741905  0.66390481488711273
  0.67516197170671466  0.68562752887260459  0.69609276982243651  0.70697799703475450
  0.71792889382006875  0.72857870915820921  0.73899402298811390  0.74937325788739473
  0.75977934008594072  0.77009364463111774  0.78112980646781649  0.79284550192924996
  0.80556012136269284  0.81822310736406134  0.83047080965727527  0.84222261600943449
  0.85339197078309825  0.86366886965064604  0.87326561006739101  0.88265599461889033
  0.89182487707749791  0.90076809227974419  0.90935016036976946  0.91834345686502994
  0.92829025169778079  0.93885390409784997  0.94905784388626535  0.95847375712358462
  0.96824145853123056  0.97804233852164735  0.98842718699332321  1.00000000000000000
 -0.00215073729920922  0.00952666791708284  0.02022415106238310  0.03161241265774977
  0.04289214877443760  0.05359979239502868  0.06552023368326741  0.07722307787855046
  0.08788946195213139  0.09832785484280479  0.10865887365189673  0.11892829743958047
  0.12935945935974436  0.13976586818965314  0.15022169705999971  0.16090813731964981
  0.17111985420686143  0.18154638197596173  0.19160628208916625  0.20192175696078313
  0.21206373151211735  0.22259339692771299  0.23374470150754226  0.24516758947400621
  0.25570690624034198  0.26644146793098233  0.27707221497633239  0.28758102403038593
  0.29791331833914597  0.30849199522810467  0.31868508111928207  0.32897528048283264
  0.33937454591178778  0.35054831161743905  0.36281844421666937  0.37507947718619167
  0.38678022426299635  0.39850445701051751  0.41038620153019639  0.42193005573812753
  0.43266319780122325  0.44268992959485165  0.45157049576658137  0.46033982897742926
  0.46884625245002531  0.47861390279974098  0.48896907919804528  0.49957764190308801
  0.50989475472146395  0.52031408066098417  0.53053547643068566  0.54144871523201732
  0.55267610943844181  0.56322230178482813  0.57263812509606193  0.58182634251423093
  0.59120480723148727  0.60092715667972241  0.61075651247367124  0.62012103395328400
  0.63008090383690840  0.64075620729166705  0.65225564834845040  0.66415139433139370
  0.67598178420195554  0.68730015254159160  0.69854915944185436  0.70971574749404953
  0.72050117081684972  0.73109470334997051  0.74131501376962627  0.75143929996605041
  0.76195646542266471  0.77300734571202612  0.78381019005877706  0.79442811577547501
  0.80526804461333557  0.81705030495872555  0.82895258665860372  0.84048234876356698
  0.85150386910242737  0.86187301519482329  0.87186510346617563  0.88162869178987768
  0.89133920929375965  0.90116645877635038  0.91084905292752949  0.92056551538635856
  0.93077068455326839  0.94049707723166209  0.95060125172886190  0.96089673613430882
  0.97152395582830464  0.98198127114242872  0.99116506985040043  1.00000000000000000
  0.18574163366444912  0.58261031354487047  0.60773901806840258  0.62992055873794539
  0.64829640828377144  0.66495835068386067  0.68040524818477444  0.69478942011030542
  0.70805605054148524  0.71947145278323998  0.73084890763802612  0.74206265800711146
  0.75219835597444706  0.76174467529424850  0.77135770398795145  0.77976862840141181
  0.78759300303807345  0.79476822329389296  0.80123542954733562  0.80749063664569631
  0.81349888422075756  0.81913746581611546  0.82435063388689223  0.82967676006069158
  0.83473670272016753  0.83972314912645118  0.84459212670350436  0.84939087061304219
  0.85392048823178412  0.85813212682158491  0.86226163568480285  0.86630490641386748
  0.87014456402513085  0.87374902864567339  0.87714083156809453  0.88048624644569706
  0.88395047978162344  0.88743758667589412  0.89084854068178665  0.89411309109618808
  0.89719692237697690  0.90015584534027859  0.90308040336327644  0.90608015595223568
  0.90911581503515060  0.91208635583633113  0.91484940696393513  0.91737053054123807
  0.91945946885263674  0.92157384343232263  0.92371922282967711  0.92589696113602837
  0.92804290004834811  0.93020994384289801  0.93237913842914288  0.93445379788272875
  0.93640840743023324  0.93826767150425860  0.93985755541178262  0.94155888428170165
  0.94332871279540020  0.94509419680167794  0.94678390065001039  0.94840568979379491
  0.94998964484485904  0.95155692693512406  0.95309744797760232  0.95459965264319924
  0.95616903090103900  0.95773424646404370  0.95925482819838281  0.96072726094441463
  0.96217837708164211  0.96364119090174893  0.96509329260617893  0.96656510109651550
  0.96799072074624970  0.96932023389827737  0.97059353945617144  0.97184110141917379
  0.97310946324618541  0.97441881472984726  0.97577380906975397  0.97715152627303048
  0.97853450735283198  0.97993215469001760  0.98134044585884417  0.98281589764945243
  0.98441396924067914  0.98617034366739698  0.98817727400627453  0.99068648476907517
  0.99326547368987028  0.99555638126001811  0.99780421098540883  1.00000000000000000
   1.5498327440778763E-008  -1.0000000000000000     
 F F F F F F F F F F F F F F F F F F F F F F F F F F F F F F F F F F F F F F F F F F F F F F F F F F F F F F F F F F F F F F F F
  <DiscreteSampler_grid>
  grouped_processes
  1 # 1 for a reference and 2 for a running grid.
  10 # Attribute 'min_bin_probing_points' of the grid.
  1 # Attribute 'grid_mode' of the grid. 1=='default',2=='initialization'
  0.0000000000000000 # Attribute 'small_contrib_threshold' of the grid.
  0.5000000000000000 # Attribute 'damping_power' of the grid.
 # binID   n_entries weight   weight_sqr   abs_weight
    10   10   1.376235814303512E+002   7.285145200946377E+004   1.376235814303512E+002
  </DiscreteSampler_grid>
