  0.00110926660264826  0.01451141943610236  0.02719245793826156  0.03942715307554791
  0.05013522694857003  0.05903515196825863  0.06517856333981523  0.07006932384975068
  0.07448853250011014  0.07895215003336069  0.08473886075293491  0.09208850825039849
  0.09795414407080051  0.10295616911008033  0.10737434350440493  0.11219544904921007
  0.11778830443608362  0.12458791632932358  0.13285210606291431  0.14019045747739381
  0.14779579599945544  0.15561687435633675  0.16798687780336319  0.18216309660859981
  0.19696660732934285  0.21208673514386753  0.22492011759734437  0.23625593707335940
  0.24799750456967651  0.26077147180220739  0.27622702575389746  0.29167163228301229
  0.30253740076765162  0.31256819885183662  0.32167903246820956  0.33063504390887144
  0.33996606998788353  0.35046355776820037  0.36426041966415063  0.37795886346077728
  0.38937640053287842  0.40108700459846730  0.41173798215642499  0.41989412995504100
  0.42735108408530026  0.43513947104660200  0.44510703432115351  0.45482096815926248
  0.46550256813717222  0.47583708962642224  0.48698293943218007  0.50004887518801355
  0.51144985608074989  0.52178164793619919  0.53166683684058325  0.54191514280856856
  0.55704694922365250  0.57122710123936837  0.58581661288073339  0.59630514909199184
  0.60649231463838238  0.61577426773463240  0.62410672116571997  0.63371412144774175
  0.64232692726505958  0.65234736016111239  0.66427420469170162  0.67684015959990751
  0.68940965266832210  0.70171021203213790  0.71222733958585505  0.72227256061510703
  0.73241870526267339  0.74473955306813966  0.75975099382161049  0.77305876734329682
  0.78434927850667668  0.79424354971254707  0.80351939319073329  0.81265289503193094
  0.82301891976031061  0.83368661495125740  0.84404306379290772  0.85620190061426782
  0.86819964761516921  0.88058132582397042  0.89378335252831886  0.90830614815424848
  0.92293577320257125  0.93513042617655751  0.94547694964368945  0.95578046861126353
  0.96589025783716576  0.97569525219339770  0.98704358162775874  1.00000000000000000
  0.00000781472226770  0.00000834618143456  0.00000879699142569  0.00000916563963562
  0.00000946160331676  0.00000972737471873  0.00000999041891237  0.00001027494754925
  0.00001061296188501  0.00001104988956098  0.00001154643236629  0.00001211527781671
  0.00001286079985212  0.00001368038910172  0.00001458913920648  0.00001564021731416
  0.00001683132668472  0.00001805691823464  0.00001902264373029  0.00001995144700824
  0.00002086417017293  0.00002200519718845  0.00002354274061314  0.00002527877567584
  0.00002727078250933  0.00002881263958317  0.00003039358857703  0.00003208655714340
  0.00003408622428182  0.00003623721277070  0.00003799838753195  0.00003973609911007
  0.00004160772532335  0.00004380376598107  0.00004656223470699  0.00004977955749589
  0.00005447010388817  0.00006001084821507  0.00006653176636965  0.00007502847238780
  0.00008370471630631  0.00009268931698902  0.00010214230170747  0.00011340826546197
  0.00012792245847607  0.00014372389264625  0.00016099211603815  0.00017991244650640
  0.00019941690552480  0.00021826777910116  0.00023737126071450  0.00025920940607303
  0.00028341159496207  0.00031195654077302  0.00034022078223153  0.00036911406744276
  0.00039792190434208  0.00043066348176175  0.00047196295390454  0.00052286952704549
  0.00058117654243905  0.00063204482170276  0.00068513812968727  0.00073846156564636
  0.00080946650492847  0.00087934803494534  0.00095329793896688  0.00103023562365745
  0.00112750392559916  0.00125829092271974  0.00136395549343758  0.00146744482887308
  0.00158226754244930  0.00172428347397865  0.00188712663813200  0.00206957440849965
  0.00231596538791934  0.00262881824443598  0.00292615773319767  0.00326927134738345
  0.00364862751137457  0.00406113818874723  0.00454311958522792  0.00513263986270402
  0.00588683922243008  0.00670357712664620  0.00779207943519109  0.00903466042171695
  0.01008683719223926  0.01176066847045223  0.01435631465474745  0.01776867899486513
  0.02201446407138397  0.04570864234081246  0.10317059636099575  1.00000000000000000
  0.00000205098197231  0.00000702119661185  0.00001136972195590  0.00001630591720149
  0.00002434225801396  0.00003945618807663  0.00006070541740376  0.00009327336765793
  0.00013820607897291  0.00018751969791131  0.00024078325777455  0.00031059249572632
  0.00039104982893090  0.00048745744227815  0.00059772021213294  0.00071710496343007
  0.00084119213334113  0.00097132339315840  0.00111799812678558  0.00126347144450886
  0.00139947374336755  0.00153573875640542  0.00166411282559614  0.00179325906058170
  0.00192464400531575  0.00206874149480631  0.00223732588511610  0.00243801199034923
  0.00263384760387582  0.00280063881382759  0.00294620438712174  0.00311178158605936
  0.00329952016434647  0.00349484898427060  0.00369999190682849  0.00388443494425245
  0.00407895043797256  0.00430978140659573  0.00457311784847249  0.00486192495374252
  0.00517098708509736  0.00547800141879464  0.00575075800480456  0.00605551645730482
  0.00635945667370771  0.00665803073016660  0.00694577662746191  0.00715562759350907
  0.00740032209653170  0.00765009400384902  0.00789140230136702  0.00819522312585284
  0.00843092013602093  0.00863243970996964  0.00885955707451030  0.00917042069378429
  0.00951655581532075  0.00980190411026687  0.01001251936929609  0.01018431264997495
  0.01033550272196999  0.01045192353133114  0.01082520122649562  0.01134280637235363
  0.01193728586862801  0.01285073072607961  0.01404758435095223  0.01486749286891056
  0.01553295903018260  0.01606721579317879  0.01650618328443147  0.01695497077547266
  0.01741961558685172  0.01791778291993839  0.01838280940462752  0.01882517271614530
  0.01937457529952233  0.01999234938147195  0.02055707254316143  0.02107906343862818
  0.02154050169190630  0.02195408772731581  0.02235068780703824  0.02272925862595971
  0.02322236398689279  0.02377349487567506  0.02464396709992578  0.02553907727407206
  0.02628197252410255  0.02706359966137033  0.02788467365794916  0.02876821708286512
  0.03162821776166059  0.03733729170512354  0.14073199596302788  1.00000000000000000
 -0.00729095063145378  0.02617147237256705  0.04606865152833201  0.06250236771459912
  0.07761914040087914  0.09298719382609216  0.11068803123843275  0.12837644062104178
  0.14534772000832855  0.16347145171323926  0.18206450102290594  0.20315148161693847
  0.22539603706191183  0.24299142881306313  0.25603855405401377  0.26754783593345988
  0.27948345204586289  0.29054037648408998  0.30081455676946156  0.31051616039580804
  0.31931032014687688  0.32632137638959668  0.33397567752521184  0.34309473786294858
  0.35503265426933267  0.36484650941951519  0.37559202994953939  0.39118718940733149
  0.40921000507755306  0.42606408493628539  0.44067108850635966  0.45244819193959629
  0.46128469336955447  0.46879998539361228  0.47661270653104337  0.48595970695921920
  0.49741411661817569  0.50938000058064981  0.52154514532715934  0.53387946331861591
  0.54640615251984415  0.55425315898587102  0.56059442283463168  0.56647417558645197
  0.57163713574198027  0.57842156024177060  0.58583490873746880  0.59282553319035691
  0.59912575835208948  0.60596921527650760  0.61352257678057687  0.62234441818507513
  0.63222863952152086  0.64248576856004791  0.65257113579848902  0.66225024763365703
  0.67039530538814773  0.67718281469919472  0.68359309759134301  0.69064968990375653
  0.69797796613488228  0.70396431357880818  0.70988254224474789  0.71589865425278387
  0.72239639650969567  0.72960377095659978  0.74067226488994198  0.75026066119215651
  0.75841840670840432  0.76630253638386636  0.77366196217789407  0.78168250712988474
  0.79152849319222685  0.80312222272498135  0.81422852530459433  0.82384490616399964
  0.83250805891818480  0.84147011238255942  0.85163723537991520  0.86221503549159306
  0.87086196958808759  0.87870053173510543  0.88611661993894897  0.89293349852878368
  0.90048500643721407  0.90815073042404948  0.91674395292726185  0.92465155675771071
  0.93179944865804443  0.93861066818029915  0.94539369057456968  0.95246242838702266
  0.96118816229273929  0.97290154031616083  0.98570957617894939  1.00000000000000000
 -0.00100749870851928  0.00820962613395435  0.01731393243711249  0.02559330374952512
  0.03419916228903774  0.04171429336945712  0.04790713272783541  0.05407520018378258
  0.06070339190644439  0.06748073316365985  0.07429806864212206  0.08270354081338693
  0.09450755486901213  0.10583340958156941  0.11474300898423201  0.12331820585839402
  0.13218473282400159  0.14257070477365885  0.15535329568618894  0.16868333407451586
  0.18165368810807370  0.19410068802013808  0.20419018249461465  0.21215692850299267
  0.21942668897998899  0.22682403165280743  0.23576106788861173  0.24501371012277712
  0.25579002360190189  0.26893683662364043  0.28138709355259134  0.29143185922279208
  0.30346927684458203  0.31617401156603542  0.33209091726055040  0.34977515225308348
  0.36520402693111731  0.37715462503281977  0.38889431706792132  0.40077258473406985
  0.41275150903596142  0.42519559133684504  0.43776894078068818  0.44709761175331814
  0.45662691890352897  0.46590724147800583  0.47272969311660717  0.47910958253571867
  0.48603067209157674  0.49429903723355995  0.50292747582145014  0.51295935715519692
  0.52291608799181111  0.53257340498936701  0.54375943198703114  0.55621113694314261
  0.56842603844204576  0.58021775058236658  0.59245896579019397  0.60625474246114786
  0.62032578915579106  0.63560612730250576  0.65025206985039363  0.66317029574458530
  0.67377282109018655  0.68271517400303450  0.69050881585012081  0.69680368182555086
  0.70317302137538684  0.70999853154555204  0.71774388174435821  0.72454771562620823
  0.73097104003137670  0.73981314487646710  0.74967787376278205  0.75914727128496029
  0.76779670226576691  0.77710859077425076  0.78661606535194595  0.79773732410414822
  0.81113860421357531  0.82260787187209594  0.83297756913999899  0.84281193098424778
  0.85117758533246157  0.86378265104770036  0.87506026959667282  0.88752024942277985
  0.90041158548959810  0.91364990798532020  0.92952706053309653  0.94433942352011457
  0.95741952331304037  0.96981554997267660  0.98268393988884739  1.00000000000000000
 -0.00352569422527158  0.01179026294223620  0.02363546619804907  0.03418683577479539
  0.04448940187662800  0.05482241234614602  0.06491301796509580  0.07463149629884570
  0.08489238975132188  0.09529237860691235  0.10736867605056556  0.11824561005510598
  0.13041343693234031  0.14263123991660986  0.15180550305850748  0.15923202260245603
  0.16662804566367070  0.17384801358954383  0.18076186038183892  0.18697475113801773
  0.19327278186928115  0.20140540043699745  0.20979185459806626  0.22085594703724495
  0.23184199199704075  0.24387507582151483  0.25672698244370917  0.26865758321268468
  0.27913263205093314  0.28930274406938272  0.29889960241154923  0.30768308886450402
  0.31684210746935632  0.32667774537629507  0.33592306522653581  0.34380843419263774
  0.35217242489571493  0.36062852645473176  0.36814460983760516  0.37511373276718790
  0.38272258580425100  0.39004108686332645  0.39726949960625701  0.40552381918195463
  0.41387193171282710  0.42495595058429531  0.43651566867416447  0.44836004396320855
  0.45911144690165606  0.47011699371419635  0.48193043658768581  0.49312252460237099
  0.50344421704678977  0.51308334662004551  0.52136695433743518  0.52958127414756695
  0.53829631524939825  0.54965062559843847  0.56344211075407280  0.57864607393627465
  0.59484892113576682  0.60807232583687776  0.61825127622721421  0.62816107705394619
  0.63858673114407505  0.64884736999413239  0.65946443838859525  0.67064763612674949
  0.68234663781429583  0.69523561546713664  0.70741326859367637  0.71592708485805812
  0.72404617289371942  0.73300490837069754  0.74184010303023762  0.75200270370210243
  0.76379747272388621  0.77662084325768377  0.79008346006868602  0.80234721569060419
  0.81422335327562956  0.82711289938788890  0.84017007348126516  0.85407506785241805
  0.86945677331211280  0.88559475624013251  0.90009261057238765  0.91170365737286041
  0.92191286774753278  0.93154813524557567  0.94222914266215074  0.95147207689498436
  0.96021717782303972  0.97008384786400870  0.98105227480840396  1.00000000000000000
  0.00023172176569022  0.00043058656217228  0.00086971545378730  0.00135154320749938
  0.00172336167454477  0.00205800153438659  0.00237855347403688  0.00268187692230224
  0.00298185959318208  0.00327331949415882  0.00358199530320382  0.00390566818816247
  0.00422083730786571  0.00452893708462412  0.00482766495306841  0.00514445654288792
  0.00546689744207177  0.00579414827175647  0.00615099448885904  0.00650457108966491
  0.00682804869719971  0.00718687668418388  0.00757077538844296  0.00801540801965919
  0.00847794018189217  0.00896946490393048  0.00944504527251876  0.00989939588966714
  0.01030178447656003  0.01068701168815092  0.01104864236111043  0.01135630816117488
  0.01160793601220750  0.01187501169610617  0.01215460190916930  0.01245928764083975
  0.01278344848712128  0.01311491662310948  0.01348860826735872  0.01404475018952349
  0.01485353285657826  0.01579066001051162  0.01677989560053489  0.01733350707529760
  0.01763176194268315  0.01791788107750181  0.01820289197349774  0.01852085249925258
  0.01879170184782017  0.01905686648608913  0.01934063293036173  0.01972228009567758
  0.02035549998202103  0.02107776847251080  0.02157387476534577  0.02184815498518318
  0.02208186907621787  0.02230248742662161  0.02257001482803999  0.02274590246593021
  0.02290199145076468  0.02304317217738407  0.02318121372754881  0.02331841178347427
  0.02348366356254252  0.02370290852673891  0.02402109915634646  0.02441291492924367
  0.02484691666406405  0.02555840174102412  0.02629169270086715  0.02696833107811446
  0.02768870852352818  0.02852967010458546  0.02950550603265098  0.03061665898285836
  0.03163855021256406  0.03290661777713551  0.03401860256337382  0.03498859355699062
  0.03606247299831442  0.03799560080776765  0.03999022929162804  0.04264473609637244
  0.04356525299034988  0.04457259781528031  0.04561342815310163  0.04726675626530990
  0.05176160933583988  0.05628134883570184  0.05919602853963477  0.06437223484700218
  0.07486466946118657  0.11613383583792088  0.37261210670607281  1.00000000000000000
 -0.00539084510066099  0.02350578096612613  0.04436367599308912  0.05813456427559030
  0.06540338145050521  0.07114156630018767  0.07650515389221849  0.08411149830194639
  0.09442736182535745  0.10722669877331750  0.11992625534684569  0.13461014151745557
  0.15021575368437828  0.16715940789576189  0.18334872679942615  0.19776233104845034
  0.21124347504808866  0.22327691111875661  0.23315593466501397  0.24178887001076013
  0.24884787217690921  0.25638826330211933  0.26538595069285625  0.27692355063160040
  0.29102916231326209  0.30689663699516256  0.32433658683808431  0.33554447140029769
  0.34471419703910677  0.35263547627622888  0.35995845849158759  0.36776215951720775
  0.37658659422619623  0.38656092020773541  0.39752416176307914  0.40969832369768272
  0.41987124123448982  0.42797284315975848  0.43470269058240918  0.44157356971808176
  0.44887904286143926  0.45587493937216572  0.46229547660013282  0.46869340949449428
  0.47507284131539945  0.48122338320484159  0.48678683937136752  0.49212387119060264
  0.49791557696725769  0.50399408791560341  0.51057068380759885  0.51700501563925372
  0.52390940479769754  0.53168116723058634  0.54038566729718895  0.54995130191339903
  0.56010792361278749  0.57127015437542528  0.58204335842042509  0.59239751292966458
  0.60222481754863622  0.61322242857952769  0.62421977794010641  0.63458956459485560
  0.64472657730832483  0.65501525191641008  0.66599734325412774  0.67899108458392810
  0.69096676426951964  0.70105622601793549  0.71032627799824022  0.72006987618600016
  0.72976649017079942  0.74279126376337445  0.75540324722843011  0.76839206096189094
  0.78337308869170597  0.79899791384175112  0.81689950084998453  0.83645344448828640
  0.85607075089895279  0.87321146517935933  0.88447129873513453  0.89255656332901512
  0.90067536043851970  0.90674974783902562  0.91269192805610400  0.91891292320507278
  0.92512459265051528  0.93207493297434174  0.94316561776630448  0.95695424764536319
  0.96919791858328019  0.98106627217093700  0.99094538597580240  1.00000000000000000
  0.49225354225479323  0.59845521312958849  0.62372263516578008  0.64980419123785271
  0.66825589358908588  0.68390748868406004  0.70045782353029873  0.71653943577457235
  0.73009619745933940  0.74497160306652199  0.76143581953081618  0.77573525639537644
  0.78785590111118564  0.79874930557712420  0.80951404776222236  0.81966202956494560
  0.82943302840000266  0.83876237490066197  0.84762751736111774  0.85607173861879682
  0.86292387408457683  0.86915847366317023  0.87521728335774263  0.88098515230412366
  0.88608012770247135  0.89140243515681206  0.89661372592263544  0.90087482698414822
  0.90466854454123036  0.90827282397500964  0.91182916664736302  0.91532200310619893
  0.91875375941847937  0.92226998473314814  0.92591302616156923  0.92935575399411197
  0.93275848791635974  0.93616687145189992  0.93931179947180243  0.94189800137505364
  0.94429045860568561  0.94653713272426876  0.94887166971685166  0.95113927227220629
  0.95334857287731034  0.95560159705386905  0.95795326466018182  0.95942046551604399
  0.96070532793745600  0.96194191334470702  0.96319775201597135  0.96452398737986056
  0.96591015981895623  0.96729619863478133  0.96870964697579509  0.97011410468193582
  0.97144608033026081  0.97280325003572810  0.97405199508504592  0.97527233484709208
  0.97614324973952993  0.97701718272505544  0.97790499579448087  0.97868333862931978
  0.97935565230135857  0.98001914854350447  0.98069175817633780  0.98139028000109663
  0.98200998527439043  0.98264028385900437  0.98325575066435178  0.98391326929185874
  0.98467982720695679  0.98545805662183494  0.98615801974219930  0.98678061931471073
  0.98736113450527563  0.98793906913688934  0.98854188653370334  0.98926508529480628
  0.99002149336301748  0.99065839283323087  0.99119587662871089  0.99166723225289422
  0.99211932292418847  0.99263589459079005  0.99323180344367057  0.99384888900775603
  0.99447732297024360  0.99515774635661614  0.99587386211873796  0.99658021356999360
  0.99721762007679871  0.99797978859189285  0.99888671725742062  1.00000000000000000
   7.0025524027503969E-008  -1.0000000000000000     
 F F F F F F F F F F F F F F F F F F F F F F F F F F F F F F F F F F F F F F F F F F F F F F F F F F F F F F F F F F F F F F F F
  <DiscreteSampler_grid>
  grouped_processes
  1 # 1 for a reference and 2 for a running grid.
  10 # Attribute 'min_bin_probing_points' of the grid.
  1 # Attribute 'grid_mode' of the grid. 1=='default',2=='initialization'
  0.0000000000000000 # Attribute 'small_contrib_threshold' of the grid.
  0.5000000000000000 # Attribute 'damping_power' of the grid.
 # binID   n_entries weight   weight_sqr   abs_weight
    10   10   1.015614286900197E+002   3.855900208285410E+004   1.015614286900197E+002
  </DiscreteSampler_grid>
