  0.00395349981487402  0.00898134462998902  0.01717416307901677  0.02512443440719160
  0.03305406321243645  0.04162463562766452  0.05243329994425233  0.06399977980518153
  0.07454677982653589  0.08414979110329596  0.09347933114982983  0.10223854757120715
  0.11140653224312989  0.12095855721310564  0.13141648881564202  0.14291106827702948
  0.15405521868253114  0.16498984551285001  0.17613251601484886  0.18754713706638404
  0.19866623612624251  0.20965989909019703  0.22113255856358460  0.23161627143319138
  0.24162843760080613  0.25158171314243821  0.26124273862412623  0.27105660869978915
  0.28008073281324697  0.28971806289636221  0.29986635512725590  0.31084073292316117
  0.32247630833937435  0.33385369457923852  0.34473400218666111  0.35558438484853855
  0.36586888042719079  0.37614975946792650  0.38652884577737734  0.39741257244530243
  0.40856033396701741  0.42052973036345154  0.43373809978521449  0.44577113248103878
  0.45718406745143719  0.46854819668863346  0.48023614658295399  0.48949547931928605
  0.49874573748948403  0.50779308242345633  0.51730637002243263  0.52697629253769440
  0.53664036925266467  0.54641877198912514  0.55600773533758463  0.56565739895781475
  0.57531382326509140  0.58576972183300113  0.59600458946968893  0.60636986279983340
  0.61640076478919248  0.62617382832103952  0.63680963043817163  0.64730786096241288
  0.65800658654373545  0.66863406113661350  0.67863144034422085  0.68849440015176766
  0.69819570052805091  0.70764321433986310  0.71726592720114446  0.72734075618993543
  0.73801669211107579  0.74998997233827103  0.75998215321786677  0.77023054917412748
  0.78005868295766667  0.79104340812050022  0.80056765926447304  0.81040329197316807
  0.82109237625057563  0.83353833872248939  0.84591772196270820  0.85752384894832800
  0.86835206878293947  0.87859751953799359  0.88933102029852584  0.90033243447870381
  0.91343901732323096  0.92542404662013544  0.93780705015091814  0.94879752012244756
  0.96007964250179756  0.97014527099386882  0.98097567549418441  1.00000000000000000
  0.00270812385257162  0.00462031280313283  0.00542174259159658  0.00636054054363186
  0.00724379447912087  0.00802116353427580  0.00873246189006439  0.00940777168211177
  0.01007859312686014  0.01071926652027110  0.01138072151185180  0.01201325420305181
  0.01260899835721209  0.01321291345514473  0.01383540249128888  0.01446985699276832
  0.01508880786121805  0.01571645585606301  0.01631362081367280  0.01697071750153709
  0.01764382854871677  0.01828917052834691  0.01889876170453084  0.01951540165628940
  0.02014067337983301  0.02078648690720243  0.02141415522905570  0.02204442326711977
  0.02266136999571212  0.02329508993066439  0.02395212184489385  0.02462845534325586
  0.02532462484662742  0.02604012408198522  0.02681401885315862  0.02764956365953727
  0.02844591606309720  0.02921033924704205  0.02994759718003915  0.03073053636686542
  0.03161854140180683  0.03251745080424216  0.03347254172341845  0.03444641938958379
  0.03541811945860179  0.03638086740697407  0.03735731595479078  0.03830004873139493
  0.03924251798691253  0.04020348121473826  0.04124715461398831  0.04241594204692856
  0.04362638053989745  0.04478820224219768  0.04585211821057057  0.04691775048172086
  0.04838489998534530  0.05022218812960113  0.05235370336570853  0.05469236213830220
  0.05697920006647361  0.05924695852535819  0.06140791243029435  0.06343921200379198
  0.06557807181926401  0.06796071037943151  0.07032911255348727  0.07275972575249542
  0.07539702421562818  0.07825610868903378  0.08103669543029279  0.08370344182731973
  0.08648580258897964  0.08921866021733776  0.09189797201326515  0.09416767255404207
  0.09690982935275247  0.09943709933671571  0.10188570377033199  0.10503240106291463
  0.10987660090354305  0.11687278631659935  0.12548097351038454  0.13458995160774309
  0.14277068866579917  0.14888779733693522  0.15447384998331626  0.16166895163074213
  0.16879444377855640  0.17409887839356813  0.18046173902130058  0.19335713181469194
  0.22500759749566387  0.29602779478026592  0.70699501619727667  1.00000000000000000
  0.00009061476418563  0.00011053088625425  0.00013427327728406  0.00016119598405628
  0.00019365800424674  0.00023065122660300  0.00027093745039092  0.00031143265784287
  0.00035535644573403  0.00040447964215630  0.00045826761573414  0.00051414694552678
  0.00057284406028206  0.00063888213046749  0.00071274290520431  0.00079244457471771
  0.00087344917347845  0.00095325673340395  0.00103262034851535  0.00111358556337947
  0.00119700746162766  0.00128584508429059  0.00137841736284265  0.00147687923851861
  0.00157975813505017  0.00168887977466914  0.00180749697308526  0.00193825406911291
  0.00208223644750570  0.00223790282391722  0.00237348126461931  0.00250674435059432
  0.00264594199565683  0.00278868717337337  0.00294879033821601  0.00311421381473457
  0.00328148192702627  0.00345644411569400  0.00364401553869138  0.00384649348869045
  0.00405242803093087  0.00426509549589007  0.00448481058167784  0.00471543337571276
  0.00496577230992530  0.00524576278220650  0.00555393796080658  0.00587315527370269
  0.00620181686201645  0.00654476501497224  0.00691449983019348  0.00728873378472044
  0.00766338272348028  0.00801808140076765  0.00837077238856822  0.00878513505507639
  0.00923749499687227  0.00974144223837105  0.01026940947019086  0.01083704541379962
  0.01145556904067654  0.01205270887716374  0.01267083725921797  0.01332606090613026
  0.01406845429338780  0.01492580239490325  0.01589177907209132  0.01693812398183727
  0.01792847447798023  0.01886384436195812  0.01982063444708886  0.02079940973796343
  0.02190805827271589  0.02330962896479697  0.02501789932826131  0.02681495171817975
  0.02859238333068479  0.03121581255773130  0.03378894127182974  0.03605508762001381
  0.03876632304414563  0.04228327071534192  0.04694575119509418  0.05327171381576040
  0.05964480280023070  0.06546201362759874  0.07272296268580736  0.08328466819742696
  0.10112124698379704  0.12057536837056006  0.15215203140958211  0.18917692172237599
  0.26591333544384282  0.53801694155884205  0.67787806360141900  1.00000000000000000
 -0.00289676779439743  0.01074953344494951  0.02181368027708032  0.03260736118770406
  0.04285556724509443  0.05266119444775599  0.06268537500471429  0.07282665278993318
  0.08211940360605018  0.09162162928563490  0.10142471786253342  0.11069456848350871
  0.11984339151670942  0.12887071743808604  0.13805625100320135  0.14775663139251588
  0.15711825770644611  0.16701497576114790  0.17682286217783974  0.18662027055178540
  0.19606501399807549  0.20617911437386074  0.21673639332729974  0.22655198021949591
  0.23553139373470042  0.24399458942875876  0.25230762975746657  0.26119818489693741
  0.27018391890763827  0.27914198351066194  0.28811589070868598  0.29685436105561830
  0.30550191775411445  0.31425620888385158  0.32303087219914361  0.33225358841723113
  0.34204389283856501  0.35203119465097604  0.36191677492900209  0.37107447933317556
  0.37951671566460499  0.38738542034924234  0.39662886156405669  0.40519865788042669
  0.41318406643960698  0.42134311160583704  0.42988003969866351  0.43943542378049605
  0.44928039875585041  0.45928580809566394  0.46939862994271087  0.47908175727414920
  0.48867309750422522  0.49843058043593597  0.50891431823792388  0.51871003959796114
  0.52725255800689108  0.53461203871678398  0.54230478333601939  0.54957987193079294
  0.55757206051782016  0.56653219866609972  0.57596753325487937  0.58571920441217862
  0.59645975045216393  0.60762175938943408  0.61831312120396820  0.62899828341875752
  0.63952368511649504  0.64981594622543970  0.66008542772952461  0.66961872633228547
  0.67996064810034407  0.69024234364386128  0.70177799908891392  0.71352075367183554
  0.72562548493154988  0.73935656707598940  0.75349537763822183  0.76588696128581879
  0.77710287786147081  0.78807469311289879  0.80146100516192864  0.81550917971855663
  0.82870655606067811  0.84316295047675105  0.85761312230022868  0.87057144756206584
  0.88474799087117517  0.89913422148378663  0.91293493959311478  0.92824919900383285
  0.94444645045592468  0.96178539543414376  0.98142934833289253  1.00000000000000000
 -0.00190433129299594  0.00836165075358572  0.01707472779855367  0.02568370108979524
  0.03457510674216224  0.04381319038864108  0.05539451452055900  0.06637604954755812
  0.07732007385527077  0.08781270723303561  0.09903590870992665  0.11068927227253611
  0.12179446682095098  0.13123591503780713  0.14102554046573276  0.15076697914524614
  0.16179113565440631  0.17287675411864029  0.18501305646327088  0.19777427730551236
  0.21004003420292533  0.22101890381150613  0.23162775925852117  0.24141911781454545
  0.25044951935202198  0.25936707324053165  0.26828089912496789  0.27893162126064025
  0.29043194754055213  0.30266193016392473  0.31442693069218436  0.32574191499688804
  0.33700733728232590  0.34863230715672466  0.36049342590557754  0.37168631300405530
  0.38250844391532507  0.39317628794119958  0.40399001820775360  0.41490501635008903
  0.42536374256363907  0.43501655828272201  0.44417932570590934  0.45290718480477393
  0.46241616504402411  0.47174292509685706  0.48087512355939122  0.49013329532411454
  0.49923627305905788  0.50872997460033442  0.51830936938369732  0.52813390695244999
  0.53852059446227163  0.55043774903264175  0.56386240562691592  0.57718817066815120
  0.58944881775550795  0.60121808874014593  0.61241237114078717  0.62317615437628893
  0.63393328094535495  0.64417011168157201  0.65396415443450062  0.66402792675852018
  0.67472599818849333  0.68596721917392744  0.69738165806576946  0.70833542075922429
  0.71982971533738827  0.73109540063014478  0.74196441509813305  0.75250931269827614
  0.76300441344560621  0.77361588767525324  0.78379753279223119  0.79503978770949668
  0.80589188379142962  0.81671341104277773  0.82642894031320535  0.83602944913641986
  0.84571588444414625  0.85539607557075392  0.86486275702797544  0.87402069645702529
  0.88343164175687505  0.89334157069697395  0.90358898339263716  0.91460203430664033
  0.92699716629038309  0.93949838801630714  0.95161937206263181  0.96214917920346055
  0.97212298442460654  0.98196949119300458  0.99116033045350760  1.00000000000000000
 -0.00617970237019344  0.03686403102970712  0.07033911219631303  0.10033084529745523
  0.12658373704033035  0.15309926271420865  0.17948274526945951  0.20356213143331411
  0.22621050291970290  0.24765142860860553  0.26801125832505429  0.28719829986044981
  0.30614671441289654  0.32591471070796890  0.34453445635734076  0.36124695713636218
  0.37691333387766579  0.39265205245349433  0.40842227172845785  0.42330247616533084
  0.43754370530075787  0.45185106741638714  0.46604602564462877  0.47962977616707386
  0.49280297436342191  0.50601839424437034  0.52002820274336159  0.53297276726786114
  0.54547257016391271  0.55753182581072158  0.56892876691690575  0.57875088348029868
  0.58928242380457041  0.60015082183516266  0.61068261158487103  0.62059962896133158
  0.63104625197319708  0.64230745959385060  0.65340201304146195  0.66424811044888243
  0.67494391801328202  0.68589172585142499  0.69604560523394976  0.70576827403427422
  0.71414274477668815  0.72187325321681450  0.72972384688978076  0.73800228614376751
  0.74626931090359361  0.75424548917513234  0.76181978641673476  0.76921963973926011
  0.77668159787166546  0.78411106389896357  0.79128999198551897  0.79807598535345170
  0.80422221200842148  0.81060862779893994  0.81780920133657931  0.82515558301251624
  0.83192599979011805  0.83831843771604087  0.84433804159396775  0.85033414195771151
  0.85686381022183489  0.86433332349784253  0.87250979490368075  0.87874101771710478
  0.88400742835517432  0.88879859846377318  0.89330249229326675  0.89756877544099423
  0.90186528263726340  0.90649213305648024  0.91131789190006940  0.91585119384966029
  0.91985572129494519  0.92351262154545888  0.92708513496051981  0.93067461916428273
  0.93420509646296657  0.93800693307788385  0.94243476685827809  0.94712805489941043
  0.95185884331696091  0.95638057824521328  0.96062273243609875  0.96482341206241262
  0.96901085475543147  0.97336307179666059  0.97763228396629276  0.98176097712519450
  0.98591246783463216  0.99040581505890835  0.99507023501273884  1.00000000000000000
 -0.00226145230151091  0.00919554743751048  0.01756033807780229  0.02766175005465547
  0.03735391415754626  0.04754950646700663  0.05633716130832382  0.06452985096156622
  0.07368831872344714  0.08278533304651609  0.09182086539853349  0.10202584663876081
  0.11336942779386741  0.12486078910352842  0.13538757521363035  0.14565165913430453
  0.15742246486083039  0.17047012859486513  0.18253599177398111  0.19410090453075898
  0.20580678930645582  0.21701799086297605  0.22813735661386056  0.23947311252204651
  0.25126543881318203  0.26220405586873863  0.27237546374960742  0.28264651246257744
  0.29405546077702643  0.30656025467134124  0.31848938552520623  0.32978779708838352
  0.34074692604173701  0.35198565324768316  0.36299950695704908  0.37333186992563111
  0.38383664844134180  0.39395723469114696  0.40477864274505332  0.41599936320403513
  0.42716166023178981  0.43786164094209895  0.44767248176212032  0.45726201376396036
  0.46760449510428254  0.47873646409790149  0.49013029243998246  0.50173677789505056
  0.51415667638023466  0.52679467125638657  0.53867867393865998  0.54940843685256890
  0.56021994928418906  0.57109902526330281  0.58154715525986622  0.59108469707079270
  0.60100315220464096  0.61267038962615805  0.62533504741930968  0.63588160521615567
  0.64484971237888056  0.65287403576724845  0.66084606464610773  0.66959347742458286
  0.67899728342161192  0.68885825240194887  0.69750421611513858  0.70597017932677764
  0.71502440049981941  0.72454949968021232  0.73433978836089664  0.74407174771497286
  0.75512536259432306  0.76654073249058940  0.77831594067363818  0.78811924035161351
  0.79766728772294726  0.80721454901292888  0.81869518125912566  0.83055896897556380
  0.84256414209469743  0.85401893395819184  0.86602176778729156  0.87625302958728590
  0.88564536428609997  0.89498158282338180  0.90506741908231103  0.91683228866963884
  0.92792193924825106  0.93768861897809674  0.94698217144233710  0.95703559930636217
  0.96841549042571839  0.97971952725966838  0.99031172474633955  1.00000000000000000
 -0.00139903339574331  0.00679655938809091  0.01519440536539220  0.02370239990585016
  0.03264731456374106  0.04173536343721392  0.05117977810434843  0.06091010699550009
  0.07123834943805060  0.08199024488494723  0.09243565013810652  0.10272325328873656
  0.11346837631128610  0.12449330140075296  0.13611500819659567  0.14795170758004147
  0.16021104603674968  0.17323359883314143  0.18680100376425410  0.19972004940693017
  0.21175337098037303  0.22302618948085887  0.23367340941246070  0.24444808935231277
  0.25580837919772331  0.26785833297099154  0.27870378926047695  0.28833658357667019
  0.29731744012113198  0.30642151768336123  0.31619968345557353  0.32680000524047687
  0.33754723467531511  0.34770587402984510  0.35762071199943990  0.36777541168659067
  0.37861340382750230  0.38967473846863321  0.40115533947568943  0.41315585148302936
  0.42535232470980783  0.43730306837238975  0.44847065804164221  0.45897382754463223
  0.46809318642014131  0.47737512572795043  0.48658005340182808  0.49649618842483978
  0.50618095463336599  0.51493525003439755  0.52340734101665409  0.53181768456176615
  0.53995613632374895  0.54951887675018118  0.55942268291743569  0.57019015037088983
  0.58134879813919293  0.59276951796852939  0.60416121806252776  0.61536514079956439
  0.62624914565416345  0.63628148591884615  0.64563941380255840  0.65466638172955827
  0.66415766275695065  0.67433711965093335  0.68507418761008565  0.69575292553065904
  0.70656013288174968  0.71711262027742684  0.72781933076195393  0.73794877341516574
  0.74831435924967837  0.75864552443035282  0.76938379783218647  0.77967883598584975
  0.78988570464420893  0.80051576514119038  0.81159847775754479  0.82263716510427720
  0.83427064059439915  0.84566416605235051  0.85681794702753300  0.86791593555777946
  0.87877683095119008  0.88946560376745254  0.90048856828673096  0.91233037355652724
  0.92436260223995947  0.93644479053880247  0.94751170737991108  0.95800934861308940
  0.96824035720320378  0.97960599847755991  0.98989813834283569  1.00000000000000000
  0.50363905240077811  0.60288111326518967  0.63758717622631056  0.66678236011279024
  0.68970511575872340  0.71088594561998486  0.72768370118557568  0.74263118696097152
  0.75583841484486414  0.76769990004733024  0.77862975433194248  0.78979893243611454
  0.79976173416979812  0.80891208893548161  0.81735354201548793  0.82516534150956633
  0.83268701476290685  0.83974942143700482  0.84620057058722409  0.85219387611489927
  0.85762190609070887  0.86259345644492025  0.86741572698714731  0.87226144528381566
  0.87672119463481935  0.88078667611962036  0.88458481061370542  0.88818163761575430
  0.89165580310366488  0.89502660253878052  0.89821246002295063  0.90126414274178934
  0.90418823337116372  0.90705536079428484  0.90975233961288526  0.91235326407853290
  0.91487917291442045  0.91733033471515368  0.91974645501249819  0.92213117023381441
  0.92444776032862497  0.92660303553973133  0.92867720782190399  0.93072908019526324
  0.93284159616561679  0.93488221229410617  0.93677636622297333  0.93853158734814612
  0.94019553562525449  0.94184037920981400  0.94351906120070139  0.94522204005028732
  0.94688811904742087  0.94848771395858744  0.95001895355908417  0.95154703494363957
  0.95304772532352522  0.95452447883212443  0.95600514648504309  0.95749763531226284
  0.95894533335542353  0.96023157304682094  0.96150110099009944  0.96270842300435000
  0.96388753509173886  0.96506871779082581  0.96627500972011893  0.96752308174777557
  0.96864862348877190  0.96972229214108518  0.97076535020957055  0.97177014111823623
  0.97267839183058136  0.97361225461463830  0.97456618710985687  0.97553635648073866
  0.97651474684629225  0.97749471520012621  0.97849677530293544  0.97955734168330555
  0.98066099854101951  0.98179267076773746  0.98296835132979488  0.98416143245014598
  0.98526610520832270  0.98635283500207505  0.98745467856685698  0.98858964547213002
  0.98988485588153408  0.99150708633996354  0.99321783565099742  0.99463789474627873
  0.99589482105839022  0.99711066122646841  0.99838387657151917  1.00000000000000000
   6.6981159940369106E-010  -1.0000000000000000     
 F F F F F F F F F F F F F F F F F F F F F F F F F F F F F F F F F F F F F F F F F F F F F F F F F F F F F F F F F F F F F F F F
  <DiscreteSampler_grid>
  grouped_processes
  1 # 1 for a reference and 2 for a running grid.
  10 # Attribute 'min_bin_probing_points' of the grid.
  1 # Attribute 'grid_mode' of the grid. 1=='default',2=='initialization'
  0.0000000000000000 # Attribute 'small_contrib_threshold' of the grid.
  0.5000000000000000 # Attribute 'damping_power' of the grid.
 # binID   n_entries weight   weight_sqr   abs_weight
    10   10   1.199144022484083E+000   3.682250506583103E+000   1.199144022484083E+000
  </DiscreteSampler_grid>
