  0.00270965821951388  0.01358571140598462  0.02292358863162001  0.03239623160632252
  0.04090413626910198  0.04997507886035475  0.06016014037427670  0.07198752588395363
  0.08681055927459261  0.10161300624646033  0.11484930924263254  0.12749432279444797
  0.13916998291301452  0.15210880473933119  0.16476309098296460  0.17595417943903169
  0.18737130208375014  0.19651562134733877  0.20441376830336405  0.21176776022950966
  0.22004771673852352  0.22892169163300224  0.23937129360176684  0.25632742236670492
  0.27659263027514408  0.29417781146071370  0.30804272612499700  0.32089715424085846
  0.33290991102384232  0.34383185341429712  0.35532061207759702  0.36938337772518876
  0.38280663052633035  0.39633524717012214  0.40763484051040233  0.41882575832053104
  0.42902573863223681  0.43972531601646847  0.45181428006348051  0.46330102881755358
  0.47335252852041509  0.48292179638402050  0.49275252099078126  0.50497818659277904
  0.51830651775205550  0.52897707886526157  0.53862470409327901  0.54876253298314936
  0.55960286654997815  0.57077498276536520  0.58235962089015691  0.59515807837439438
  0.60881537434605193  0.62249063315465258  0.63486291177497489  0.64611435602625722
  0.65614395939813275  0.66620901268301680  0.67586547619575887  0.68546021445527416
  0.69565804112609309  0.70617884455287716  0.71618406315912631  0.72508749121241234
  0.73307580793725025  0.74098232259722618  0.74784297779888309  0.75378886607336226
  0.75932526571323111  0.76581563380632811  0.77376287544669320  0.78120266172755981
  0.78820835394474409  0.79535129529951887  0.80140942740134113  0.80728045946651839
  0.81362149446980836  0.82445097859511129  0.83356515966564126  0.84277717730890722
  0.85206440681134532  0.86031332999432397  0.86843109904325388  0.87845171173736314
  0.89057980364837774  0.90261255149821418  0.91376457099480257  0.92479851300863281
  0.93528777760508142  0.94349379286534618  0.95130679460765932  0.95885879002303420
  0.96630881401741553  0.97573197827950009  0.98579177087586145  1.00000000000000000
  0.00000928085377479  0.00000981036197898  0.00001032538364319  0.00001078279751145
  0.00001132473949022  0.00001191573686658  0.00001251755148563  0.00001320152095763
  0.00001389577959185  0.00001469732232545  0.00001563812581518  0.00001658416688752
  0.00001757313512391  0.00001870299033473  0.00001995376782626  0.00002110564314605
  0.00002217757594083  0.00002338096996107  0.00002465658331438  0.00002617550931688
  0.00002824618055025  0.00003055319013978  0.00003284551559332  0.00003497586090083
  0.00003720612498093  0.00004016745777218  0.00004359852674482  0.00004667758644835
  0.00004995966860965  0.00005428372527598  0.00005934163098647  0.00006459495212737
  0.00007018315675992  0.00007591882330000  0.00008212366353024  0.00008871609314316
  0.00009586483725358  0.00010451233406264  0.00011491032603377  0.00012584830016235
  0.00013892099778924  0.00015494258431957  0.00017399501367548  0.00019239740386433
  0.00021064465381617  0.00022937939794115  0.00024899238836246  0.00026761837733956
  0.00028594793097217  0.00030547248680076  0.00032706166100302  0.00035482475240998
  0.00038119335061618  0.00041043637290805  0.00043821807835466  0.00047521689382533
  0.00051180741909979  0.00055025277180495  0.00059487221273892  0.00065174375676629
  0.00071768597328651  0.00077838534432468  0.00083219794263144  0.00088366191157465
  0.00094088531237119  0.00099282509941347  0.00103634415302908  0.00108426597661205
  0.00113379191191102  0.00122914040385009  0.00137042317495860  0.00153156962538274
  0.00169563603797510  0.00185565757720359  0.00200602615776581  0.00217754315060590
  0.00236234518511148  0.00255800593132670  0.00279624410010377  0.00306965210282547
  0.00341479637435321  0.00384551336361001  0.00438834992774661  0.00497076272741295
  0.00550586357386269  0.00597985545604529  0.00646914092146058  0.00727012039915854
  0.00802331696776708  0.00907088975399808  0.01071949421741643  0.01599977663066205
  0.02164464453557229  0.02960682425005905  0.08145673555408992  1.00000000000000000
  0.00000482429757707  0.00000877308222127  0.00001489912622293  0.00002187556046409
  0.00003021940714324  0.00004551002449587  0.00006779125276621  0.00010221376030570
  0.00014395040304043  0.00019335096464838  0.00025646577477287  0.00032676788362081
  0.00040498470213970  0.00048398839523432  0.00056653051971257  0.00064481264365252
  0.00072191060358818  0.00080377351086722  0.00089821930453910  0.00100593068825818
  0.00111553027720548  0.00123061189190945  0.00136087518179398  0.00149637811598682
  0.00165001783811981  0.00178863357161526  0.00190276068387275  0.00202427245070047
  0.00216536649984778  0.00232151204853406  0.00249430486828968  0.00264040113833908
  0.00277516351484531  0.00291716763216628  0.00306843443659334  0.00323907989551584
  0.00340684338057835  0.00357851577158509  0.00375314229425339  0.00393907025691181
  0.00415372845068013  0.00437857500031404  0.00459903478173591  0.00486407748834207
  0.00525633208482487  0.00583519975252560  0.00656376900441590  0.00702164944492881
  0.00736967928941928  0.00768220053279028  0.00802999888639293  0.00863461179247516
  0.00914316257961988  0.00943579179963841  0.00964931287992348  0.00986171033828623
  0.01008316675120482  0.01030325702690217  0.01048898250458264  0.01065564013332433
  0.01082716555988267  0.01103255247697558  0.01129913654916010  0.01154556984250679
  0.01177854307296074  0.01202632016587263  0.01229343906106870  0.01257418853087273
  0.01283319835693371  0.01310119470506880  0.01338439913351431  0.01364938860086592
  0.01397475024096282  0.01434118741970620  0.01472316781586792  0.01513480417835574
  0.01540235651309031  0.01563295788425758  0.01588323683585653  0.01615783676615718
  0.01644582792964487  0.01675142388417151  0.01731092273940465  0.01793867961127035
  0.01856407654327475  0.01920615564631273  0.02027392086061371  0.02118268526831535
  0.02214906454017774  0.02316815073443324  0.02428674506886894  0.02612477887653716
  0.02873054510806097  0.03526502390993426  0.05005431963243777  1.00000000000000000
 -0.00157091648566873  0.00767676699121460  0.01591502856230544  0.02557736170446512
  0.03601042533978049  0.04613239268205396  0.05471909136417547  0.06419042065531205
  0.07804680413509009  0.10525232462905895  0.13209961460545838  0.15318037105068161
  0.17285104469792648  0.19201560118094718  0.21061469621105575  0.22640183691393356
  0.24167462889194505  0.25698892652250765  0.27160828081856148  0.28107626686478054
  0.28999618147919060  0.29955963950364317  0.31244224083609889  0.32558644950944160
  0.33884074006692932  0.35193498345988072  0.36104115977425294  0.36972524584501865
  0.37788998888339770  0.38559056996140884  0.39508454118432740  0.40431816279716942
  0.41462712389495360  0.42758838826447398  0.44187995377987616  0.45484689859913685
  0.46561021407416153  0.47605110808847712  0.48516000468749931  0.49303865857790047
  0.50071875271039501  0.50850767480413994  0.51785645344587838  0.52759910314969438
  0.53773636768980027  0.54750406104817251  0.55760722088849179  0.56815195808479668
  0.57963274389614572  0.59270509728848497  0.60726128866914475  0.62092993573862798
  0.63116394733571890  0.63944683216926712  0.64755257757540174  0.65624366822163871
  0.66523595953217074  0.67457658416302058  0.68413288254927296  0.69557926693766148
  0.70952230677630135  0.72037609318713014  0.73060410681750265  0.73763187155128584
  0.74483321117727985  0.75283964971447814  0.76198528174701208  0.77220263747400020
  0.78141117569380858  0.78839178102275775  0.79460042658089169  0.80094360445016510
  0.80714098475380247  0.81386033316026607  0.82211606273940996  0.83047122173426413
  0.83913355499177200  0.84837075165437759  0.85648168285097614  0.86365852177360136
  0.87127361828861116  0.87973618369995044  0.89003133949198443  0.90084541583741917
  0.91074549013982598  0.92025101384283325  0.92784960063778477  0.93332453582554675
  0.93875430319334163  0.94432627686732040  0.95045976322878911  0.95851592583064582
  0.96784879923220757  0.97843158101148620  0.98915188138102117  1.00000000000000000
 -0.00325171253340774  0.01049290411762217  0.02188338149212538  0.03265350272729849
  0.04325178060928364  0.05382535760352542  0.06504290773209608  0.07674000148010651
  0.08921757855642942  0.10186679610620311  0.11637648687408768  0.13214496578610693
  0.14728275055091558  0.16043696649111353  0.17177641869301011  0.18227960214873110
  0.19332858976591283  0.20552548363801293  0.21585877940064876  0.22457871871318369
  0.23399769033880849  0.24336432653691584  0.25219257817049900  0.26066976812368581
  0.27071320588397141  0.28403149565114411  0.29626181274499847  0.30547336335752234
  0.31294722144449816  0.31923561395149919  0.32610078245914847  0.33494673477044123
  0.34499667202408024  0.35452102702469634  0.36244414627397920  0.36996617030703038
  0.37827559295738167  0.38630643658742164  0.39433172912425934  0.40435763691258020
  0.41616780815464660  0.42846325836025922  0.44056139188732912  0.45268611194221431
  0.46603166823087527  0.47814215011826861  0.48973095581662474  0.50220295376091661
  0.51869957349133311  0.53524074170030245  0.54937821522740982  0.55914658668791029
  0.56752532325139848  0.57586528777746016  0.58470100609270081  0.59463400914183229
  0.60537747046956547  0.61383364560143683  0.62138725297894593  0.62838311615145737
  0.63451157346068965  0.64053024789529855  0.64659565724963164  0.65378541310833937
  0.66120012199371225  0.66947692306948114  0.67928299939625603  0.69069409467721676
  0.70154972806546501  0.71598989872203400  0.72943428305799463  0.74252870358684875
  0.75371914395742379  0.76466060976895589  0.77568103485208206  0.78659691425576683
  0.79719227184993569  0.80840435003949296  0.82115072578991610  0.83541227646903016
  0.84840323061465439  0.85862149798040943  0.86717710535768999  0.87489704021801318
  0.88309254022359174  0.89124580219056049  0.90010138269138773  0.91012516638742769
  0.92041467694597878  0.93102939576887711  0.94172550514863307  0.95266836718098158
  0.96261998510864066  0.97349277843314996  0.98595242631607682  1.00000000000000000
 -0.00114423709890648  0.00539214448770865  0.01067333550251548  0.01560962820984236
  0.02126948149644922  0.02784961070191782  0.03426827869162321  0.04173998700600817
  0.05085249373653303  0.06100142093519680  0.07224177765041841  0.08436402000910712
  0.09674479850112225  0.10738927855493256  0.11597931854027209  0.12531268759019759
  0.13989013096642419  0.15189555331657262  0.16264891865251574  0.17331065612372512
  0.18420206046624271  0.19523485518061945  0.20629587292244825  0.21738325255711541
  0.22925589705439703  0.24223887067478012  0.25521185993384632  0.26835593309644579
  0.28180067396262054  0.29611992458419795  0.30993154236836989  0.32125515907222052
  0.33220849186215845  0.34237662881461395  0.35260546904975543  0.36250175845373112
  0.37225971179646550  0.38326312324049427  0.39535918425637723  0.40694407616057854
  0.41799440914993835  0.42911285122715420  0.44139845418801471  0.45233460737048475
  0.46307217376600734  0.47191539175206842  0.48183217240597109  0.49281862594540277
  0.50252771700680920  0.51102884139533677  0.51921938965379599  0.52728651080368993
  0.53623045865889063  0.54520739843399435  0.55422015328336938  0.56691535704011864
  0.58113739837974487  0.59136314652981192  0.60006856573145384  0.60799914381455378
  0.61524328247723881  0.62302503055543523  0.62997139224157428  0.63779238406191685
  0.64578253317813616  0.65577688068717299  0.66723417542853225  0.67976119861838624
  0.69543067638799050  0.71312991975361639  0.72484639092959047  0.73541515267945601
  0.74555021802321308  0.75584071411168696  0.76691804422203658  0.77806427013830748
  0.78980128419025408  0.80100436045861556  0.81455515557095048  0.82477712976108275
  0.83549487088434071  0.84689034114362560  0.86099624805439767  0.87559507233286105
  0.89113747043266445  0.90410150337611306  0.91518476498791834  0.92376445450347600
  0.93239191467597216  0.94234504099668392  0.95200168112618033  0.96066510344263512
  0.96823308319673407  0.97659293729794006  0.98758360248455546  1.00000000000000000
  0.00007901853765231  0.00074123921627392  0.00112998318556844  0.00142923946487039
  0.00171387026954201  0.00199255761888137  0.00227009899654849  0.00255171718684041
  0.00281907477234899  0.00308531014327381  0.00334733961798185  0.00359889621289370
  0.00384901728129876  0.00409805867020738  0.00434781734130141  0.00460394178613740
  0.00487876477612235  0.00516103313601493  0.00545384432263016  0.00578229654985061
  0.00614091505913832  0.00655044566411530  0.00691916464774791  0.00721972321444729
  0.00753266951628561  0.00785010850018458  0.00816957674627368  0.00857161854151630
  0.00907150949618388  0.00951572652770698  0.00990415913791396  0.01025572057559376
  0.01057967929999700  0.01086606500574944  0.01112878915288565  0.01138129235142745
  0.01162685688698086  0.01188635579669376  0.01217557091521808  0.01247629256284598
  0.01273308305736293  0.01299030824582533  0.01325276013583586  0.01352966459764676
  0.01385808945493336  0.01429639969279172  0.01470318419875489  0.01513385701588555
  0.01543598256834952  0.01574096563037150  0.01605791976454157  0.01635039357484863
  0.01658556568043464  0.01682811753545354  0.01710752830682965  0.01740065730464525
  0.01771720855339043  0.01815145172169073  0.01855957498535501  0.01915588119682653
  0.01989981117166264  0.02093720615906633  0.02179322135826809  0.02247785608967880
  0.02290638772947685  0.02330122562840106  0.02369375762044753  0.02417199566639136
  0.02474279985665966  0.02525094109528860  0.02617634967652226  0.02707827848281651
  0.02781972360423186  0.02845154386906479  0.02898650166710882  0.02952531223881372
  0.03009159013008087  0.03070000720847935  0.03131897770281716  0.03204767743227702
  0.03278455132702632  0.03340840012961183  0.03454050843240759  0.03693555675668671
  0.04006791785862315  0.04501944954683299  0.05044704853129681  0.05302893152270222
  0.05578567406571070  0.06110774964600971  0.07040806395482559  0.08193653191725245
  0.09181107190239030  0.11780688878157997  0.41443452276850717  1.00000000000000000
 -0.00388846050465098  0.01782455888994639  0.03194446502053822  0.04693514050377298
  0.06144123635872626  0.07857638355145881  0.09586018527521799  0.11025351590859023
  0.12402190416673946  0.13531846697391800  0.14507280896522753  0.15612549642941578
  0.16670426495386551  0.17712745921782427  0.18717987417328913  0.19655411847177501
  0.20506972216107708  0.21433689741143747  0.22287153542447366  0.23042021357666981
  0.23886099116662191  0.24854219598635072  0.26052649769954644  0.27241417845438254
  0.28491910870454701  0.29633624760956728  0.30638787865788908  0.31572511986631696
  0.32446521671797851  0.33329451944689220  0.34128668102654880  0.34917724654316479
  0.35789957452585280  0.36666251047787402  0.37449302102452392  0.38226137051063663
  0.38968105835300987  0.39605817122568393  0.40440398771019648  0.41280110520536939
  0.42000250384306309  0.42623967753645225  0.43170500672726941  0.43717749818545204
  0.44265824221710320  0.44900438380564295  0.45591727554416783  0.46345111154229957
  0.47180911083596017  0.48024711873464976  0.48884623099619201  0.49747507632764232
  0.50495026167184842  0.51267490739005039  0.52013226378655353  0.52797269238129274
  0.53737614527952227  0.54742800402374969  0.55754742973474325  0.56642011655845714
  0.57448289471763470  0.58194879504026575  0.59020119973592688  0.59872194025974856
  0.60729876574348896  0.61588699505731992  0.62632810404976991  0.63841728853390267
  0.65102752803414243  0.66420821871789038  0.67694247174264999  0.68882768504377079
  0.69983308844502068  0.71022251358085564  0.72070409321159490  0.73132102438299162
  0.74243334353623269  0.75452712403564048  0.76736067752718429  0.78091067977519424
  0.79440896180502030  0.80690560114882282  0.82028092620720405  0.83466068343824762
  0.85044161621306047  0.86504221339388510  0.87685195306565233  0.88652604480080877
  0.89637198622872516  0.90789507383766355  0.92287463008534809  0.94005735516922428
  0.95585452007500316  0.97105002359681192  0.98557674135297790  1.00000000000000000
  0.11173983226187048  0.60831709678314505  0.63252333169339281  0.65229476023230504
  0.66622706692081324  0.68129265700573505  0.69558264592539998  0.70854478970406820
  0.72291511095310923  0.73981763587609428  0.75576951447383744  0.76951045343193691
  0.77908260747530589  0.78764661802583147  0.79724174430321937  0.80704249272993578
  0.81641464782257422  0.82531863434715580  0.83359127485335083  0.84217443391116542
  0.84903308188860915  0.85519377331810331  0.86046249511089834  0.86606170127220439
  0.87238384875228558  0.87800874289456876  0.88289219539134312  0.88735777780255054
  0.89161211598675638  0.89532157175335547  0.89883944512950575  0.90200109201697964
  0.90564258693076971  0.90958530660885284  0.91338776200684635  0.91705428640187125
  0.92049084994982677  0.92377544939304035  0.92692861075713917  0.92986110991152182
  0.93268182006478451  0.93516551914749280  0.93768054189782979  0.93985484580342404
  0.94198758092306434  0.94447876599343228  0.94712415230837199  0.94946063721858776
  0.95144391583833043  0.95349052735265227  0.95549719552357204  0.95720178074618345
  0.95882825997391030  0.96009465384596704  0.96153054532549431  0.96294305943295022
  0.96419578927897542  0.96526450761880223  0.96633279434105779  0.96741087610761523
  0.96858929203368271  0.96990179363258666  0.97120414356330076  0.97240018394983352
  0.97352329067438659  0.97462452805192301  0.97578511103413268  0.97727946129056009
  0.97867484774425073  0.97982648859113264  0.98077878225458470  0.98161615194773744
  0.98237861816159133  0.98311241652293702  0.98383418453444704  0.98451925964028442
  0.98520491434629709  0.98594383996281387  0.98663093885065356  0.98734922477186882
  0.98814593687176711  0.98893810295680507  0.98958974987966031  0.99023854564438396
  0.99092488139004553  0.99164624611980434  0.99240368251803002  0.99311592812135541
  0.99384670204564951  0.99456039302623600  0.99523018446068379  0.99593070744307688
  0.99667996887496113  0.99749230604767603  0.99870681968768749  1.00000000000000000
   6.9076085121550399E-008  -1.0000000000000000     
 F F F F F F F F F F F F F F F F F F F F F F F F F F F F F F F F F F F F F F F F F F F F F F F F F F F F F F F F F F F F F F F F
  <DiscreteSampler_grid>
  grouped_processes
  1 # 1 for a reference and 2 for a running grid.
  10 # Attribute 'min_bin_probing_points' of the grid.
  1 # Attribute 'grid_mode' of the grid. 1=='default',2=='initialization'
  0.0000000000000000 # Attribute 'small_contrib_threshold' of the grid.
  0.5000000000000000 # Attribute 'damping_power' of the grid.
 # binID   n_entries weight   weight_sqr   abs_weight
    10   10   2.381896328868054E+001   1.722238752470836E+003   2.381896328868054E+001
  </DiscreteSampler_grid>
