  0.00317870902401599  0.01121163625230387  0.02085888889208350  0.03015331192768547
  0.04055544103122923  0.05178777723799383  0.06327538426868122  0.07455624474629463
  0.08541864436852775  0.09481493242349794  0.10369457522133357  0.11267468827607854
  0.12254923422714760  0.13367418552841018  0.14443993633307697  0.15537936073486014
  0.16635395044044510  0.17698182018462394  0.18833930869253826  0.19945517703498261
  0.21085269772267107  0.22173908783531970  0.23235222403887709  0.24311033338146359
  0.25425557351394640  0.26582913086938148  0.27717291951037143  0.28759048071184762
  0.29725477288454483  0.30716931926301932  0.31816520073482280  0.32984141238880771
  0.34093443026525411  0.35062039047411475  0.36056570531531562  0.37101834715195148
  0.38215473307053366  0.39357824308899797  0.40432463964461068  0.41581187598511832
  0.42754526840511198  0.43872084817749585  0.44964231861869342  0.46166125022033372
  0.47510495613304055  0.48670769318810125  0.49718013614202100  0.50767619591643953
  0.51917049858321673  0.53017941970843852  0.54066611678237242  0.55102293271033176
  0.56154992617180688  0.57189413310579540  0.58220599167562492  0.59336998078482162
  0.60481630934496666  0.61612735963430332  0.62647313387426118  0.63622262701621968
  0.64703236801090735  0.65885498994639691  0.67076178585899260  0.68153333733556920
  0.69164178689245726  0.70185484133261233  0.71156660202909416  0.72099220376522111
  0.73126091976411889  0.74282151238465921  0.75449021441960462  0.76631993857241654
  0.77704726444368766  0.78711411269040510  0.79683591432314349  0.80639548756773538
  0.81736263352936334  0.82912961928485851  0.84155807239591918  0.85449168001135967
  0.86819370298510135  0.88100371889531226  0.89306354755944828  0.90525695162786357
  0.91758650847404644  0.92919011556565845  0.93896723694256323  0.94702817441105136
  0.95477791127602518  0.96187013638165841  0.96816349448945649  0.97452173229900640
  0.98109482726724251  0.98760164385236759  0.99162542989919777  1.00000000000000000
  0.00008929895222207  0.00010967613676170  0.00013077748395412  0.00015253697084803
  0.00017573182463339  0.00020521917318667  0.00023947635502006  0.00027615468011278
  0.00031959218914546  0.00037487016734556  0.00043245865131586  0.00048857834062927
  0.00054920190195452  0.00061054814021705  0.00067187900454706  0.00073751812521138
  0.00080284184726090  0.00087270790673167  0.00094358833062517  0.00101250225097654
  0.00108911565267359  0.00116822480242217  0.00125139455784362  0.00134541932030415
  0.00144424135179055  0.00154281339064978  0.00163802122101414  0.00173899127445607
  0.00184706546014973  0.00196342986661622  0.00208959116241623  0.00222763584673557
  0.00237520411544068  0.00253515813225592  0.00271134592921399  0.00289347310883968
  0.00307601010133467  0.00325290304541410  0.00343450685939056  0.00361461018172532
  0.00379674947395478  0.00400549913757988  0.00424323315867480  0.00449691144751136
  0.00477582888434555  0.00507841698876600  0.00540325307466784  0.00575769399622950
  0.00610509075897854  0.00648410535225272  0.00688311723372241  0.00729387600396008
  0.00770715011590461  0.00810134315244609  0.00849136275839540  0.00889982830328270
  0.00934388966427704  0.00989814617032529  0.01057627670952215  0.01135749730700334
  0.01217253562425085  0.01294360156459867  0.01368700300911540  0.01446311232122639
  0.01532136458235418  0.01632253326182581  0.01744022790460901  0.01853030209407014
  0.01966815849171826  0.02092012422438779  0.02228085429125032  0.02393699647044871
  0.02582381197917276  0.02784974975277662  0.02993992713772235  0.03223352422386264
  0.03457593215060423  0.03705615617589475  0.03983643844814538  0.04315484437776701
  0.04711068496623894  0.05123664948507625  0.05517610616454974  0.05832973250434482
  0.06128182630970500  0.06480244998812687  0.06901233759937969  0.07380956452828791
  0.07854248243034356  0.08585900215865905  0.10380929172414068  0.12983537225322656
  0.15299420536894906  0.16939308263451450  0.56920723277006169  1.00000000000000000
  0.00007826354534419  0.00008336861146826  0.00008684494762817  0.00009039632075963
  0.00009447786867607  0.00009869834875959  0.00010338398879475  0.00010760018209724
  0.00011215411330906  0.00011725565351931  0.00012339259071630  0.00013076076969337
  0.00013909834074879  0.00014743424288275  0.00015596483955679  0.00016547691241102
  0.00017573279657282  0.00018647846073766  0.00019811668264685  0.00021044797157754
  0.00022315492239632  0.00023668053852353  0.00025176781100041  0.00026884388748994
  0.00028520853382252  0.00030313045087090  0.00032368878375303  0.00034421650586411
  0.00036497006366771  0.00038782828499248  0.00041370897789969  0.00044152013617048
  0.00047081511543823  0.00050359151360575  0.00054123289736447  0.00058141033118880
  0.00062246625550126  0.00066437512196063  0.00070519407398512  0.00074677177487574
  0.00079085484656691  0.00083692073304472  0.00088768864016480  0.00094286721872235
  0.00100294220061363  0.00106960623034492  0.00114271585433156  0.00123393393816737
  0.00134026827618496  0.00146121233632700  0.00159808334722104  0.00173800145153953
  0.00187104613816215  0.00199989190696658  0.00213384871826265  0.00228411276564332
  0.00246074683660530  0.00267683931988965  0.00290230751058724  0.00310090318016130
  0.00331420230040607  0.00353980268497187  0.00381050834517125  0.00415436893381688
  0.00455233000562295  0.00497755371743319  0.00542270786798857  0.00588547856859421
  0.00633497467301686  0.00679687208401368  0.00729224306502489  0.00786966833002386
  0.00859772342440840  0.00943854978845879  0.01032743235063379  0.01127098949012310
  0.01223813730856738  0.01335241309371931  0.01466647760293721  0.01610539610906235
  0.01774285496721128  0.01946102897523730  0.02148904438325899  0.02407779372296767
  0.02726467108600288  0.03089903413748864  0.03559539321916728  0.04117972883874383
  0.04880785190966440  0.05634533020733273  0.06314051757689558  0.07158384442882373
  0.09069843914068047  0.11757285858564571  0.52087137914737591  1.00000000000000000
 -0.00260456448466613  0.01341180677894334  0.02753401427010026  0.04330263958675658
  0.05672291886102578  0.06893575505832250  0.08117683558452006  0.09406064059687852
  0.10715856158766728  0.11882234364460212  0.12919991165172931  0.13871530158437567
  0.14878817416252024  0.16061608107534253  0.17412337006381598  0.18798136390502979
  0.19981176789110527  0.21092940715082448  0.22096729373204491  0.23080842328933518
  0.24034186073254662  0.25171180737182292  0.26537603780721553  0.27812229722546428
  0.28870644965849818  0.29884609393098149  0.30898934047259813  0.31959512907589144
  0.33024098299225835  0.34180129975509793  0.35428206055741002  0.36733313524793010
  0.38000955814951115  0.39285413247417678  0.40471018356296551  0.41748151268905292
  0.43030281263252002  0.44259544097754849  0.45380212940499065  0.46552588450298227
  0.47715332913548525  0.48784590486784607  0.49860682089160985  0.50975406087921893
  0.52096752925082424  0.53289142728969585  0.54298624368096249  0.55373863785446098
  0.56444082113174832  0.57585340314616873  0.58718388521157727  0.59773740301284151
  0.60843399224425343  0.61906689937833848  0.62977887070078387  0.64055911597330251
  0.65098520542914429  0.66096683122821120  0.67064481812411647  0.68047380137178926
  0.69111402311654102  0.70229621377159956  0.71380929399215498  0.72491758186915178
  0.73501146540396434  0.74431336652518787  0.75398790259238424  0.76390457163620795
  0.77310939556553038  0.78177298304175979  0.78989370240873968  0.79788696287422878
  0.80599226817119585  0.81449008905836928  0.82305645578418274  0.83147173086239734
  0.83980378811086354  0.84838141290750446  0.85704924238050695  0.86506023261399090
  0.87272704336940532  0.88089134614606046  0.88951190512820288  0.89780565654201294
  0.90591249909237193  0.91417684399666677  0.92259048179786229  0.93152819096406858
  0.94034370456420480  0.94893359688439527  0.95766880060831439  0.96649660225608625
  0.97503653022843217  0.98306554775794230  0.99163018812254566  1.00000000000000000
 -0.00249373308154604  0.01091456006369773  0.02141646822455736  0.03231105935611186
  0.04320633157989897  0.05400577081658545  0.06441638109469135  0.07492471029678249
  0.08477004106655837  0.09530147228480400  0.10578860879857757  0.11813429338888928
  0.13138213473943314  0.14469903079433463  0.15705577148782635  0.16826019807507087
  0.17859732350072785  0.18849177767649389  0.19834486660053091  0.20933237433206497
  0.22063675805377267  0.23204682850990682  0.24312196458578783  0.25376020921594195
  0.26433906622970588  0.27471322118831304  0.28506788030971447  0.29477476620744886
  0.30420317155168902  0.31433822390428340  0.32449036538529491  0.33476830080411735
  0.34528064197470720  0.35464140681662309  0.36314621245615203  0.37121395698705095
  0.37973121078921612  0.38882863889713543  0.39864397171201654  0.40896354102848137
  0.42014926361558330  0.43176999069656818  0.44346494397075187  0.45422940200100059
  0.46522618549014250  0.47658814515994635  0.48849102527395527  0.50076248577149218
  0.50968416057022403  0.51856078317259124  0.52709129217377648  0.53562039246301796
  0.54432289976219406  0.55440739547550477  0.56456339202311612  0.57696553771416947
  0.58932892377390000  0.60182620144405452  0.61398154937315086  0.62591585305946718
  0.63764231623200474  0.64947561027207312  0.66050317026256011  0.67149452792756648
  0.68173530849399111  0.69046913179347480  0.69937850985615702  0.70930355308796644
  0.72073763871195207  0.73232162829974312  0.74380636182966331  0.75515461802473216
  0.76645599890881977  0.77719771426484863  0.78722247629995468  0.79701625294885803
  0.80662607028110289  0.81597899097197879  0.82554549087711193  0.83564589059440497
  0.84692135075321862  0.85828501525691658  0.86948351169622684  0.88080605443510762
  0.89229738687389237  0.90354657191257992  0.91462382511722418  0.92607576112212131
  0.93664687772893196  0.94560913890990095  0.95428528046401395  0.96386721514454143
  0.97381013624909485  0.98250773379462886  0.99064950484036107  1.00000000000000000
 -0.00223334519547569  0.00775212332984410  0.01829797439444979  0.02806666779753797
  0.04027101791403798  0.05307133507630368  0.06792268387295800  0.08137926328596408
  0.09134421551350076  0.09996754815043578  0.10860909746829690  0.11747372275767799
  0.12629998547446966  0.13455433523827545  0.14295841753754712  0.15274561226322522
  0.16326727965419910  0.17420571288591180  0.18590454495660597  0.19896148317534115
  0.21283963352621443  0.22510653058884561  0.23664688337147730  0.24808859374650183
  0.25997225645266087  0.27206955844226960  0.28366544403857680  0.29496230666528728
  0.30615280390170196  0.31680705556855177  0.32664335312606940  0.33613198804094024
  0.34566715837522849  0.35588112946323752  0.36651333857663387  0.37675007461002480
  0.38626230873978074  0.39582589123230449  0.40616923894749529  0.41602364531601049
  0.42556983753955585  0.43431451882558170  0.44306762566880969  0.45209537724171128
  0.46210379539468627  0.47263693463280426  0.48246757930869710  0.49204630440318431
  0.50184492225321464  0.51307747483672139  0.52620961692733859  0.53909010347919473
  0.54977940162728967  0.55994148505306884  0.57001644256673867  0.58024271933160665
  0.58945135664220094  0.59887556820130849  0.60801766708344263  0.61842532198161204
  0.62910588531984213  0.63995303009228321  0.65041540794189978  0.66045279294849746
  0.66978726765377872  0.67890883741136221  0.68882872577966359  0.69941750900916355
  0.70990567579481212  0.71967933539505957  0.72878388908366676  0.73808400611806757
  0.74855103117956889  0.76005387442483374  0.77201992086838567  0.78376352675114769
  0.79404244595952311  0.80348155117049214  0.81260177908110010  0.82197237096776410
  0.83241731294387644  0.84434799932154292  0.85650982496343619  0.86709653955976940
  0.87662828579785435  0.88597709850340689  0.89600039947018451  0.90720098283106110
  0.91726251606504017  0.92667861910236571  0.93636780546490861  0.94861268940918608
  0.96107092274428274  0.97393291728230191  0.98644225393408735  1.00000000000000000
  0.00154733621478872  0.00490091069315897  0.00901149467711633  0.01319827627853070
  0.01721394828677903  0.02106014451190657  0.02466407161090715  0.02812616579891923
  0.03155967383267549  0.03503122998188084  0.03858046146252036  0.04201058204725849
  0.04486050573981130  0.04764296905537883  0.05055431420980112  0.05346317709787103
  0.05642889836639471  0.05943757690464623  0.06241731985832533  0.06542319866815870
  0.06843869222449493  0.07145093789802594  0.07443903823584418  0.07748338719891609
  0.08068008633097656  0.08381161763606709  0.08678705109221231  0.08977396482172376
  0.09279502084562134  0.09593797935476603  0.09922537163145086  0.10243544437171040
  0.10553346793777177  0.10866973527012468  0.11209272594889624  0.11573338816180409
  0.11948012706219405  0.12311563473664450  0.12664324115076064  0.13015401513664646
  0.13369334014372017  0.13700957442455725  0.14024849459654939  0.14347520301418648
  0.14680324853150123  0.15026320870630924  0.15432864282286243  0.15856807909514772
  0.16236147327328931  0.16568543221558757  0.16920028212944188  0.17277471891317062
  0.17690591380048129  0.18123026070552084  0.18611699723130976  0.19028372229260934
  0.19477265031328431  0.19886714687799148  0.20271080342995115  0.20653692153051081
  0.21061817218715945  0.21543201951331928  0.22068355557113706  0.22595173533485377
  0.23072651006351036  0.23503738955615944  0.23880329080216409  0.24245519566699825
  0.24612565273950468  0.25053212259113489  0.25551703587756835  0.26152391983468781
  0.26668957571157870  0.27281335282929070  0.27995789129988280  0.28641929481515077
  0.29276748367604999  0.29886125195772478  0.30560455198785896  0.31287841141966161
  0.32193224567812007  0.33197960615082389  0.34380773027871026  0.35929013966038154
  0.37511409082250674  0.39168091491479667  0.40244271195054104  0.41057757626074043
  0.41827682191160209  0.42961683205420620  0.43849955441874089  0.46794516858427948
  0.57261476908096409  0.66827237241952309  0.89676811103641085  1.00000000000000000
 -0.00307622626871175  0.02175104001698454  0.04101062130273070  0.05943074087486711
  0.07643520710324056  0.09105552422258498  0.10510056686237258  0.11815662196188351
  0.13024712332311714  0.14104134102312718  0.15340928959481664  0.16707638278691400
  0.18229244926001523  0.19878586454328423  0.21619050340902915  0.23197623317228275
  0.24473308521432730  0.25683452775158716  0.26825463581930592  0.27935899467421710
  0.28918271350533614  0.29829165845676170  0.30709788329330662  0.31633641128782053
  0.32630193738269386  0.33592887829930684  0.34478022683894921  0.35354596327914362
  0.36226228276240768  0.37152874717601331  0.38042203778463879  0.38844725903832472
  0.39570824654661824  0.40258993558627565  0.40968435215550886  0.41696534487977494
  0.42443022137077502  0.43189795879118176  0.43917467564910356  0.44655723665488933
  0.45427065970836250  0.46120889420601013  0.46800755947438716  0.47397845388249510
  0.47962323229485981  0.48547844961007347  0.49126661209883665  0.49694614509207719
  0.50305005706034545  0.50962457648895398  0.51679495249611085  0.52456750034062094
  0.53240197559747837  0.54070647567169627  0.54904436703482573  0.55683007406514817
  0.56406441949707731  0.57192064692655997  0.58042515075779944  0.58922264414585324
  0.59784526917245895  0.60592583080621976  0.61339773068211112  0.62061796687157889
  0.62796905718292573  0.63579134592726239  0.64454535059888607  0.65453657199752802
  0.66499834762782728  0.67576780659249391  0.68629455870957068  0.69766325655847394
  0.70927047970569790  0.71972585078712126  0.73005050236658964  0.74029187341260816
  0.75140074638833032  0.76222891097480039  0.77324296283825689  0.78336513538792429
  0.79348688472812023  0.80435287781532649  0.81618432013850228  0.82975202752377841
  0.84401210342068023  0.85747409749625370  0.86948576205235417  0.88056112385877416
  0.89284616403199524  0.90746061396847122  0.92339378963225582  0.94017142116009100
  0.95554620724868355  0.97036341406538995  0.98556702511267646  1.00000000000000000
 -0.02036787434710019  0.62392138968304334  0.66944045369494609  0.70509838137222458
  0.73293837709227960  0.75791563530887596  0.78026813416879859  0.79838222752530064
  0.81329265137048679  0.82665555165806537  0.83914347124885347  0.84990964644504385
  0.85920436209032558  0.86758345017716310  0.87524459320222436  0.88186191611919817
  0.88820262498913982  0.89440602313556516  0.89995544829853857  0.90513003540845061
  0.91000846781482803  0.91467362294020138  0.91890168922040016  0.92281400172508454
  0.92646844393798466  0.92978698760518119  0.93285605178608810  0.93584550822876789
  0.93847050698008083  0.94080071505253060  0.94302294054908620  0.94511381808378825
  0.94712111378849073  0.94905888117856418  0.95100713484848465  0.95296090175747095
  0.95490552481881863  0.95686413610984622  0.95852896648969232  0.95990333854914112
  0.96115043403579592  0.96242157694359221  0.96366249723338493  0.96476017914064227
  0.96582290922490677  0.96686592013263262  0.96790225559014242  0.96894105053918023
  0.96998497485282997  0.97101340789399182  0.97197945605936953  0.97286600390487277
  0.97370247020450307  0.97454142195783500  0.97538950803116486  0.97625765917860219
  0.97714257359340539  0.97799390715517442  0.97874398670303353  0.97944969431530393
  0.98012565372553639  0.98085096198163801  0.98160794318114508  0.98232865855704488
  0.98297891337819443  0.98353881416428846  0.98408676052747213  0.98464019281142912
  0.98520056975989345  0.98576098937212864  0.98629959945894174  0.98686407995695768
  0.98745971783963071  0.98806502932068119  0.98858944647584113  0.98905732043264205
  0.98947190961267861  0.98985197227388544  0.99025935817319044  0.99068693894010762
  0.99111522612520708  0.99153525307021473  0.99194032772322605  0.99236313443930968
  0.99280125362208915  0.99325573133464906  0.99372725916664795  0.99420102927980925
  0.99466843420832618  0.99514781122365725  0.99564235221972930  0.99615257472254370
  0.99677950139484861  0.99752726506048472  0.99853316578422502  1.00000000000000000
   4.8272744971006009E-008  -1.0000000000000000     
 F F F F F F F F F F F F F F F F F F F F F F F F F F F F F F F F F F F F F F F F F F F F F F F F F F F F F F F F F F F F F F F F
  <DiscreteSampler_grid>
  grouped_processes
  1 # 1 for a reference and 2 for a running grid.
  10 # Attribute 'min_bin_probing_points' of the grid.
  1 # Attribute 'grid_mode' of the grid. 1=='default',2=='initialization'
  0.0000000000000000 # Attribute 'small_contrib_threshold' of the grid.
  0.5000000000000000 # Attribute 'damping_power' of the grid.
 # binID   n_entries weight   weight_sqr   abs_weight
    10   10   3.696502420519305E+001   7.077662889148681E+003   3.696502420519305E+001
  </DiscreteSampler_grid>
