  0.00260619454125431  0.01450052997334167  0.02397172380429751  0.03394815112992216
  0.04384562630645397  0.05394775839289838  0.06587626144464342  0.07605712509942317
  0.08640923817718600  0.09744507951794373  0.10938279821922423  0.12101513091637132
  0.13096383182265020  0.14087998741981919  0.15081053251062262  0.16034728221611366
  0.16936382985304038  0.17785376031368091  0.18710259759274284  0.19721953367505235
  0.20748121935946293  0.21841789914167484  0.22929999042091714  0.24029838794523739
  0.25132773565642663  0.26335166699834489  0.27500405248162252  0.28701453343980110
  0.29824415347071870  0.30936360738175167  0.31941873689973854  0.32926195393126084
  0.34007762625202953  0.35171133458306653  0.36398405628834946  0.37526397630852953
  0.38592173625230408  0.39652220406680061  0.40758490996739266  0.41886071487038512
  0.43008158628261423  0.44185411451963164  0.45439247199843497  0.46637458129682524
  0.47853920690040769  0.48979665734400563  0.50088837132692543  0.51081623592939673
  0.51964995013131576  0.52969701589143470  0.53867145397312943  0.55001317152483764
  0.56073266918533216  0.57228947237821448  0.58295649208463263  0.59227555783508368
  0.60171167806637982  0.61112706310995324  0.62123898969217073  0.63090919252952449
  0.64001398366374807  0.64864491191869689  0.65854606497177004  0.66831289128995253
  0.67756937905474168  0.68700539953279838  0.69621929243195868  0.70512914351144940
  0.71407650082739327  0.72321575820705697  0.73340589123077660  0.74437195461386307
  0.75402532536678712  0.76356052561159238  0.77331321815828280  0.78401162494009169
  0.79568375499249222  0.80847288942199391  0.82140240378679419  0.83406000739736741
  0.84541375021005505  0.85623355720196814  0.86698540650874023  0.87853435499687915
  0.88989630430246780  0.90024843771342977  0.91008319300036222  0.92070462933309305
  0.93056757810486435  0.94045055083770490  0.94945055686662627  0.95939891605665284
  0.97037001350190555  0.98090139787929409  0.99053273681236942  1.00000000000000000
  0.00368655214148979  0.00494523252332664  0.00596057968479235  0.00710118853172738
  0.00812152820534759  0.00902173588601784  0.00984567760546429  0.01062159557403182
  0.01135218153200852  0.01208737618098451  0.01286237705127406  0.01372448932180682
  0.01456916258827447  0.01533483867255978  0.01610429734465661  0.01686603031676542
  0.01766410161089843  0.01845890460316579  0.01926301014942311  0.02008435457733124
  0.02093052357264347  0.02181213050996230  0.02269019256019227  0.02356818242027038
  0.02443787438238713  0.02535459117450246  0.02626384358468650  0.02714773935079702
  0.02799565452008095  0.02890503732312520  0.02985698138893693  0.03090916814581712
  0.03203792199252589  0.03326673601208166  0.03456572124821083  0.03584615292073595
  0.03690176244392290  0.03793669319817829  0.03904989455909504  0.04018754093752006
  0.04154248827094351  0.04299031802630979  0.04431599559215086  0.04571664797144078
  0.04708099209248906  0.04849120624526043  0.05002537290106163  0.05163586024369453
  0.05332802785496180  0.05510809451975055  0.05692150705022720  0.05880358358548499
  0.06085500082609046  0.06282215090336295  0.06495720648207642  0.06761901442652321
  0.07051351741906439  0.07333962231528968  0.07626070540066898  0.07909977393494630
  0.08193555564043127  0.08440937985620865  0.08714906518568032  0.08971662807882079
  0.09211241679379488  0.09526099663497327  0.09933186534077874  0.10354666197588246
  0.10764940897037144  0.11153590402369770  0.11554111983884917  0.12127262159503818
  0.12598353930804987  0.13041022169637612  0.13483853199566526  0.14158852621862550
  0.15166715303089562  0.16365652804903685  0.17974523872997275  0.19533069494972560
  0.20910869234673946  0.21790491522807109  0.22577488643979005  0.23620371412326419
  0.24320602403228328  0.25016882475172164  0.25921978341675955  0.27315718982156434
  0.27992078957236899  0.28456125033826429  0.29017260388487637  0.29687580303810207
  0.31735064831003174  0.37256198333640517  0.70499632526269362  1.00000000000000000
  0.00007813211634081  0.00010850549559759  0.00012994749273346  0.00015366304996244
  0.00017872506820988  0.00020917891635036  0.00024214995245088  0.00027762201592007
  0.00031750483410511  0.00036276392317957  0.00041142932535728  0.00045889487396147
  0.00050512405730127  0.00055190803145657  0.00060284013907412  0.00065983943950265
  0.00072084188853344  0.00078406616407737  0.00085266447961067  0.00092680937030166
  0.00100323704869919  0.00108165986520986  0.00116144400533909  0.00123951576346711
  0.00132070494597707  0.00141022012976591  0.00150751829590046  0.00161398165052204
  0.00173745938860486  0.00186653932535602  0.00199187072300293  0.00211652674028872
  0.00224665241507733  0.00238487858439180  0.00253293655888661  0.00269007194134933
  0.00284026521091488  0.00299320575797320  0.00313120313262795  0.00326681605831475
  0.00340455316141928  0.00355140142746469  0.00371212777520260  0.00388732663953810
  0.00407930705919196  0.00429873547696618  0.00455492341998714  0.00480563366644340
  0.00505606958551055  0.00531422633065905  0.00558154952957265  0.00585829612472265
  0.00614226337785753  0.00641739748598914  0.00670800523404397  0.00699672259613515
  0.00730225511555872  0.00761811585828896  0.00795415624830009  0.00831148051959474
  0.00872430519840535  0.00914662606724833  0.00961441410245756  0.01010013707365153
  0.01063324170674637  0.01122049815234616  0.01186947633554776  0.01259667710052507
  0.01333034987448886  0.01400890369628165  0.01466013893932306  0.01534515961168938
  0.01605911483902280  0.01686293644497650  0.01768665172517034  0.01860932675912803
  0.01968984080646569  0.02092530117818086  0.02240515509614956  0.02423228731169652
  0.02649026228203478  0.02905516947246996  0.03144420978120257  0.03423033505492420
  0.03713337101705054  0.04036886645187588  0.04460161483901643  0.04923807003054605
  0.05457799357955739  0.06256476982458996  0.07867618917867114  0.09800110424961264
  0.11725466240222364  0.15843032215302083  0.34835112145857655  1.00000000000000000
 -0.00206046216144350  0.00845477906196606  0.01732179149908946  0.02638712449700121
  0.03493014040800604  0.04381125888895103  0.05343489999839698  0.06308212020302499
  0.07217925686573541  0.08099957711742048  0.09021932406090377  0.09983909472056225
  0.10960320980300890  0.11974494428891579  0.13006885412436608  0.14064399788043377
  0.15063042529863852  0.15961588163718821  0.16860378473218143  0.17789300841073555
  0.18766577614566982  0.19639671094371117  0.20479412992288590  0.21308385927392740
  0.22172384377905871  0.23221280726465016  0.24315353593069683  0.25386536386008740
  0.26490024852764282  0.27625284907773345  0.28784791425071699  0.29958652759495358
  0.31085570645191285  0.32153637321988815  0.33175554596072504  0.34116034233309001
  0.35078641443317859  0.36055554409245527  0.37015622339152265  0.38021258933830532
  0.38944434787274784  0.39872023300966497  0.40766106802152202  0.41646321899167854
  0.42518435067824184  0.43390772942551398  0.44340963193730104  0.45352377794811544
  0.46298177676637436  0.47236531865219761  0.48218562198228998  0.49304808674107864
  0.50400998375444972  0.51406205151689999  0.52315949231454406  0.53154873086563759
  0.54023689704102240  0.54833960910779900  0.55577569702978491  0.56271640578418203
  0.56986567407544864  0.57817589877946030  0.58706926691978789  0.59685788801728978
  0.60516485533637421  0.61379280414357795  0.62200283108004517  0.63063487260279782
  0.63903894362731717  0.64802518560311229  0.65796232276744693  0.66778256663050761
  0.67714262409727244  0.68696938149067965  0.69754328069903104  0.70873749499318084
  0.72039955742954176  0.73237770673054015  0.74478866820853962  0.75754858348806264
  0.76973604175096788  0.78138723836306290  0.79263189124636191  0.80480707282694952
  0.81750019255640316  0.83096935467003985  0.84568427554731385  0.86069063754471853
  0.87440167969898253  0.88853480304642563  0.90375447030117229  0.92089674351678052
  0.93905061697271908  0.95829164796302235  0.97900900699773619  1.00000000000000000
 -0.00189641273076716  0.00857407258398135  0.01855811188578172  0.02860659621892859
  0.03980149344337299  0.05263518851279360  0.06507698900138778  0.07590683991403024
  0.08594338098809419  0.09559575673927606  0.10590061256329947  0.11551944568091917
  0.12540010220180109  0.13608070154545066  0.14743617893625716  0.15912444161813641
  0.17191847384735606  0.18512687371715628  0.19688654347563880  0.20800395343528763
  0.21890108542169970  0.23003920862701308  0.24136739987345768  0.25211220246678834
  0.26203462348205969  0.27151553715389259  0.27875109794258895  0.28877142789743432
  0.29796892718053741  0.30699859923095779  0.31625346506709423  0.32585243721011298
  0.33580383027270949  0.34773796720856909  0.35952822702731974  0.36993295071464244
  0.38028559686227897  0.39033878928522603  0.40030982027214029  0.40977641965455558
  0.41935745291132093  0.42999706128792825  0.44026719472324155  0.45104484208758699
  0.46174574244261907  0.47348359262354045  0.48485734149223170  0.49573173239023460
  0.50633384627108935  0.51658220699266588  0.52788531904025038  0.53946240089988318
  0.55060899265735630  0.56103884207710775  0.57259521774196687  0.58429017299893260
  0.59540946707252718  0.60609104147379511  0.61660117674338710  0.62814816260648121
  0.63861358652575406  0.64892721122238783  0.65957165368517390  0.67025603331639572
  0.68018756840250261  0.68961156831736925  0.69917396779712027  0.70922555101288531
  0.71806198793883569  0.72627364424878460  0.73454752543520874  0.74358169344866365
  0.75426703043957422  0.76643991386521970  0.77921327824115916  0.79263330566411450
  0.80524143797279535  0.81731728473281895  0.82957269738579642  0.84165338523532818
  0.85345613631523132  0.86408555385265606  0.87461512822331855  0.88533410674830704
  0.89661067864764987  0.90803864281032676  0.91835797227160421  0.92756405400975661
  0.93687557057437587  0.94622160756344686  0.95514190754373296  0.96375875912094755
  0.97236415467047799  0.98119879642484020  0.99002613636610770  1.00000000000000000
 -0.00449962893797424  0.03595529093815873  0.07026286039015990  0.10152313714878519
  0.13210894963534561  0.15856083322473333  0.18228791225460808  0.20567435702053508
  0.22795916165009361  0.24849364737867002  0.26811813032010523  0.28756977188446137
  0.30726767267871447  0.32745624607633833  0.34553052349510383  0.36247170732664930
  0.37843270205654689  0.39297267475465392  0.40706383215797254  0.42269074479362945
  0.43859020494788314  0.45381547330053629  0.46814083145899760  0.48184547904869235
  0.49531480055145150  0.50848466549747051  0.52113788199518962  0.53340673130918270
  0.54551511727798652  0.55807203483365431  0.57069909190908719  0.58392867510110513
  0.59685754432750593  0.60850567659139299  0.61942158969198891  0.63090806831694357
  0.64245382450052768  0.65281188660726286  0.66202671193533202  0.67114289851334441
  0.68070951450676276  0.69050536133918072  0.70001013271635115  0.70912795234516957
  0.71684362337502805  0.72446232282301715  0.73208023348477924  0.73969769728396861
  0.74763279596852250  0.75533980456359007  0.76260877709110164  0.76988781652217042
  0.77756960492588978  0.78507888105592516  0.79239421844338542  0.79921598217265033
  0.80579193766332413  0.81260897077429839  0.81869472136924415  0.82530035580336236
  0.83176732039476875  0.83814196139296038  0.84393314836379352  0.84976830983018614
  0.85544658287828856  0.86110590994662550  0.86666382713950441  0.87225915809880372
  0.87786006108493475  0.88333225156965534  0.88864273693622053  0.89370776992847922
  0.89822398626325328  0.90268119703829641  0.90730079097572192  0.91206484870936511
  0.91694947501743385  0.92194050138780803  0.92674625775273134  0.93126266476718789
  0.93556220167613158  0.93964844597851660  0.94369976797476118  0.94749867122259424
  0.95111888548024803  0.95483926215589987  0.95874958249068754  0.96275441526760930
  0.96761630877443672  0.97230961856498932  0.97685289865987790  0.98137870273427741
  0.98615514132312188  0.99108216743486621  0.99564610085285854  1.00000000000000000
 -0.00256973677154226  0.01044066933215550  0.02065436728998633  0.03195595599356643
  0.04299200160494279  0.05372839319989005  0.06384772985434602  0.07465148581340285
  0.08550543780197964  0.09651279141672324  0.10712020916633873  0.11758114176914908
  0.12845778714022549  0.13973898836794063  0.15103924278400999  0.16184886517408784
  0.17176539446523972  0.18204001835066408  0.19277709685456096  0.20489709816059687
  0.21677915830711672  0.22787428578006383  0.23875646871163803  0.24897899899738737
  0.25897684696520973  0.26897804320582658  0.28009482057449392  0.29143059266088561
  0.30245714259500978  0.31366274342090300  0.32508703794657395  0.33647158364348123
  0.34721846522871702  0.35703194289419871  0.36654944323584676  0.37589359820374846
  0.38677537920211880  0.39854110369237922  0.41096784920560714  0.42241549008681240
  0.43530314336899673  0.44792300603026058  0.46072838747156369  0.47330737102426784
  0.48448035908584053  0.49561002403953303  0.50573680013795153  0.51541951203361103
  0.52428188367639617  0.53312905006839073  0.54249589062819659  0.55261473517859494
  0.56318662437044986  0.57378617726970871  0.58394950382514632  0.59327850098756663
  0.60231130106886099  0.61104913941770733  0.62030650964387712  0.63052953118867727
  0.64152115013054600  0.65302567498550868  0.66485920125667097  0.67697627513489789
  0.68828412793537952  0.69900831361725435  0.70970061008429230  0.72102595770138700
  0.73236100849706931  0.74272883406510504  0.75307349000946056  0.76415129705444862
  0.77555784361758595  0.78700092061312243  0.79823984978633078  0.80930060814125027
  0.82055287915195807  0.83194387704083306  0.84259442698042564  0.85252321872692727
  0.86225984233393538  0.87218782119680627  0.88209314966364227  0.89101229269147297
  0.89946451578596465  0.90768611730220128  0.91642959967667292  0.92517987981647898
  0.93337994650093081  0.94176991806131005  0.95077730717688980  0.95977298211432394
  0.96997049039955863  0.98020288205055250  0.99019524063897923  1.00000000000000000
 -0.00265957452628421  0.01067008844078522  0.02164639437049977  0.03395606539058244
  0.04628194433217855  0.05885082843549744  0.07077139461659382  0.08199226485293576
  0.09282934938457622  0.10449375939754819  0.11550076391407565  0.12574239935078552
  0.13464218750665452  0.14374267900821036  0.15427882693127803  0.16524431670899395
  0.17634915074383323  0.18731638235606712  0.19858063569518383  0.21009651155402481
  0.22182262286400783  0.23399942762372947  0.24631133990306164  0.25782499938562686
  0.26875166774674086  0.27979380444162472  0.29117542920157430  0.30310311245765503
  0.31579404731261995  0.32786441436126801  0.33894797021577033  0.34846862750509944
  0.35779721481843763  0.36703631021145311  0.37672820767079673  0.38675072879801836
  0.39628736379136503  0.40573807073261003  0.41550851420207952  0.42608027437480039
  0.43703281283830270  0.44752066193257722  0.45783863128420293  0.46851326246675479
  0.47984228747639363  0.49150730036717244  0.50228070722742313  0.51180582562621346
  0.52073031780487211  0.52967009688394140  0.53890402749015376  0.54811316837120594
  0.55746379112554190  0.56750041093545589  0.57871066089833934  0.59032096129261136
  0.60111156314396397  0.61121303690476847  0.62080388590606816  0.63052629299412111
  0.64051572078936425  0.65060125566372140  0.66033811651989227  0.67041895832268839
  0.68093773779200373  0.69193578961350799  0.70300676223538361  0.71469888267473947
  0.72683291827577567  0.73803914808793092  0.74883063344833667  0.76037585250658080
  0.77158831571633824  0.78085620767994834  0.78997699730967197  0.79860094076824639
  0.80831421209189891  0.81893229815178736  0.82992616038547018  0.84127806927745319
  0.85254555878391425  0.86315810609115240  0.87360701028656973  0.88286155931754373
  0.89198815116758523  0.90152987585934907  0.91166257671002371  0.92124735580503903
  0.92943871285330670  0.93771562611709880  0.94679974453407034  0.95701717222865801
  0.96785121115714967  0.97785703108090460  0.98903592863498413  1.00000000000000000
  0.42627688955192328  0.59435249001036550  0.63497658980530414  0.66541521707977458
  0.69146142137016653  0.71186240497456788  0.72995800922318965  0.74622029338609730
  0.76067432073944241  0.77368072321896109  0.78535315701352770  0.79552645468610272
  0.80484313654148354  0.81395759639840803  0.82224157998288472  0.82963963508871852
  0.83635299829127141  0.84290845509013101  0.84911179629530809  0.85486978926293511
  0.86001228758682369  0.86506526926347049  0.87010239679452817  0.87485819883533866
  0.87915235626347121  0.88328769138337604  0.88736845886845173  0.89116249884949106
  0.89467260196665421  0.89797157116805215  0.90113447091102394  0.90419943129555724
  0.90707178560559010  0.90987122724164582  0.91273772795959118  0.91564276734416628
  0.91841914100104249  0.92090080002328489  0.92325649940893795  0.92546144475538783
  0.92764313035717472  0.92987544024728719  0.93204842203699712  0.93408323054147868
  0.93600551345441296  0.93786746144294464  0.93964596698033365  0.94126600057017384
  0.94285530364496251  0.94440179448085859  0.94599922480543874  0.94759439042395099
  0.94923068942952871  0.95082451824381253  0.95236210948930100  0.95384873051527308
  0.95528952954271762  0.95671735336620167  0.95812546236668128  0.95947165061594297
  0.96076028839007455  0.96196980882038374  0.96310447210096539  0.96421249306175882
  0.96534765753658514  0.96646437782574801  0.96757661494023295  0.96871067433417757
  0.96986291330772534  0.97096528075497968  0.97199352857030041  0.97298121883894684
  0.97390877635089357  0.97476371625562852  0.97567389771375657  0.97659281721071434
  0.97749003653971378  0.97836981084252583  0.97923963782319023  0.98010388637632839
  0.98098318493935421  0.98190524880780583  0.98284970579313424  0.98380649200937798
  0.98478031990099879  0.98576744297925911  0.98680978032500910  0.98796222705613301
  0.98930099517628201  0.99090476661427762  0.99265459235783637  0.99424531930897986
  0.99559824384104767  0.99688787374518095  0.99841168191991425  1.00000000000000000
   6.6928141044399608E-010  -1.0000000000000000     
 F F F F F F F F F F F F F F F F F F F F F F F F F F F F F F F F F F F F F F F F F F F F F F F F F F F F F F F F F F F F F F F F
  <DiscreteSampler_grid>
  grouped_processes
  1 # 1 for a reference and 2 for a running grid.
  10 # Attribute 'min_bin_probing_points' of the grid.
  1 # Attribute 'grid_mode' of the grid. 1=='default',2=='initialization'
  0.0000000000000000 # Attribute 'small_contrib_threshold' of the grid.
  0.5000000000000000 # Attribute 'damping_power' of the grid.
 # binID   n_entries weight   weight_sqr   abs_weight
    10   10   1.514218979492274E+000   5.047850874876203E+000   1.514218979492274E+000
  </DiscreteSampler_grid>
