  0.02516517215538932  0.03274112776943167  0.04031708338347402  0.05019698833798736
  0.06057628063235133  0.13612812754288856  0.22650732047017616  0.31688651339746360
  0.39596747086076733  0.39702790175117414  0.39808833264158094  0.39914876353198775
  0.40020919442239455  0.40126962531280136  0.40233005620320822  0.40339048709361502
  0.40445091798402183  0.40551134887442863  0.40657177976483544  0.40763221065524224
  0.40869264154564910  0.40975307243605591  0.41081350332646271  0.41187393421686952
  0.41293436510727632  0.41399479599768313  0.41505522688808993  0.41611565777849679
  0.41717608866890360  0.41823651955931040  0.41929695044971721  0.42035738134012401
  0.42141781223053076  0.42247824312093757  0.42353867401134437  0.42459910490175118
  0.42565953579215798  0.42671996668256479  0.42778039757297159  0.42884082846337840
  0.42990125935378520  0.43096169024419201  0.43202212113459881  0.43308255202500562
  0.43414298291541242  0.43520341380581923  0.43626384469622603  0.43732427558663284
  0.43838470647703964  0.43944513736744645  0.44050556825785325  0.44156599914826006
  0.44262643003866686  0.44368686092907361  0.44474729181948042  0.44580772270988722
  0.44686815360029403  0.44792858449070083  0.44898901538110764  0.45004944627151444
  0.45110987716192125  0.45217030805232805  0.45323073894273486  0.45429116983314166
  0.45535160072354847  0.45641203161395527  0.45747246250436208  0.45956183677801615
  0.46608991154578855  0.47261798631356089  0.47914606108133329  0.48567413584910557
  0.49220221061687786  0.49873028538465014  0.50525836015242243  0.51178643492019471
  0.51831450968796700  0.57634018544151366  0.66671937836880124  0.75709857129608871
  0.81601507154324837  0.82509767977205395  0.83418028800085953  0.84326289622966533
  0.85234550445847101  0.86142811268727659  0.87051072091608228  0.89767521517271165
  0.90436766931105150  0.91106012344939136  0.91764063976424493  0.92364322262908050
  0.92964580549391618  0.93564838835875175  0.95472964061429999  1.00000000000000000
  0.00004070695940889  0.00008885568703230  0.00009240754745394  0.00009595940787557
  0.00009997016825592  0.00010453710447870  0.00010910404070148  0.00013473461926074
  0.00025259507513395  0.00034571538057574  0.00035952193996048  0.00037332849934521
  0.00038713505872995  0.00040280558926258  0.00041865175389053  0.00043449791851848
  0.00045083962074610  0.00046837298697408  0.00048590635320206  0.00050343971943005
  0.00053020797646757  0.00056488917727373  0.00060141295044257  0.00064121751015620
  0.00068179809552539  0.00072589632021028  0.00076999454489518  0.00082010853675622
  0.00087072127152125  0.00092631469378523  0.00098440430938086  0.00131915217858660
  0.00162711961231696  0.00174265349586661  0.00187154802881103  0.00200414941687722
  0.00215268473584080  0.00230487496416914  0.00396581229392009  0.00745141152048770
  0.01395195440215785  0.02116295468590618  0.02131381526150568  0.02146467583710518
  0.02161553641270468  0.02176639698830419  0.02191725756390369  0.02206811813950319
  0.02221897871510269  0.02236983929070219  0.02252069986630169  0.02267156044190120
  0.02282242101750070  0.02297328159310020  0.02312414216869970  0.02327500274429920
  0.02342586331989871  0.02357672389549821  0.02372758447109771  0.02387844504669721
  0.02402930562229671  0.02418016619789621  0.02431886315658938  0.02445154274976983
  0.02458422234295027  0.02471690193613071  0.02484958152931116  0.02498226112249160
  0.02511494071567205  0.02524762030885249  0.02538029990203294  0.02551297949521338
  0.02564565908839382  0.02577833868157427  0.02591101827475471  0.02604369786793516
  0.02617637746111560  0.02630905705429605  0.02644173664747649  0.02657441624065694
  0.02670709583383738  0.02683977542701782  0.02697245502019827  0.02710513461337872
  0.02723781420655916  0.02737049379973960  0.02750317339292005  0.02763585298610049
  0.02776853257928094  0.04301695769606644  0.04990275819401274  0.04990275819402274
  0.04990275819403274  0.04990275819404274  0.04990275819405274  1.00000000000000000
  0.00002553158966739  0.00002677292601499  0.00002801426236258  0.00002984244880623
  0.00003187150565805  0.00005122124499524  0.00005889610761922  0.00006180218946736
  0.00006470827131549  0.00006803636529995  0.00007137175466848  0.00007465855328183
  0.00007757080489297  0.00008048305650411  0.00008339530811525  0.00008663371422966
  0.00009049227712889  0.00009435084002811  0.00009825429360913  0.00010268287144845
  0.00010711144928776  0.00011154002712708  0.00019277190738803  0.00021064775480806
  0.00022701872275885  0.00024533106161467  0.00025764888657836  0.00025980443855166
  0.00026195999052496  0.00026411554249826  0.00026627109447156  0.00026842664644486
  0.00027058219841816  0.00027273775039146  0.00027489330236476  0.00027704885433806
  0.00027920440631136  0.00028135995828466  0.00028351551025796  0.00028567106223126
  0.00028782661420456  0.00028998216617786  0.00029213771815116  0.00029429327012446
  0.00029669523378266  0.00029917151646886  0.00030164779915506  0.00030412408184126
  0.00030660036452747  0.00030907664721367  0.00031155292989987  0.00031402921258607
  0.00031650549527228  0.00031898177795848  0.00032145806064468  0.00032393434333088
  0.00032641062601708  0.00032888690870329  0.00033136319138949  0.00033383947407569
  0.00033631575676189  0.00033885857035297  0.00034170066750530  0.00034454276465764
  0.00034738486180997  0.00035022695896231  0.00035306905611464  0.00035591115326698
  0.00035875325041931  0.00036159534757165  0.00036443744472398  0.00036727954187632
  0.00037012163902865  0.00037296373618099  0.00037580583333332  0.00037864793048566
  0.00038149002763799  0.00038433212479033  0.00038717422194266  0.00057694465714171
  0.00112080124758572  0.00217594376547889  0.00359124493939725  0.00385223862251705
  0.00411700171667006  0.00439155101138676  0.00498015233215414  0.00966243971496225
  0.01873382251058259  0.03633833413759381  0.04316892651267288  0.04316892651268288
  0.04316892651269288  0.04316892651270288  0.04316892651271288  1.00000000000000000
 -0.00322842995325723  0.00813174118364145  0.01626348236728290  0.02472874045948622
  0.03362189567194844  0.05013787409208329  0.13893698291040871  0.22773609172873430
  0.31653520054705969  0.39665530833037987  0.40433774505713799  0.41202018178389616
  0.41970261851065421  0.42738505523741227  0.43506749196417033  0.44274992869092838
  0.45043236541768644  0.45811480214444450  0.54460650207398265  0.63340561089230807
  0.68790900567837465  0.68895553018697564  0.69000205469557663  0.69104857920417762
  0.69209510371277860  0.69314162822137959  0.69418815272998058  0.69523467723858157
  0.69628120174718255  0.69732772625578354  0.69837425076438453  0.69942077527298552
  0.70046729978158651  0.70151382429018749  0.70256034879878848  0.70360687330738947
  0.70465339781599046  0.70569992232459144  0.70674644683319243  0.70779297134179342
  0.70883949585039441  0.70988602035899540  0.71093254486759638  0.71197906937619737
  0.71302559388479836  0.71407211839339935  0.71511864290200033  0.71616516741060132
  0.71721169191920231  0.71825821642780330  0.71930474093640429  0.72035126544500538
  0.72139778995360637  0.72244431446220736  0.72349083897080835  0.72453736347940934
  0.72558388798801032  0.72663041249661131  0.72767693700521230  0.72872346151381329
  0.72976998602241427  0.73081651053101526  0.73186303503961625  0.73290955954821724
  0.73395608405681823  0.73500260856541921  0.73604913307402020  0.73709565758262119
  0.73814218209122218  0.73918870659982316  0.74023523110842415  0.74128175561702514
  0.74232828012562613  0.74337480463422712  0.74442132914282810  0.74546785365142909
  0.74651437816003008  0.74756090266863107  0.74860742717723205  0.74965395168583304
  0.80943641195497928  0.89823552077330471  0.92299022978620116  0.93097009372186545
  0.93894995765752987  0.94692982159319428  0.95490968552885858  0.96120433597162169
  0.96623267741829788  0.97126101886497396  0.97628936031165003  0.98117944173845351
  0.98588458130384016  0.99058972086922681  0.99529486043461346  1.00000000000000000
  0.02081590493520098  0.23877599650345749  0.24838532634024821  0.25867455787032878
  0.26910110854598168  0.31290011279682001  0.31396988662616965  0.31503966045551923
  0.31610943428486887  0.31717920811421846  0.31824898194356810  0.31931875577291768
  0.32038852960226732  0.32145830343161691  0.32252807726096655  0.32359785109031614
  0.32466762491966572  0.32573739874901536  0.32680717257836495  0.32787694640771459
  0.32894672023706417  0.33001649406641381  0.33108626789576340  0.33215604172511304
  0.33322581555446262  0.33429558938381226  0.33536536321316185  0.33643513704251149
  0.33750491087186113  0.33857468470121072  0.33964445853056036  0.34071423235991000
  0.34178400618925958  0.34285378001860922  0.34392355384795886  0.34499332767730845
  0.34606310150665809  0.34713287533600773  0.34820264916535731  0.34927242299470695
  0.35034219682405660  0.35141197065340618  0.35248174448275582  0.35355151831210546
  0.35462129214145505  0.35569106597080469  0.35676083980015427  0.35783061362950391
  0.35890038745885350  0.35997016128820314  0.36103993511755272  0.36210970894690231
  0.36317948277625195  0.36424925660560153  0.36531903043495118  0.36638880426430076
  0.36745857809365040  0.36852835192299999  0.36959812575234963  0.37066789958169921
  0.37173767341104885  0.37280744724039844  0.37387722106974808  0.37494699489909766
  0.46112016376761600  0.55172985189068657  0.58708624016692124  0.59284918845451484
  0.59861213674210845  0.60437508502970205  0.61013803331729555  0.61590098160488915
  0.62166392989248265  0.62742687818007625  0.63318982646766975  0.63895277475526324
  0.64471572304285685  0.71887105745297730  0.80948074557604777  0.87752694248269802
  0.88665255079253968  0.89577815910238134  0.90490376741222311  0.91402937572206489
  0.92232259438156250  0.93027747359746349  0.93836962598839424  0.94781557823223705
  0.95726153047607987  0.96386054928175957  0.97009519061426941  0.97632983194677925
  0.98236947639281780  0.98824631759521187  0.99412315879760604  1.00000000000000000
  0.00410991509755451  0.05194228155602140  0.06221789644537606  0.07334340470449299
  0.08434822224581937  0.09410657566022831  0.10386492907463728  0.11362328248904614
  0.12338163590345499  0.13313998931786386  0.14289834273227270  0.17155770551906616
  0.18165861465316041  0.19175952378725469  0.20186043292134895  0.21196134205544326
  0.22206225118953765  0.22950602583462390  0.23064997490035583  0.23179392396608778
  0.23293787303181973  0.23408182209755166  0.23522577116328358  0.23636972022901553
  0.23751366929474749  0.23865761836047941  0.23980156742621137  0.24094551649194329
  0.24208946555767524  0.24323341462340717  0.24437736368913912  0.24552131275487105
  0.24666526182060300  0.24780921088633492  0.24895315995206688  0.25009710901779880
  0.25124105808353075  0.25238500714926271  0.25352895621499461  0.25467290528072656
  0.25581685434645851  0.25696080341219046  0.25810475247792236  0.25924870154365431
  0.26039265060938627  0.26153659967511822  0.26268054874085012  0.26382449780658207
  0.26496844687231402  0.26611239593804598  0.26725634500377793  0.26840029406950983
  0.26954424313524178  0.27068819220097373  0.27183214126670568  0.27297609033243764
  0.27412003939816959  0.27526398846390154  0.27640793752963350  0.27755188659536545
  0.27869583566109740  0.27983978472682935  0.28098373379256131  0.28212768285829326
  0.28327163192402521  0.28441558098975717  0.28555953005548906  0.28670347912122102
  0.28784742818695297  0.28899137725268492  0.29013532631841688  0.29127927538414883
  0.35574700112931101  0.45263932101123083  0.54216689396784590  0.54832942956984521
  0.55449196517184451  0.56065450077384382  0.56681703637584313  0.57297957197784244
  0.57914210757984175  0.58530464318184106  0.59146717878384047  0.59762971438583989
  0.60379224998783920  0.63008211819177917  0.63709941092813416  0.64411670366448925
  0.65058033386060621  0.65686465940540006  0.66314898495019403  0.70932304035423188
  0.80621536023615192  0.87996119658152261  0.87996119658153260  1.00000000000000000
 -0.00391473022411470  0.00477808645491770  0.00955617290983540  0.01433425936475310
  0.01911234581967080  0.02425665318286293  0.02960712384743767  0.03495759451201240
  0.04030806517658714  0.06654251558088334  0.07504825211109688  0.08355398864131040
  0.09205972517152401  0.10056546170173764  0.10907119823195120  0.11757693476216473
  0.13479220855280732  0.21172224870943146  0.28865228886605571  0.36558232902267984
  0.44251236917930392  0.51944240933592800  0.59637244949255219  0.67330248964917638
  0.75002322928078180  0.75770839246749078  0.76539355565419986  0.77307871884090895
  0.78076388202761815  0.78844904521432724  0.79613420840103633  0.80381937158774541
  0.81150453477445450  0.87946523161382295  0.93769680309881731  0.93849806547169523
  0.93929932784457304  0.94010059021745096  0.94090185259032888  0.94170311496320680
  0.94250437733608472  0.94330563970896264  0.94410690208184056  0.94490816445471837
  0.94570942682759629  0.94651068920047421  0.94731195157335213  0.94811321394623005
  0.94891447631910797  0.94971573869198589  0.95051700106486381  0.95131826343774162
  0.95211952581061954  0.95292078818349746  0.95372205055637538  0.95452331292925330
  0.95532457530213122  0.95612583767500914  0.95692710004788695  0.95772836242076487
  0.95837551511490915  0.95854770128309197  0.95871988745127479  0.95889207361945761
  0.95906425978764032  0.95923644595582314  0.95940863212400596  0.95958081829218878
  0.95975300446037159  0.95992519062855441  0.96009737679673723  0.96026956296492005
  0.96044174913310287  0.96061393530128558  0.96078612146946840  0.96095830763765122
  0.96113049380583404  0.96130267997401686  0.96147486614219968  0.96164705231038250
  0.96181923847856532  0.96199142464674803  0.96216361081493085  0.96233579698311367
  0.96250798315129649  0.96268016931947931  0.96285235548766213  0.96302454165584495
  0.96319672782402777  0.96336891399221058  0.96354110016039329  0.96371328632857611
  0.96388547249675893  0.96405765866494175  0.96418321530024198  1.00000000000000000
  0.04229217370351163  0.27714144643064903  0.28344955952796480  0.28975767262528052
  0.29653240735215608  0.30350963214558502  0.31048685693901396  0.37198617041835913
  0.45559647449465046  0.45928326560353055  0.46026534477339559  0.46124742394326068
  0.46222950311312572  0.46321158228299075  0.46419366145285584  0.46517574062272088
  0.46615781979258591  0.46713989896245101  0.46812197813231604  0.46910405730218108
  0.47008613647204617  0.47106821564191120  0.47205029481177624  0.47303237398164133
  0.47401445315150637  0.47499653232137140  0.47597861149123649  0.47696069066110153
  0.47794276983096656  0.47892484900083165  0.47990561019572836  0.48088594085407987
  0.48186627151243144  0.48284660217078296  0.48382693282913453  0.48480726348748604
  0.48578759414583761  0.48676792480418912  0.48774825546254064  0.48872858612089221
  0.48970891677924372  0.49068924743759529  0.49166957809594680  0.49264990875429837
  0.49363023941264988  0.49461057007100145  0.49559090072935297  0.49657123138770454
  0.49755156204605605  0.49853189270440762  0.49951222336275913  0.50049255402111070
  0.50147288467946216  0.50245321533781373  0.50343354599616530  0.50441387665451687
  0.50539420731286833  0.50637453797121990  0.50735486862957146  0.50833519928792303
  0.50931552994627449  0.51029586060462606  0.51127619126297763  0.51225652192132920
  0.51323685257968066  0.51421718323803223  0.51519751389638380  0.51617784455473525
  0.51715817521308682  0.51813850587143839  0.51911883652978996  0.52009916718814142
  0.52294400182018663  0.53134957174055941  0.53975514166093230  0.60626300875193084
  0.68987331282822217  0.77348361690451350  0.79847541324855298  0.80717639540129016
  0.81587737755402745  0.82457835970676463  0.83327934185950192  0.84198032401223921
  0.85068130616497650  0.87685813956693326  0.88216321081882620  0.88746828207071915
  0.89277335332261210  0.89707014249530059  0.89999267883097578  0.90291521516665096
  0.90583775150232615  0.90876028783800133  0.90876996914545694  1.00000000000000000
  0.67594855626424155  0.79532935046616793  0.79899203426566923  0.80265471806517041
  0.80631740186467160  0.80998008566417290  0.81373832836629800  0.81770728745199184
  0.82167624653768556  0.82564520562337929  0.82961416470907301  0.83361353917840719
  0.83806577297584040  0.84251800677327360  0.84697024057070680  0.85142247436814000
  0.85587470816557309  0.86032694196300630  0.86477917576043939  0.86923140955787259
  0.87368364335530568  0.87833339654481968  0.88306606304743795  0.88779872955005623
  0.89253139605267451  0.91644258074771512  0.94246901779169034  0.94965885772183545
  0.95684869765198055  0.95890391792597285  0.95962298278479075  0.96034204764360875
  0.96106111250242676  0.96178017736124466  0.96249924222006267  0.96321830707888068
  0.96393737193769857  0.96465643679651658  0.96537550165533448  0.96609456651415249
  0.96681363137297049  0.96753269623178839  0.96825176109060640  0.96897082594942441
  0.96968989080824231  0.97040895566706031  0.97112802052587832  0.97184708538469622
  0.97256615024351423  0.97328521510233212  0.97400427996115013  0.97472334481996814
  0.97544240967878604  0.97616147453760405  0.97688053939642205  0.97759960425523995
  0.97831866911405796  0.97903773397287597  0.97961874166675400  0.98016958648657149
  0.98072043130638886  0.98127127612620635  0.98182212094602384  0.98237296576584132
  0.98292381058565870  0.98347465540547618  0.98402550022529367  0.98457634504511116
  0.98512718986492853  0.98567803468474602  0.98622887950456350  0.98677972432438099
  0.98733056914419837  0.98788141396401585  0.98843225878383334  0.98898310360365083
  0.98953394842346820  0.99008479324328569  0.99063563806310317  0.99118648288292066
  0.99173732770273804  0.99228817252255552  0.99283901734237301  0.99338986216219050
  0.99394070698200787  0.99449155180182536  0.99504239662164284  0.99559324144146033
  0.99614408626127771  0.99669493108109519  0.99724577590091268  0.99779662072073017
  0.99834746554054754  0.99889831036036503  0.99944915518018251  1.00000000000000000
   1.0875389989419837E-009  -1.0000000000000000     
 F F F F F F F F F F F F F F F F F F F F F F F F F F F F F F F F F F F F F F F F F F F F F F F F F F F F F F F F F F F F F F F F
  <DiscreteSampler_grid>
  grouped_processes
  1 # 1 for a reference and 2 for a running grid.
  10 # Attribute 'min_bin_probing_points' of the grid.
  1 # Attribute 'grid_mode' of the grid. 1=='default',2=='initialization'
  0.0000000000000000 # Attribute 'small_contrib_threshold' of the grid.
  0.5000000000000000 # Attribute 'damping_power' of the grid.
 # binID   n_entries weight   weight_sqr   abs_weight
    10   10   1.108306165817126E+001   5.059691785613137E+002   1.108306165817126E+001
  </DiscreteSampler_grid>
