  0.00420936867302885  0.00738052511621603  0.01204512742582700  0.01774075306070997
  0.02496965002195476  0.03373619394073062  0.04366781379466742  0.05458812172059384
  0.06639777303931570  0.07879312904800743  0.09186275836650454  0.10237971790402167
  0.11331915185278255  0.12325909009147758  0.13233860658366181  0.14209331969662092
  0.15208806953136389  0.16202468462195332  0.17174399681106386  0.18160260607323053
  0.19256543193227837  0.20434236356273838  0.21562778570726748  0.22644647597614664
  0.23768069721259288  0.24927236542191403  0.26038482692449039  0.27113450960114943
  0.28198285075284768  0.29269723384242990  0.30357392212010381  0.31468476942639789
  0.32693251678891816  0.33941977464813300  0.35234337737983040  0.36550157131916411
  0.37799142525097984  0.38926790619062546  0.40034704822477035  0.41106125137622257
  0.42242771430410275  0.43453786674753736  0.44760589709431425  0.46134857119834044
  0.47258714073654784  0.48268448598382308  0.49160737492578210  0.50110531774162559
  0.51191712876269180  0.52535878935633951  0.53705739567689814  0.54742808272604215
  0.55628399734422496  0.56596546180795493  0.57613031203478471  0.58654015173747065
  0.59624383712099249  0.60595785624592247  0.61691050147903326  0.62732174820347153
  0.63713208229887142  0.64691016100563026  0.65609218824714322  0.66596227791914320
  0.67697906480293990  0.69001299508602976  0.70439748968367899  0.71640422585699759
  0.72639838366836607  0.73469222613411866  0.74262853382417426  0.75084745220037097
  0.75893775001082586  0.76725826790945817  0.77654525430672672  0.78569978294865750
  0.79643619024128742  0.80976359179848123  0.82085653196558417  0.83111681513913049
  0.84142854226145347  0.85191559460842481  0.86149022942572051  0.87099058503699067
  0.88157462841656642  0.89389097572542853  0.90483736250345104  0.91453351095721336
  0.92412695694245039  0.93393827452411382  0.94327929353336004  0.95261488469906452
  0.96309221654073385  0.97530319140673449  0.98765693395862142  1.00000000000000000
  0.00291691201337886  0.00485230455151822  0.00595356787109565  0.00699726571478639
  0.00796036836999753  0.00886512980245301  0.00976023121336681  0.01065733665412272
  0.01148927635262883  0.01229558504280173  0.01312687726791732  0.01404576713330161
  0.01497509532613895  0.01588199826159949  0.01677863390694452  0.01764924581219500
  0.01859308360630763  0.01964233755055000  0.02064980759349652  0.02164534529321545
  0.02264748078335720  0.02368392983557853  0.02476099760309838  0.02605911695154389
  0.02736562973425445  0.02879252885214266  0.03036972881789442  0.03174076016971429
  0.03316497418766720  0.03458042443991542  0.03602429938406584  0.03770168499660575
  0.03942650996902383  0.04107376729773114  0.04270954614381671  0.04432870263747719
  0.04570272881414598  0.04729846460966157  0.04896743638805705  0.05051738685554577
  0.05203320616940255  0.05361625307337217  0.05526923533496862  0.05726539431791277
  0.05934845855280184  0.06142144593265662  0.06360354800440872  0.06594988987726647
  0.06870607807261800  0.07186481931406233  0.07506290785353925  0.07814817161682663
  0.08115299438512798  0.08465213880736812  0.08731943749710261  0.08938161343821065
  0.09139613080583711  0.09354610176719778  0.09597803497059448  0.09852767169786256
  0.10111455406261795  0.10376565847100687  0.10611843375151668  0.10821499252778803
  0.11037469459504111  0.11280657995249088  0.11585385536025078  0.11954013026577635
  0.12350458395502284  0.12738692070290514  0.13135844994721352  0.13580471557454638
  0.14209040081361915  0.14682117347587462  0.15055072775180073  0.15407812255437675
  0.15871945289138320  0.16305731189890102  0.16709455954245064  0.17101953940755224
  0.17538577816910292  0.18220924160081856  0.19630269790285365  0.20467248406705971
  0.21210943923558062  0.21948178913115579  0.22654101793486345  0.23057163674584186
  0.23517201844497204  0.24331303511417632  0.25457783395803923  0.26678954127194116
  0.28152841793708067  0.30770489431782444  0.33950220649788487  1.00000000000000000
  0.00008428964968973  0.00008576949173859  0.00008722738179675  0.00008867018136845
  0.00009112431156814  0.00009433292737067  0.00009726368807604  0.00010128357751871
  0.00010599932509170  0.00011087760779432  0.00011555795690043  0.00012002926648699
  0.00012467608761604  0.00013003882987454  0.00013572010411075  0.00014174512663346
  0.00014899935803197  0.00015746272281947  0.00016569962916329  0.00017382695216397
  0.00018224319996682  0.00019096033390005  0.00020083453803819  0.00021228944001507
  0.00022469066736291  0.00023788058189077  0.00025134486772838  0.00026527538329284
  0.00027951118950890  0.00029605387107213  0.00031428143740727  0.00033359180299082
  0.00035422912835486  0.00037548024318499  0.00039877328328682  0.00042209147271975
  0.00044507478069228  0.00047095949292221  0.00050138466600194  0.00053421498511483
  0.00056596764026381  0.00060206816987970  0.00064418793708954  0.00069056355139172
  0.00074027866712957  0.00079260242951955  0.00084803738147405  0.00090861318205746
  0.00097268721996693  0.00104203542948438  0.00111860658610017  0.00120291273406148
  0.00129467695440705  0.00139361880084157  0.00149841353909162  0.00161432202120452
  0.00173448082921013  0.00189224402012067  0.00207282185057356  0.00226179166339053
  0.00246822516012438  0.00267042297814488  0.00289338165103015  0.00313790408474276
  0.00343627705664205  0.00375988520861844  0.00413001566679338  0.00449477056419184
  0.00491168246345404  0.00535406475973461  0.00585869940448096  0.00646152417614268
  0.00717107674356812  0.00808553484518515  0.00903470359445965  0.00996040858540638
  0.01098984997166906  0.01210613468640647  0.01379478402185899  0.01584671060166813
  0.01853154718501046  0.02127804904766153  0.02410345994156929  0.02708157439695609
  0.03140513707339193  0.03652331263829704  0.04221195224779280  0.04841125353791757
  0.05498487839764426  0.06381240260920819  0.08127110480486607  0.10210245096183254
  0.12643062780724135  0.20636333450267696  0.45051560265020307  1.00000000000000000
 -0.00432548482467205  0.01969783877654929  0.04015426760149456  0.05716032045262313
  0.07258243903667953  0.08630919392449236  0.09734183868569003  0.10932539865134977
  0.12257514395457590  0.13591807324985875  0.15184957772479460  0.16910516744443863
  0.18469099153929125  0.20042139077536028  0.21537504390583134  0.23132797423632417
  0.24218169326559216  0.25170755366828951  0.26093621436950259  0.27093837362543327
  0.28148904534237040  0.29266647087880571  0.30531461334340804  0.31849978838295373
  0.33179635381935935  0.34419345173859356  0.35660396706404424  0.36776866393413687
  0.37730780041704709  0.38652176875996586  0.39641264529072928  0.40698714725612156
  0.41699781038657668  0.42627894501736185  0.43497946094616757  0.44400749439135612
  0.45309715899712694  0.46242126776889936  0.47165607031013046  0.48138823664629982
  0.49122491931396589  0.50136432502299189  0.51118260113915837  0.52064590946125078
  0.52970127172622139  0.53899219088925199  0.54961125427880364  0.55987855421124866
  0.57004002669207843  0.57944066324186172  0.58875778127681999  0.59781328146832091
  0.60738858302814025  0.61692980168538603  0.62711596481600917  0.63705488633678198
  0.64725205957143173  0.65801035625764226  0.66922917225307155  0.68080719849825821
  0.69147599747740540  0.70131810589486665  0.71062097352382425  0.71938680972084323
  0.72801577828348241  0.73665236066613360  0.74409734696483076  0.75159240138367889
  0.75952399450262009  0.76853725270260931  0.77882690084063655  0.78952640471020896
  0.80084411174507786  0.81262912577962365  0.82478961359114222  0.83553018029431247
  0.84377743904440750  0.85201880454267875  0.86015920499473209  0.86824543391496511
  0.87544598695740927  0.88185101888845063  0.88812987550394418  0.89431465826871048
  0.90403321122284863  0.91456980086665640  0.92421074022055327  0.93361307358898127
  0.94247430701015156  0.95048428585029088  0.95846184096615050  0.96706450520094378
  0.97557961249101044  0.98406650374682270  0.99211998728462247  1.00000000000000000
 -0.00196577419441297  0.00896152772266181  0.01916741478458881  0.03076325234850093
  0.04261352783679652  0.05498113582571147  0.06713361823686248  0.07807641478788585
  0.08903250036113221  0.10078161787597603  0.11262104805007664  0.12370336185668544
  0.13388900400465592  0.14340393496083931  0.15202740230312392  0.16087797957441144
  0.17181206595164114  0.18355413684837593  0.19485985571818806  0.20601291093275725
  0.21830221568136524  0.23065055379388472  0.24177737573123917  0.25260926272597117
  0.26352717680649235  0.27479906191223052  0.28621723810271388  0.29739906909728048
  0.30828342217383214  0.31891263462334701  0.32966126031553439  0.34052751680579707
  0.35080046194719250  0.36024594969508961  0.36946485399628332  0.37822336298286241
  0.38816034853500353  0.39885097219275906  0.41056057615383096  0.42241596771557488
  0.43359868248381223  0.44423414872013539  0.45496917416297167  0.46739700552146168
  0.48101995164276529  0.49380829537195509  0.50502052788476259  0.51388020981696281
  0.52330142104872224  0.53171254804029622  0.54043251954081728  0.54861461945621715
  0.55749045535046438  0.56789379075819990  0.57972055971576941  0.59002604575167006
  0.59998746620273835  0.61041127464199441  0.62177989343446227  0.63340199249228735
  0.64451833116478596  0.65593397718729007  0.66713695183013377  0.67695640350244968
  0.68608567835702805  0.69542433735193032  0.70500628659592601  0.71453532016963361
  0.72480029471539908  0.73720834677750224  0.75044841577159682  0.76233538728236250
  0.77378372563631947  0.78557461441895537  0.79675545987447571  0.80726969223011691
  0.81837145289064805  0.82966379575866156  0.84045044211036846  0.85033830799589538
  0.85955637437222865  0.86850947188721705  0.87768649930025766  0.88762510072176115
  0.89752831033965264  0.90685385165951726  0.91587133687720712  0.92493555148548301
  0.93366243680608008  0.94278274017276420  0.95141840377253006  0.96009058582045892
  0.96902865423459839  0.97785613543500072  0.98879980807151535  1.00000000000000000
 -0.00310301421884629  0.01291292419795455  0.02856182667876443  0.04862799073670159
  0.06878639077605250  0.08719384180724037  0.10524470324388646  0.12438365827560088
  0.14439885532376243  0.16590809984374374  0.18737255086755181  0.21064983810949603
  0.23203309701775759  0.25281547589062781  0.27453659821502263  0.29740009118918354
  0.31831452303964491  0.33867166160550982  0.35966592002489195  0.38123705906781075
  0.40359584053333136  0.42533912446442362  0.44513914022390738  0.46545220621789601
  0.48543170272229297  0.50477794289067413  0.52351668898173176  0.54071781073926306
  0.55613176221560134  0.56943150942025811  0.58247979326517174  0.59543311654961950
  0.60910137372739881  0.62218104633695392  0.63452221730853453  0.64613916988590736
  0.65757787263924294  0.66908686045431198  0.68111904791021782  0.69256035170873098
  0.70368102258135601  0.71624462573412340  0.72925293339469455  0.74193617897847575
  0.75393606735449770  0.76528374198730509  0.77528664668201108  0.78456387802804217
  0.79383355272200151  0.80321915150220202  0.81205140746305382  0.81995382992176324
  0.82743167047834187  0.83427765931384201  0.84069478651274454  0.84698116213066899
  0.85338501705279435  0.85998917873812464  0.86643663184262965  0.87254618348780932
  0.87856409921332312  0.88465124808973450  0.89067037504341473  0.89660623896350666
  0.90252689687348076  0.90854034545572859  0.91412936750851204  0.91960913490164342
  0.92463417668622083  0.92925557200590325  0.93358929054710127  0.93752447343017320
  0.94089410995281042  0.94401920811183471  0.94727965913627188  0.95046422742717585
  0.95416196044849988  0.95806297495707116  0.96163333849472343  0.96463528671173615
  0.96740803813591447  0.96981557214850356  0.97168764531129859  0.97355265458244566
  0.97556872857230026  0.97759549022339776  0.97952681758302740  0.98170471034918916
  0.98427304321591180  0.98674923662698066  0.98907711448666202  0.99147937773413730
  0.99381594587101563  0.99595238425906230  0.99800340702969514  1.00000000000000000
 -0.00310051789218967  0.01048533490865752  0.02212931840239014  0.03314903725384574
  0.04266589001569680  0.05090488585449256  0.05856351285710188  0.06580239102479082
  0.07440891153306464  0.08422653216081748  0.09428814410341509  0.10460598452018305
  0.11491955106971399  0.12590380751467786  0.13705520615272548  0.14799580197299883
  0.15902736136122050  0.17097771929982997  0.18398154429537275  0.19622488515518610
  0.20720447305349660  0.21803626089929404  0.22917335306508640  0.24005963509673345
  0.24999734580254962  0.25841573180972183  0.26644949686851832  0.27561441297797035
  0.28544625235587995  0.29504560804912888  0.30437976726535998  0.31529698407260937
  0.32979969253483765  0.34192691419039833  0.35205991599639364  0.36160855457922403
  0.37115257737109814  0.38069263347009724  0.39057989628000184  0.39984502850582387
  0.40834712638150905  0.41658313732869556  0.42522162359085530  0.43434394320453495
  0.44342551984109729  0.45204109954016530  0.46137592504504166  0.47136768491954334
  0.48231691820474198  0.49342210702657141  0.50426659053671818  0.51467071221088467
  0.52444362189949434  0.53372016188054783  0.54285448964456928  0.55171044298377447
  0.56077526189484095  0.57096365660537118  0.58228901143959710  0.59526687552507862
  0.60868728017673213  0.62180360436030924  0.63472951163783309  0.64708893615195706
  0.65907211281376232  0.67205804454314577  0.68491985792435350  0.69598370578007851
  0.70640059735921568  0.71650314601697085  0.72630395284698512  0.73577208021953588
  0.74576427279025592  0.75578798422323779  0.76717985994199867  0.77881140753141476
  0.79110514536888699  0.80299082727298432  0.81407893779135798  0.82472124173433736
  0.83523799146025146  0.84567960716555624  0.85575371445314652  0.86612517917556753
  0.87734697968507280  0.88905814353103696  0.90119629428599946  0.91410319723732492
  0.92493107128431917  0.93496599592467577  0.94477684799883177  0.95513277961752907
  0.96606151439849475  0.97668919089737605  0.98782831453462894  1.00000000000000000
 -0.00175567577362469  0.01016215623207923  0.02068791507078186  0.03058170224779934
  0.03998184278299592  0.04906353436454861  0.05864092909803137  0.06837408637855062
  0.07839240913647209  0.08818548845591355  0.09837188658812153  0.10795220342229898
  0.11769605896478083  0.12699372162817027  0.13583378365869403  0.14439694270274969
  0.15336723555424295  0.16332428577311683  0.17292585676786590  0.18211610204704240
  0.19213727442432932  0.20584467369804596  0.21576700785570629  0.22522074859585409
  0.23490838681778811  0.24395917971771941  0.25310055002319221  0.26180976807694756
  0.27190590810039833  0.28054412486909758  0.28864753451022779  0.29609077355874147
  0.30454087864038126  0.31417875916743826  0.32445303754171895  0.33481893430320991
  0.34467587771763142  0.35383722770733073  0.36362668957183064  0.37446832301668448
  0.38545574626436307  0.39687345824284448  0.40842737281547842  0.41962096558788509
  0.43077216587891620  0.44267881473817766  0.45524740741953601  0.46653213488241335
  0.47619288309012886  0.48581658117456250  0.49549888407641540  0.50679889099660858
  0.51840069718211945  0.53070223486332468  0.54354902750870093  0.55622496081193795
  0.56885643319545043  0.58069274818389249  0.59215832313230587  0.60171120565957836
  0.61138121225464581  0.62095638323533953  0.63130334192785365  0.64225471083158336
  0.65480515697560648  0.66715455614950347  0.67736844455687473  0.68719752891779418
  0.69732703987647793  0.70696854247774776  0.71707215452391504  0.72532189328156338
  0.73409887431226462  0.74451791757009467  0.75428381952361601  0.76415310349774523
  0.77492548755331647  0.78568489982141809  0.79636324438974349  0.80766362095531496
  0.81991848639986020  0.83223415383533261  0.84401924687595675  0.85508803757607776
  0.86573264176121623  0.87619427453261101  0.88698055490861683  0.89821936030829896
  0.90964290229217215  0.92094661271155853  0.93329186329156921  0.94626057288622434
  0.95987869278214311  0.97362802400430914  0.98644301012137614  1.00000000000000000
  0.41714534868732883  0.60741379913353022  0.65967076464355112  0.69671667351968691
  0.72851192864566006  0.75561389805033963  0.77771950639532827  0.79617208340364343
  0.81182450563991970  0.82567959865630758  0.83885302686280083  0.85053421250095051
  0.86050337006084299  0.86963873434915817  0.87809082611964284  0.88501852108480594
  0.89145701616532735  0.89754919990475968  0.90317542018953045  0.90861506592764207
  0.91370838070440386  0.91810744443904069  0.92195121811644987  0.92551192726973697
  0.92891831104829314  0.93226111404120227  0.93546624705949410  0.93822396609230119
  0.94048769861067449  0.94269867376387217  0.94498200275720690  0.94720007639992432
  0.94925391870097542  0.95115894852977712  0.95296994966529935  0.95473249187133258
  0.95645151659989447  0.95807125249018898  0.95931375841655586  0.96052407430974229
  0.96172179059427021  0.96290942112280953  0.96403962713011448  0.96513641855668675
  0.96620015718663399  0.96724033393484954  0.96825806872804721  0.96924451371439080
  0.97026175547533555  0.97125651441100225  0.97222962087473308  0.97317291310270582
  0.97407479181367496  0.97492715424292986  0.97574071784676653  0.97655684269470300
  0.97732881534059546  0.97814332735015896  0.97892794383293602  0.97966263669159970
  0.98034813752000594  0.98097773738829475  0.98161753553968611  0.98226263679893688
  0.98289759463845983  0.98351510188359192  0.98411040311770059  0.98465689604106243
  0.98518392148994416  0.98570260880936256  0.98622001788197555  0.98674551927970022
  0.98728361414200871  0.98782635163340138  0.98836145229498529  0.98885005036507589
  0.98932087074757680  0.98979718371988012  0.99028649285686166  0.99076734241708020
  0.99125395254078130  0.99173573271823823  0.99220425559866632  0.99265542753812608
  0.99308373695737806  0.99349292408399992  0.99388583696108990  0.99426367618665512
  0.99465510971245774  0.99506307234438718  0.99550301301533872  0.99606540747499106
  0.99669783910426912  0.99741944130419724  0.99846855968836135  1.00000000000000000
   2.6139003277801599E-008  -1.0000000000000000     
 F F F F F F F F F F F F F F F F F F F F F F F F F F F F F F F F F F F F F F F F F F F F F F F F F F F F F F F F F F F F F F F F
  <DiscreteSampler_grid>
  grouped_processes
  1 # 1 for a reference and 2 for a running grid.
  10 # Attribute 'min_bin_probing_points' of the grid.
  1 # Attribute 'grid_mode' of the grid. 1=='default',2=='initialization'
  0.0000000000000000 # Attribute 'small_contrib_threshold' of the grid.
  0.5000000000000000 # Attribute 'damping_power' of the grid.
 # binID   n_entries weight   weight_sqr   abs_weight
    10   10   1.237223012321660E+001   1.210679224388378E+003   1.237223012321660E+001
  </DiscreteSampler_grid>
