  0.00300624572359715  0.01182328850644254  0.02180261010388032  0.03226974463564899
  0.04230260890897729  0.05074900528031349  0.05776781042379488  0.06463754074814085
  0.07211196094835193  0.08135210176923896  0.09104429741879759  0.09997968102280382
  0.11080900459383781  0.12277516703221726  0.13725393885753165  0.15262036073692525
  0.16468654046536924  0.17575407875480928  0.18557774285722595  0.19481769991952624
  0.20432961771348859  0.21481132753612303  0.22552147891870628  0.23665057470077028
  0.24651806659221129  0.25578148791407102  0.26493292786381406  0.27435695457608611
  0.28426586661951575  0.29411779975975816  0.30488407818268354  0.31780942995925981
  0.33016753136013988  0.34095932650425237  0.35158270282158555  0.36255355247758503
  0.37254821921591574  0.38617074289942904  0.40089852508618545  0.41591404237509871
  0.43018586926882618  0.44473635914399956  0.45710935122976781  0.46570526811249008
  0.47262668365270277  0.47741809609808228  0.48200444435492562  0.48649636352691566
  0.49312813693415580  0.50159152367513149  0.51041398101888980  0.52018417334380374
  0.53261635629474657  0.54655758320601833  0.55824438321267744  0.57072684408168883
  0.58351948031261358  0.59725863541246205  0.61123334693375098  0.62365490884100838
  0.63378878928923499  0.64232248539990433  0.65115644158495611  0.66107523660484047
  0.67176696275002434  0.68084749710129866  0.69011621494307940  0.69937879657097257
  0.70923039537684385  0.72115395759976020  0.73467353260443724  0.74761181576692326
  0.75978450953275123  0.77142024325587222  0.78182574490687728  0.79258975225333816
  0.80079722610737958  0.80928440007137270  0.81918163959359347  0.82994010132819840
  0.84258551211128974  0.85707582252943204  0.87161168480392159  0.88519488138310165
  0.89692834664464771  0.90491883406504525  0.91252121070718095  0.92001847259039660
  0.92760889630328558  0.93598046319420447  0.94391586378564707  0.95207664958154292
  0.95990378360214190  0.97290865710720920  0.98596060538168728  1.00000000000000000
  0.00000755139851085  0.00001296900275116  0.00001702001437287  0.00002189460807684
  0.00002978172780473  0.00005179910365232  0.00008040923516935  0.00010383851739207
  0.00013827290740887  0.00020196878883346  0.00028906113139085  0.00038481501945000
  0.00051750897647672  0.00065521865015876  0.00080017500161241  0.00096911954218965
  0.00116289165571157  0.00138253905324777  0.00164213495557777  0.00189050944548346
  0.00216197404125140  0.00246229811762288  0.00284201813776185  0.00330172840526835
  0.00383872493239514  0.00433109023500149  0.00479721802291157  0.00528973740679073
  0.00588058092879515  0.00631215162482104  0.00664441551808612  0.00695524351947523
  0.00725448188216159  0.00753674724746778  0.00779445433930345  0.00805845611771639
  0.00836940206121980  0.00877583070364548  0.00916907810852592  0.00965432411410985
  0.01027817214034803  0.01094982200434628  0.01162453003317557  0.01239439327541003
  0.01316179469805998  0.01395069431978568  0.01471087189263397  0.01540875241490367
  0.01625350358793727  0.01711383235384225  0.01815274000997262  0.01927962373594559
  0.02035947299202762  0.02101879004228813  0.02155020233070319  0.02203818326451399
  0.02289254594682713  0.02373847132038735  0.02446152516224937  0.02515299927566825
  0.02580724591328775  0.02648403087902500  0.02714017714214458  0.02777950265206009
  0.02853155066093798  0.02952920689386118  0.03049317460591467  0.03134407364758628
  0.03231330021331303  0.03400356713207115  0.03598414221482964  0.03746772265611374
  0.03897745956040370  0.04011671653059070  0.04199031099371214  0.04449966634687213
  0.04796897623436499  0.05080850693722161  0.05341143291989478  0.05633667969497907
  0.05958549942266843  0.06167166519751129  0.06329229333531962  0.06515125490431838
  0.06623457780559538  0.06908966851816133  0.07354530186012759  0.07806401203030602
  0.08136372626063661  0.08515252017342134  0.08843239810471940  0.09156285810340900
  0.09638370087914626  0.11676619838036376  0.14985208986841189  1.00000000000000000
  0.00000715376049677  0.00001154447018045  0.00001650873814286  0.00002284557263159
  0.00003210803709360  0.00004185902855528  0.00005370711587166  0.00006766618074470
  0.00008039815060865  0.00009238911206799  0.00010590869693004  0.00012152898032796
  0.00013793601982888  0.00015596131524454  0.00017519079282009  0.00019621979133653
  0.00021599511423686  0.00023669347034492  0.00025817059092157  0.00027957019204536
  0.00030599826513913  0.00033782549105220  0.00037059401129294  0.00040315850283702
  0.00043658509210264  0.00046745821661222  0.00049994599218662  0.00053708407442706
  0.00057986403958175  0.00062695337145047  0.00067716844748138  0.00072726231704765
  0.00077582645954774  0.00081938623577363  0.00085359034521347  0.00088359046240287
  0.00091445092950513  0.00094953418982740  0.00098950478970716  0.00102583892385607
  0.00106360271077192  0.00110047011147063  0.00114041631401821  0.00118219109236324
  0.00122291794925730  0.00126541170998025  0.00131140883840105  0.00136412885026860
  0.00142896549238997  0.00149023418616834  0.00154459509137748  0.00160172364359625
  0.00166037430936588  0.00171785748695730  0.00177205865954352  0.00187562987162149
  0.00197116624251840  0.00206181536889173  0.00215246812939023  0.00224375914122233
  0.00233944408988088  0.00244343556322341  0.00253509117852380  0.00262652892936106
  0.00272611622056164  0.00284081389865026  0.00296301720327742  0.00307262090447261
  0.00320783893325255  0.00335688628237740  0.00354225739647990  0.00372546124682663
  0.00390912472147511  0.00410536067974918  0.00433502957033783  0.00452763727682372
  0.00475162064870819  0.00500808588940379  0.00533710542829843  0.00575593245762941
  0.00626606404276284  0.00683797001451438  0.00749479665526672  0.00836478070065004
  0.00923431586571274  0.00982248894464061  0.01071896745629148  0.01231147935294302
  0.01461934856814624  0.01706955475128443  0.02254880284385044  0.03384402467211992
  0.04756422623641666  0.06546763494091534  0.08650880246055541  1.00000000000000000
 -0.00418083685570842  0.02027116392647023  0.04187314101771891  0.06356454419189717
  0.08224108249375656  0.09809264911335520  0.11055127740623300  0.12255417703816107
  0.13318234938216228  0.14443774793341951  0.16015006077372418  0.17502417890685126
  0.18589127527220284  0.19723443011103331  0.20816102573661197  0.21866424876405499
  0.22605487335346605  0.23789030489964472  0.25123486038287529  0.26540159290057053
  0.28107937876529726  0.29637572208889196  0.30982695628553070  0.32117397386037416
  0.33177755098766359  0.34459459586019386  0.35792709757089375  0.36841749215999287
  0.38001087905764119  0.39197653657759363  0.40432795376377290  0.41620767773476608
  0.42644440175161163  0.43736785023189978  0.44851788878581239  0.46120326043871046
  0.47369592576842762  0.48692990121873225  0.49878057017530764  0.51023740974758292
  0.51975267960996840  0.52626432466964534  0.53225363453295205  0.53838158535959058
  0.54438218338680178  0.55075064388202211  0.55767804371399587  0.56429195837073864
  0.57046103467707310  0.57684088612367457  0.58363351163495147  0.59318138569971746
  0.60604423416631159  0.61858992259366474  0.63323999901734807  0.64595161490936270
  0.65648934995412112  0.66476890358369312  0.67155454379866253  0.67814454262327750
  0.68641551968722325  0.69579012689889286  0.70458810186075727  0.71240075233248512
  0.71990869623243414  0.72829067139553894  0.74322238452163769  0.75592909994330904
  0.76596428626283353  0.77674099837393962  0.78610993369818360  0.79470146516290063
  0.80327622422281375  0.81420680420172387  0.82730308266969899  0.83509897353080942
  0.84244280867021915  0.84905931494088249  0.85554261447484092  0.86176670686480628
  0.87066733866935631  0.88308367247670083  0.89544757301614852  0.90736606603758441
  0.91960797170419750  0.93138314958206614  0.94007296432804754  0.94735504295376860
  0.95458971241667945  0.96245665541535974  0.97044257083541030  0.97762661287037278
  0.98364764224708956  0.98931470223876383  0.99487472332046833  1.00000000000000000
 -0.00376156389632229  0.01305081095045443  0.02884819209043069  0.04819002885594464
  0.06857281001575544  0.08692164109199713  0.10414055558170961  0.12007269656594129
  0.13257542043729115  0.14387607122536825  0.15466466924543493  0.16475152267574966
  0.17430401138607904  0.18484165721744369  0.19702288294135284  0.20990888498638882
  0.22292601333144671  0.23733694508237865  0.25484938225276194  0.26774599665882476
  0.27925842686112823  0.29018231045059434  0.30159825008775820  0.31439099558057459
  0.32848285326786048  0.34263249340869356  0.35456939570250007  0.36405928997571191
  0.37268485840140053  0.38028024412723826  0.38908989456964521  0.40016063302093835
  0.41202100765288369  0.42176472724435266  0.42909221210004217  0.43639111243242840
  0.44349484030311698  0.44892848668453145  0.45332768917667571  0.45773165395836846
  0.46161662317832819  0.46763943230639665  0.47447284810554979  0.48284146878414408
  0.49266268479593039  0.50248202427040334  0.51123189038997174  0.51953692013671515
  0.52677886853275890  0.53366240645215091  0.54124914548848047  0.54884887634841717
  0.55642691052791615  0.56452042850679063  0.57565022190545567  0.58739226477640005
  0.59835318753319633  0.60852708423550772  0.61846338934739231  0.62861306249070459
  0.63986525227729552  0.65275526063159373  0.66324675137525924  0.67271221020763594
  0.68233762378446350  0.69275089011594415  0.70443122203950004  0.71752857026579353
  0.73086321464491377  0.74083484418186085  0.75002138499465831  0.75833540765116270
  0.76615876531285632  0.77465186232393457  0.78483227008893464  0.79379763502523559
  0.80149086250987589  0.80817996062320840  0.81485856410210111  0.82235628161593954
  0.83095133671384958  0.83932850841602502  0.84784854399269693  0.85708634043259702
  0.86739108191620551  0.88077233096132512  0.89588181801224043  0.90775690950050547
  0.91705657671276097  0.92568073180432175  0.93556052730078665  0.94565995536396019
  0.95665004712261104  0.96883293232206646  0.98159796346153139  1.00000000000000000
 -0.00126957115558205  0.00536387867578189  0.01240662337270278  0.02005262199631542
  0.02927123512875508  0.03822744410461462  0.05054721133564012  0.06485352335782299
  0.07826167449113350  0.09298601434755384  0.10815367958628139  0.12134756738900496
  0.13205506418397772  0.14042755127485973  0.14860182784092346  0.15833854907188133
  0.17032271503352286  0.18406378366845799  0.19812440844265941  0.21106913683068559
  0.22105742881855489  0.23329436169242235  0.24671287529529159  0.25652951462660534
  0.26443993535200533  0.27227182185634352  0.27912045746195541  0.28657606308097910
  0.29374148170208153  0.30197477187729044  0.30863316346973518  0.31756716413646519
  0.32963774169063642  0.34328244465462165  0.35887171132920337  0.37447101886275691
  0.38621629544315056  0.39639988689370143  0.40678354296460217  0.41677093838200030
  0.42650359305042534  0.43636903393366966  0.44756233424412295  0.46024906286292483
  0.47192045692404727  0.48291336198605533  0.49204261434804009  0.49981037597566191
  0.50664539399796638  0.51263994188196549  0.52020450826831954  0.53001693656217153
  0.53974678613181892  0.54902061561318116  0.55651246976243740  0.56405978121986866
  0.57428948787418010  0.58798181656088588  0.60329789318165572  0.61887253621889571
  0.63397011914032719  0.64764163806966923  0.65947530569537749  0.67069804875502481
  0.68302687487187563  0.69493820490138225  0.70746945739853573  0.71985471025475301
  0.73216631004008059  0.74371876584984209  0.75399915478762558  0.76301208595067715
  0.77128385585873716  0.77918187134458183  0.78699776782017394  0.79764943019032153
  0.80834349342971401  0.81771676764645163  0.82858126562813905  0.84119163397151697
  0.85366826536268425  0.86416466851845852  0.87213624448697302  0.87758467006513330
  0.88244200982511256  0.88888331878398674  0.89527969840376043  0.90355385440855096
  0.91291355541682351  0.92609799917357549  0.94021502313233507  0.95173043002987534
  0.96374582204941539  0.97566526292067468  0.98768615848469132  1.00000000000000000
 -0.00246426441243747  0.01333294464187936  0.02151326442445631  0.02523533697307901
  0.02831884476613204  0.03099356129269721  0.03345879598013475  0.03600292914654540
  0.03847330335999160  0.04071696331989520  0.04272977212751318  0.04472752170564225
  0.04662884135999230  0.04847423715623987  0.05016282287685260  0.05178870116129919
  0.05339311872156798  0.05492911247199359  0.05685969298668471  0.05877719677876615
  0.06033697359189213  0.06166273961182117  0.06287938496116278  0.06409378974225512
  0.06535259695778727  0.06658232101506420  0.06776792552505131  0.06902966717744133
  0.07029219699541714  0.07166596795054297  0.07355773050221412  0.07549895915381817
  0.07733785395401377  0.07902862275035100  0.08069759108325492  0.08238900735750235
  0.08456192255557475  0.08692865228382293  0.08908974181875431  0.09112820147104289
  0.09364857171662003  0.09557488872764332  0.09664671583850508  0.09769923778349868
  0.09871516444865500  0.09992328786053847  0.10255733242642034  0.10494350455417627
  0.10718371583121106  0.10880414290142268  0.11032696998085560  0.11270037195191218
  0.11671749097984713  0.11980267476111262  0.12202975543721194  0.12387431534904536
  0.12579993183328017  0.12750385149636995  0.12950468710099397  0.13145160977557893
  0.13330756276723346  0.13477638972236827  0.13600405234657453  0.13711556371249292
  0.13807935250675490  0.13940052116975088  0.14945863322882028  0.15805571603238161
  0.16012588226342470  0.16293684467917938  0.16575094530500037  0.16959744177360117
  0.18142378311447585  0.18363142966266729  0.18450804882371871  0.18663862787134386
  0.19072695108157922  0.19486201749939919  0.20070651902776135  0.20655102055612351
  0.21026349579902995  0.21243669934422818  0.21438923710380867  0.21683231532604585
  0.21914883439345928  0.22130182778796070  0.22268399593979973  0.22411030368323206
  0.22552096734097335  0.22689150874693181  0.22878693149458842  0.23060119107009824
  0.23235668396056475  0.23494034985905293  0.24729836389703461  1.00000000000000000
 -0.00363516728915153  0.01377747842535313  0.02567874247203722  0.03809726280327138
  0.04456119830529902  0.05041749004047599  0.05573870300485920  0.06074589019907407
  0.06605170983538287  0.07312124910649416  0.08100200576569265  0.08556593786332614
  0.08912887582553743  0.09262314858362453  0.09596574906887957  0.10045626193942966
  0.10884893264391282  0.12380526861032370  0.13973469093049118  0.15366095472608401
  0.16388726762315381  0.17147067991824003  0.17960155657114737  0.18773051376889785
  0.19559689156416854  0.20410460734673741  0.21660959648779937  0.22771778346548371
  0.23806687062545734  0.24793247814331021  0.25716699330554704  0.26710619587986345
  0.28000784688478930  0.29152574720180652  0.30283235704631395  0.31346750624677472
  0.32505731029568147  0.33654013043856024  0.34854578861220820  0.36401436938176923
  0.38053045542000563  0.39463418583138660  0.40663576867244894  0.41855776547878376
  0.42942581955929832  0.43975837646374466  0.45082952330851372  0.46293482709253714
  0.47389795067006135  0.48731866605441343  0.50080579557095395  0.51163055839973359
  0.52555758168329048  0.54232209166121581  0.55971418414889940  0.57655343523318803
  0.58896054477324200  0.60041493955523373  0.61228173135620845  0.62427840028582937
  0.63574301369925623  0.64740220919900993  0.66051372594313063  0.67243925512487879
  0.68206660405738218  0.69172966856321116  0.70228068164116353  0.71253295354824231
  0.72183211150779714  0.72961375308857790  0.74011684368548780  0.74951636359989338
  0.75943976181373318  0.76834839593069271  0.77989593726163586  0.79211231960210193
  0.80530774766012791  0.81614598437357111  0.82491508167783900  0.83333629533512754
  0.84227188879541848  0.85076981150054687  0.85853494648859707  0.86609339530395957
  0.87562567445435213  0.88888088095334405  0.90279775096652182  0.91451428791771583
  0.92488556388489895  0.93521728631127299  0.94552359777079875  0.95695365847714897
  0.96893745429093525  0.97997649105459672  0.98956899329451620  1.00000000000000000
  0.31541684047216328  0.64258711930613932  0.69800049442661960  0.74117887552761674
  0.78105772857817379  0.81268821379957989  0.84058985990132651  0.86297960810826724
  0.87950246110640373  0.89207170998812813  0.90392423272820166  0.91482616450092624
  0.92298909272694096  0.93023139005960409  0.93711514066559531  0.94233824139012823
  0.94667599093167420  0.95069900381965444  0.95471397590509732  0.95813189441370905
  0.96008064453493480  0.96180605775529793  0.96341582035035844  0.96506084645624890
  0.96666704602080733  0.96809494372231819  0.96942830854481743  0.97076899701057251
  0.97209163704006352  0.97330793191112774  0.97457729575488783  0.97582981029349181
  0.97700564529255218  0.97806289217736841  0.97904298239445275  0.97994696775776891
  0.98085778131826395  0.98169626911436492  0.98249275040669637  0.98326475100125710
  0.98401062390684702  0.98471374326680117  0.98538896120135466  0.98601550680039796
  0.98654168936015030  0.98702542202383881  0.98749855625832272  0.98798141886029545
  0.98848886823233328  0.98902945905710238  0.98957831177202427  0.99008406564968732
  0.99053304078824811  0.99096669673405247  0.99138676961497574  0.99180308556483188
  0.99216819310563997  0.99248883743199712  0.99281301656111864  0.99314142313370546
  0.99347713170227425  0.99379347053958778  0.99405617802008439  0.99431757452767155
  0.99457521326401788  0.99482647591037443  0.99508975638706310  0.99535403649853038
  0.99560589808079136  0.99585621766377330  0.99610518645045443  0.99634480266260061
  0.99657247178808805  0.99678356460185558  0.99696995852594306  0.99714609586879221
  0.99732030576581976  0.99749456126519853  0.99766887891540779  0.99782618973841020
  0.99797810481114968  0.99812204041041364  0.99826216434810178  0.99839920604171273
  0.99850986866920732  0.99861460517281120  0.99872430580821603  0.99883376775508415
  0.99893482592956995  0.99903688245481970  0.99914784585609073  0.99926185113242583
  0.99938278665198677  0.99953395380894106  0.99973703143302006  1.00000000000000000
   1.1483117588849800E-006  -1.0000000000000000     
 F F F F F F F F F F F F F F F F F F F F F F F F F F F F F F F F F F F F F F F F F F F F F F F F F F F F F F F F F F F F F F F F
  <DiscreteSampler_grid>
  grouped_processes
  1 # 1 for a reference and 2 for a running grid.
  10 # Attribute 'min_bin_probing_points' of the grid.
  1 # Attribute 'grid_mode' of the grid. 1=='default',2=='initialization'
  0.0000000000000000 # Attribute 'small_contrib_threshold' of the grid.
  0.5000000000000000 # Attribute 'damping_power' of the grid.
 # binID   n_entries weight   weight_sqr   abs_weight
    10   10   8.970677115762331E+001   5.472994230103424E+004   8.970677115762331E+001
  </DiscreteSampler_grid>
