  0.11731742780327792  0.25154832663221099  0.25309665326442199  0.25464497989663298
  0.25619330652884398  0.25774163316105497  0.25928995979326597  0.26083828642547696
  0.26238661305768796  0.26393493968989895  0.26548326632210995  0.26703159295432094
  0.26857991958653188  0.27012824621874287  0.27189062774689154  0.27383199442194894
  0.27577336109700634  0.27771472777206380  0.27965609444712120  0.28159746112217859
  0.28353882779723599  0.28548019447229345  0.28742156114735085  0.28936292782240824
  0.29130429449746564  0.29534808101060589  0.29987436346307444  0.30440064591554300
  0.30892692836801156  0.33606809384723357  0.35626904329806580  0.35877701182097460
  0.36128498034388334  0.36379294886679214  0.36630091738970089  0.36880888591260969
  0.37131685443551843  0.37382482295842723  0.37633279148133603  0.37884076000424477
  0.38134872852715357  0.38385669705006231  0.38636466557297111  0.38887263409587985
  0.39138060261878865  0.39388857114169740  0.39639653966460620  0.39890450818751499
  0.40141247671042379  0.40392044523333259  0.40642841375624139  0.40893638227915019
  0.41144435080205899  0.41395231932496779  0.41646028784787659  0.51936962925646835
  0.56570404416365561  0.57091722013527035  0.57613039610688510  0.58134357207849985
  0.58655674805011471  0.59176992402172945  0.59698309999334431  0.60219627596495917
  0.60740945193657392  0.61262262790818878  0.61783580387980352  0.62304897985141827
  0.69502924821219181  0.73508891630176976  0.74361060115038324  0.75213228599899673
  0.76065397084761033  0.76917565569622381  0.77769734054483741  0.78621902539345112
  0.83203694069204870  0.83604032066051603  0.83877903329782155  0.84151774593512707
  0.84425645857243259  0.84699517120973811  0.84973388384704363  0.85247259648434914
  0.85502441237625681  0.85727314255492459  0.85952187273359237  0.86177060291226015
  0.86401933309092793  0.86626806326959560  0.86851679344826338  0.87076552362693116
  0.87301425380559894  0.88808787381878584  0.96422224578439641  1.00000000000000000
  0.00001716189321545  0.00001730248669418  0.00001744308017291  0.00001758367365164
  0.00001772426713036  0.00001786486060909  0.00001800545408782  0.00001814604756655
  0.00001828664104528  0.00001842723452401  0.00001856782800273  0.00001870842148146
  0.00001897973313842  0.00001928714356216  0.00001959455398590  0.00001990196440964
  0.00002020937483338  0.00002051678525711  0.00002082419568085  0.00002113160610459
  0.00002143901652833  0.00004065818709141  0.00009186878864893  0.00020755320676238
  0.00044620584650999  0.00045488173524931  0.00046355762398864  0.00047223351272796
  0.00048090940146729  0.00048958529020661  0.00049826117894593  0.00050693706768526
  0.00051621603642683  0.00052617359047242  0.00053613114451800  0.00054608869856359
  0.00055604625260918  0.00056600380665477  0.00057596136070035  0.00058591891474594
  0.00059643945736114  0.00060703558755475  0.00061763171774836  0.00062822784794198
  0.00063882397813559  0.00064942010832920  0.00066001623852282  0.00067061236871643
  0.00069285313997737  0.00072016717033919  0.00074748120070102  0.00077453426647690
  0.00079684472116040  0.00081915517584390  0.00084146563052739  0.00086377608521089
  0.00088608653989439  0.00091670313072395  0.00094793215252514  0.00097916117432632
  0.00101039019612751  0.00104499850453431  0.00108084090428371  0.00111668330403311
  0.00115252570378250  0.00137442481821244  0.00146343934251638  0.00155426197030660
  0.00165642636674258  0.00175859076317856  0.00187449514015256  0.00199175200335264
  0.00205836537010765  0.00210150332433086  0.00214464127855408  0.00218777923277730
  0.00223091718700051  0.00227405514122373  0.00231719309544695  0.00235848897263408
  0.00239912163914133  0.00243975430564857  0.00248038697215581  0.00252101963866305
  0.00256165230517029  0.00260228497167753  0.00264291763818477  0.00333585672737951
  0.00753734369923846  0.01702826946161995  0.02927304781813250  0.02927304781814250
  0.02927304781815250  0.02927304781816250  0.02927304781817249  1.00000000000000000
  0.00001121806455028  0.00001136496261765  0.00001151186068501  0.00001165875875237
  0.00001180565681973  0.00001195255488709  0.00001209945295445  0.00001224635102181
  0.00001239324908917  0.00001266993037876  0.00001294766800346  0.00001322540562815
  0.00001350314325285  0.00001378088087755  0.00001405861850225  0.00001984837676910
  0.00002860996939795  0.00002910179268712  0.00002959361597629  0.00003008543926547
  0.00003057726255464  0.00003106908584381  0.00003156090913298  0.00003205273242215
  0.00003254876852486  0.00003311324752292  0.00003367772652097  0.00003424220551903
  0.00003480668451708  0.00003537116351514  0.00003593564251319  0.00003650012151125
  0.00003706460050930  0.00003767480640560  0.00003832267434162  0.00003897054227765
  0.00003961841021367  0.00004026627814970  0.00004091414608572  0.00004156201402175
  0.00004220988195777  0.00004430582285022  0.00010143506968475  0.00011652451957750
  0.00012127798846154  0.00012603145734558  0.00013105321980336  0.00013650890564016
  0.00014196459147697  0.00014742027731377  0.00015053300613911  0.00015335583717214
  0.00015617866820517  0.00015900149923819  0.00016182433027122  0.00016464716130424
  0.00016746999233727  0.00017038859746905  0.00017387881025036  0.00017736902303167
  0.00018085923581298  0.00018434944859429  0.00018783966137560  0.00019132987415691
  0.00019482008693823  0.00019880157026987  0.00020280738263615  0.00020681319500244
  0.00021081900736872  0.00021482481973501  0.00021883063210130  0.00022283644446758
  0.00029945026851619  0.00031029659905383  0.00032114292959146  0.00033198926012910
  0.00034327928658796  0.00035519650373032  0.00036711372087268  0.00037903093801504
  0.00039089969145652  0.00040259682059184  0.00041429394972716  0.00042599107886247
  0.00043768820799779  0.00057946919721360  0.00132646968741312  0.00303643073094914
  0.00695069933367984  0.01591082525623868  0.03642134594404858  0.08337164301366023
  0.10038793976406445  0.10038793976407445  0.10038793976408446  1.00000000000000000
  0.13861649831136064  0.37713614879558738  0.37927229759117476  0.38140844638676219
  0.38354459518234957  0.38568074397793695  0.38781689277352432  0.38995304156911176
  0.39208919036469914  0.39422533916028651  0.39647954682320846  0.39909319083800249
  0.40170683485279657  0.40432047886759059  0.40693412288238467  0.40954776689717870
  0.41216141091197278  0.41477505492676681  0.44781655215234600  0.56057427032097618
  0.56746266464514328  0.57251155665771380  0.57756044867028433  0.58260934068285486
  0.58765823269542550  0.59270712470799602  0.59775601672056666  0.60280490873313730
  0.60785380074570783  0.61290269275827836  0.61795158477084888  0.62300047678341952
  0.68766136492429830  0.69090931153460688  0.69415725814491547  0.69740520475522394
  0.70065315136553252  0.70390109797584111  0.70714904458614969  0.71039699119645827
  0.71364493780676685  0.71689288441707544  0.72014083102738413  0.72338877763769271
  0.72663672424800130  0.72988467085830988  0.73313261746861846  0.73638056407892705
  0.73962851068923552  0.74287645729954410  0.74612440390985268  0.74937235052016127
  0.75161812994436927  0.75362385654947028  0.75562958315457118  0.75763530975967219
  0.75964103636477309  0.76164676296987410  0.76365248957497500  0.76565821618007601
  0.76766394278517691  0.76966966939027792  0.77167539599537882  0.77368112260047983
  0.77568684920558084  0.77769257581068185  0.77969830241578275  0.78170402902088376
  0.78370975562598477  0.78571548223108567  0.78772120883618668  0.78972693544128769
  0.79173266204638859  0.79373838865148960  0.79574411525659050  0.79774984186169151
  0.79975556846679241  0.80176129507189342  0.80376702167699443  0.80577274828209533
  0.80777847488719634  0.80978420149229724  0.81178992809739825  0.87540069154299838
  0.87977066719305475  0.88414064284311122  0.88851061849316759  0.89288059414322396
  0.89704303510678740  0.90077308823710411  0.90450314136742083  0.90823319449773754
  0.91196324762805436  0.91569330075837108  0.91783190170923867  1.00000000000000000
  0.00835102399190264  0.02331536342364135  0.02579739351394945  0.02827942360425754
  0.03076145369456564  0.03324348378487374  0.03572551387518183  0.03820754396548993
  0.04068957405579803  0.04349557205532861  0.04651190879290287  0.04952824553047713
  0.05254458226805139  0.05556091900562565  0.05857725574319991  0.06159359248077417
  0.14656231001463646  0.23094943576972179  0.23665189931777991  0.24235436286583803
  0.24805682641389615  0.25375928996195424  0.25946175351001238  0.26516421705807047
  0.27086668060612862  0.27656914415418676  0.28227160770224496  0.28797407125030317
  0.31338801602388838  0.31834629958167832  0.32330458313946830  0.32826286669725824
  0.33322115025504823  0.33817943381283821  0.34313771737062820  0.34809600092841819
  0.35305428448620824  0.35801256804399817  0.36297085160178816  0.36792913515957809
  0.37288741871736808  0.43764889608747898  0.44041375900013169  0.44317862191278434
  0.44594348482543705  0.44870834773808976  0.45147321065074247  0.45423807356339518
  0.45700293647604784  0.45976779938870055  0.46253266230135331  0.46529752521400602
  0.46806238812665873  0.47082725103931150  0.47359211395196421  0.47635697686461692
  0.47912183977726969  0.48088410857148667  0.48262985435818717  0.48437560014488773
  0.48612134593158829  0.48786709171828879  0.48961283750498935  0.49135858329168991
  0.49310432907839041  0.49485007486509097  0.49659582065179153  0.49834156643849203
  0.50011680383891699  0.50245221344747948  0.50478762305604197  0.50712303266460446
  0.50945844227316694  0.51179385188172943  0.51412926149029192  0.51646467109885452
  0.51880008070741701  0.52113549031597950  0.52347089992454199  0.52580630953310448
  0.52814171914166708  0.53047712875022957  0.53281253835879205  0.53514794796735465
  0.53748335757591714  0.53981876718447963  0.56675280633727176  0.68692756468342264
  0.77363363427510845  0.78291223541048049  0.79199135635445161  0.79773885583000970
  0.80348635530556778  0.80601394573847451  0.80601394573848451  1.00000000000000000
  0.02930587132771813  0.03422527998189281  0.03914468863606751  0.04616111516210990
  0.05538350041355514  0.08996549502557379  0.21024618284128596  0.33052687065699815
  0.39841787000223899  0.40407269910501864  0.40972752820779834  0.41538235731057799
  0.42103718641335763  0.42669201551613722  0.43234684461891687  0.43800167372169646
  0.44365650282447611  0.44931133192725570  0.45496616103003529  0.47985627600062541
  0.48283716818634970  0.48581806037207403  0.48879895255779832  0.49177984474352260
  0.49476073692924694  0.49774162911497122  0.50072252130069550  0.50370341348641978
  0.50668430567214406  0.50966519785786835  0.51264609004359274  0.51562698222931702
  0.51860787441504130  0.52134106341754960  0.52334453441326301  0.52534800540897642
  0.52735147640468982  0.52935494740040323  0.53135841839611664  0.53336188939183005
  0.53536536038754345  0.53736883138325686  0.53937230237897027  0.54137577337468368
  0.54400118633146077  0.54673224047700386  0.54946329462254706  0.55219434876809015
  0.55492540291363324  0.55765645705917644  0.56038751120471952  0.56311856535026261
  0.56584961949580581  0.56858067364134890  0.57131172778689199  0.57404278193243519
  0.57677383607797827  0.57950489022352136  0.58223594436906456  0.65528297665510060
  0.67111495370771235  0.67602824824922914  0.68094154279074603  0.68585483733226282
  0.69076813187377972  0.69568142641529651  0.70059472095681341  0.70550801549833020
  0.71042131003984710  0.71533460458136400  0.72024789912288090  0.72516119366439780
  0.75139073612392904  0.81363378203981684  0.81593847701760513  0.81824317199539354
  0.82054786697318183  0.82285256195097012  0.82515725692875841  0.82746195190654670
  0.82976664688433510  0.83207134186212339  0.83407620100797830  0.83571816671358334
  0.83736013241918827  0.83900209812479321  0.84064406383039814  0.84228602953600318
  0.84392799524160811  0.84556996094721304  0.84721192665281808  0.84885389235842301
  0.85049585806402794  0.85178900162378945  0.85178900162379945  1.00000000000000000
 -0.00406427004274712  0.00217560977924172  0.00435121955848344  0.00652682933772516
  0.00870243911696687  0.01087804889620859  0.01305365867545031  0.01522926845469203
  0.01740487823393375  0.01958048801317546  0.02196539683748491  0.02463447279301105
  0.02730354874853719  0.02997262470406332  0.03264170065958946  0.03531077661511561
  0.03797985257064174  0.04064892852616788  0.11519215623643567  0.12722896904392927
  0.12965844191222861  0.13208791478052795  0.13451738764882726  0.13694686051712660
  0.13937633338542590  0.14180580625372524  0.14423527912202458  0.14666475199032392
  0.14909422485862325  0.15152369772692262  0.15395317059522196  0.15638264346352132
  0.15881211633182069  0.16124158920012002  0.16367106206841939  0.16610053493671872
  0.16838964256589062  0.17063610356744494  0.17288256456899923  0.17512902557055354
  0.17737548657210786  0.17962194757366215  0.18186840857521647  0.18411486957677076
  0.18636133057832507  0.19005948752959309  0.19524980403283063  0.20044012053606813
  0.20563043703930567  0.21082075354254320  0.21601107004578080  0.22120138654901836
  0.22639170305225595  0.28446979275686929  0.31453408000515654  0.31719601778629203
  0.31985795556742747  0.32251989334856296  0.32518183112969840  0.32784376891083383
  0.33050570669196933  0.33316764447310476  0.33582958225424026  0.33849152003537575
  0.34115345781651124  0.34381539559764673  0.34647733337878223  0.34913927115991772
  0.35180120894105316  0.35446314672218865  0.35712508450332414  0.35978702228445958
  0.36244896006559502  0.36511089784673051  0.36777283562786595  0.37043477340900144
  0.37309671119013688  0.40886927534089512  0.46336745403062263  0.47199082695996003
  0.48061419988929738  0.48923757281863467  0.49786094574797196  0.50648431867730925
  0.51510769160664660  0.56076742962631576  0.67960750858721353  0.79844758754811129
  0.91728766650900917  0.96271335951238035  0.96940436266637209  0.97609536582036394
  0.98234952160858480  0.98823301440572298  0.99411650720286104  1.00000000000000000
  0.01225697596867875  0.01398787534057941  0.01571877471248007  0.01744967408438073
  0.01918057345628139  0.02105482029470900  0.02596106704062544  0.03086731378654188
  0.03577356053245832  0.04067980727837475  0.13798532011746611  0.25855596979942547
  0.31400515162961912  0.31672894448096944  0.31945273733231977  0.32217653018367010
  0.32490032303502042  0.32762411588637080  0.33034790873772113  0.33307170158907146
  0.33579549444042178  0.33851928729177216  0.34124308014312255  0.34396687299447287
  0.34669066584582325  0.34941445869717364  0.35213825154852402  0.35486204439987434
  0.35758583725122467  0.36030963010257500  0.36303342295392538  0.36575721580527570
  0.36848100865662603  0.37120480150797636  0.37392859435932668  0.44814410837766921
  0.56265326864623011  0.56562678749837692  0.56860030635052372  0.57157382520267053
  0.57454734405481733  0.57752086290696414  0.58049438175911094  0.58346790061125775
  0.58644141946340456  0.58941493831555136  0.59238845716769828  0.59536197601984508
  0.59833549487199189  0.60130901372413870  0.60427296923444140  0.60700105975174146
  0.60972915026904162  0.61245724078634167  0.61518533130364184  0.61791342182094189
  0.62064151233824205  0.62336960285554210  0.62727268799059144  0.63292098532872720
  0.63856928266686297  0.64421758000499874  0.64986587734313450  0.65551417468127038
  0.66116247201940614  0.66690189107876785  0.67612182592290837  0.68534176076704889
  0.69456169561118952  0.70378163045533004  0.71300156529947056  0.72222150014361119
  0.75891419731472509  0.87948484699668439  0.91825582542237461  0.92055356606216965
  0.92285130670196458  0.92514904734175962  0.92744678798155455  0.92974452862134949
  0.93204226926114453  0.93434000990093946  0.93663775054073450  0.93799133305349536
  0.93877779272667461  0.93956425239985386  0.94035071207303300  0.94113717174621225
  0.94192363141939150  0.94271009109257076  0.94349655076575001  0.94428301043892915
  0.94506947011210840  0.94585592978528765  0.94637060562769570  1.00000000000000000
  0.72498541673024508  0.83835517217849609  0.84337701102365892  0.84839884986882175
  0.85342068871398447  0.85892609358719541  0.86451586266323255  0.87010563173926969
  0.88416674203892220  0.89832813422964541  0.90129225147145353  0.90425636871326165
  0.90722048595506977  0.91018460319687788  0.91314872043868600  0.91611283768049412
  0.91797902490378669  0.91959293297846645  0.92120684105314632  0.92282074912782608
  0.92443465720250595  0.92604856527718571  0.92766247335186558  0.92927638142654534
  0.93089028950122521  0.93250419757590508  0.93411810565058484  0.93573201372526471
  0.93734592179994447  0.93852399109914031  0.93965605965865517  0.94078812821817004
  0.94192019677768501  0.94305226533719988  0.94418433389671474  0.94531640245622972
  0.94644847101574459  0.94758053957525945  0.94871260813477443  0.94984467669428929
  0.95097674525380416  0.95210881381331913  0.95324088237283400  0.95437295093234886
  0.95550501949186384  0.95663708805137870  0.95776915661089357  0.95877939324697603
  0.95966859497682588  0.96055779670667585  0.96144699843652570  0.96233620016637555
  0.96322540189622541  0.96411460362607526  0.96500380535592523  0.96589300708577508
  0.96678220881562493  0.96767141054547479  0.96856061227532464  0.96944981400517460
  0.97033901573502446  0.97122821746487431  0.97211741919472416  0.97300662092457413
  0.97389582265442398  0.97478502438427383  0.97567422611412369  0.97656342784397354
  0.97745262957382351  0.97834183130367336  0.97922681474860507  0.98005774215866093
  0.98088866956871668  0.98171959697877254  0.98255052438882828  0.98338145179888414
  0.98421237920893989  0.98504330661899564  0.98587423402905150  0.98670516143910725
  0.98753608884916311  0.98836701625921886  0.98919794366927460  0.99002887107933046
  0.99085979848938621  0.99169072589944207  0.99252165330949782  0.99335258071955368
  0.99418350812960943  0.99501443553966518  0.99584536294972104  0.99667629035977678
  0.99750721776983264  0.99833814517988839  0.99916907258994425  1.00000000000000000
   2.8733110455904184E-010  -1.0000000000000000     
 F F F F F F F F F F F F F F F F F F F F F F F F F F F F F F F F F F F F F F F F F F F F F F F F F F F F F F F F F F F F F F F F
  <DiscreteSampler_grid>
  grouped_processes
  1 # 1 for a reference and 2 for a running grid.
  10 # Attribute 'min_bin_probing_points' of the grid.
  1 # Attribute 'grid_mode' of the grid. 1=='default',2=='initialization'
  0.0000000000000000 # Attribute 'small_contrib_threshold' of the grid.
  0.5000000000000000 # Attribute 'damping_power' of the grid.
 # binID   n_entries weight   weight_sqr   abs_weight
    10   10   2.089401439565470E+001   1.516277231057494E+003   2.089401439565470E+001
  </DiscreteSampler_grid>
