  0.19617099636248531  0.27266736010158604  0.27450138686983883  0.27633541363809161
  0.27816944040634439  0.28000346717459718  0.28183749394284996  0.28367152071110274
  0.28550554747935558  0.28733957424760836  0.28917360101586115  0.29100762778411393
  0.29311926373980435  0.29538660789547017  0.29765395205113604  0.29992129620680186
  0.30218864036246773  0.30445598451813360  0.30672332867379942  0.30899067282946530
  0.31125801698513111  0.31419299450211646  0.31793665226055701  0.32168031001899766
  0.32542396777743826  0.32916762553587886  0.33291128329431946  0.33696100325931955
  0.34104961209294304  0.34513822092656654  0.34922682976019004  0.35331543859381354
  0.35740404742743698  0.36149265626106042  0.36558126509468386  0.36966987392830730
  0.37375848276193080  0.39938076516265397  0.40636629313606926  0.41335182110948449
  0.42033734908289971  0.42732287705631494  0.43430840502973012  0.44129393300314529
  0.44827946097656046  0.45526498894997564  0.52030209273810246  0.63081121041095800
  0.68891878181926369  0.69183196225868737  0.69474514269811094  0.69765832313753451
  0.70057150357695808  0.70348468401638165  0.70639786445580532  0.70931104489522889
  0.71222422533465246  0.71513740577407614  0.71805058621349971  0.72096376665292339
  0.72387694709234696  0.72679012753177064  0.72970330797119420  0.73261648841061777
  0.73552966885004145  0.73844284928946502  0.74135602972888859  0.74426921016831216
  0.74718239060773572  0.75362540951934387  0.86413452719219930  0.93818009877857189
  0.94020351668016511  0.94222693458175821  0.94425035248335143  0.94627377038494453
  0.94829718828653775  0.95032060618813086  0.95234402408972407  0.95436744199131718
  0.95639085989291039  0.95835512501322984  0.95889986488265455  0.95944460475207927
  0.95998934462150398  0.96053408449092870  0.96107882436035341  0.96162356422977813
  0.96216830409920284  0.96271304396862756  0.96325778383805227  0.96380252370747699
  0.96434726357690170  0.96489200344632642  0.96533404819412982  1.00000000000000000
  0.00019676690803256  0.00020046317122383  0.00020415943441510  0.00020785569760637
  0.00021155196079764  0.00021524822398891  0.00022001952461256  0.00022553501089041
  0.00023105049716826  0.00023656598344611  0.00024208146972396  0.00044693628013067
  0.00066783983528851  0.00069430429806924  0.00072076876084997  0.00074866727863005
  0.00077823881418668  0.00080781034974332  0.00083926835600363  0.00087231175168570
  0.00090535514736778  0.00135903014989129  0.00253863838977098  0.00474611208588144
  0.00492055824868810  0.00499218060368992  0.00506380295869174  0.00513542531369356
  0.00520704766869538  0.00527867002369720  0.00535029237869902  0.00542181755297425
  0.00548414941421994  0.00554648127546563  0.00560881313671133  0.00567114499795702
  0.00573347685920272  0.00579580872044841  0.00585814058169410  0.00592047244293980
  0.00598280430418549  0.00604513616543119  0.00611331810343533  0.00618296806634636
  0.00625261802925739  0.00632226799216842  0.00639191795507945  0.00646156791799048
  0.00653121788090151  0.00660086784381254  0.00667051780672357  0.00674016776963460
  0.00681018194893978  0.00688045097371678  0.00695071999849379  0.00702098902327080
  0.00709125804804781  0.00716152707282481  0.00723179609760182  0.00730206512237883
  0.00737233414715584  0.00744260317193285  0.00751287219670985  0.00759048764696542
  0.00768709179833526  0.00778369594970510  0.00788030010107494  0.00797690425244478
  0.00807350840381462  0.00817011255518446  0.00826671670655430  0.00836332085792414
  0.00846090946576965  0.00856885547324469  0.00867680148071973  0.00878474748819477
  0.00889269349566981  0.00900063950314485  0.00910858551061989  0.00921653151809494
  0.00932447752556997  0.00943242353304501  0.01653123044325452  0.03093469935630861
  0.03332255627254848  0.03470100414063461  0.03607741632296688  0.03744640013890490
  0.03881538395484292  0.04385451651045270  0.05821550540187997  0.05821550540188997
  0.05821550540189997  0.05821550540190997  0.05821550540191997  1.00000000000000000
  0.00014027791394984  0.00014174335552323  0.00014320879709662  0.00014467423867001
  0.00014613968024339  0.00014760512181678  0.00014907056339017  0.00015053600496356
  0.00015200144653694  0.00015346688811033  0.00015493232968372  0.00015690546803821
  0.00015908982319224  0.00016127417834628  0.00016345853350031  0.00016564288865435
  0.00016782724380838  0.00017001159896242  0.00017219595411645  0.00021693507091877
  0.00024536802752243  0.00024920181075267  0.00025303559398292  0.00025686937721316
  0.00026070316044340  0.00026453694367365  0.00026837072690389  0.00027238751616640
  0.00027667140653096  0.00028095529689552  0.00028523918726008  0.00028952307762464
  0.00029380696798919  0.00029809085835375  0.00030237474871831  0.00030692349200753
  0.00031147512924751  0.00031602676648748  0.00032057840372746  0.00032513004096743
  0.00032968167820741  0.00033423331544738  0.00034026135564623  0.00035264508498853
  0.00036502881433083  0.00037741254367313  0.00039122801668142  0.00040506566362720
  0.00041890331057298  0.00068917140137723  0.00114857441234455  0.00116304122305399
  0.00117750803376343  0.00119197484447288  0.00120644165518232  0.00122090846589176
  0.00123537527660120  0.00124984208731065  0.00126430889802009  0.00127877570872953
  0.00129474798973113  0.00131091328319769  0.00132707857666425  0.00134324387013081
  0.00135940916359737  0.00137557445706393  0.00139173975053049  0.00140790504399706
  0.00142407033746362  0.00144134953422382  0.00145941272161933  0.00147747590901484
  0.00149553909641035  0.00151360228380586  0.00153166547120137  0.00154972865859688
  0.00156779184599239  0.00158585503338790  0.00191685895459604  0.00358509231601233
  0.00670189590857973  0.01254992437668440  0.02298305510036039  0.02388640471974024
  0.02478975433912008  0.02569248898221410  0.02658367646918652  0.02747486395615894
  0.02836605144313136  0.04369290150554690  0.04568439917871911  0.04568439917872911
  0.04568439917873911  0.04568439917874911  0.04568439917875911  1.00000000000000000
  0.00692224105199176  0.14792828855773976  0.15002324378214624  0.15211819900655274
  0.15421315423095922  0.15630810945536572  0.15840306467977222  0.16049801990417870
  0.16259297512858520  0.16468793035299167  0.16680964123493819  0.16938689236276600
  0.17196414349059383  0.17454139461842166  0.17711864574624947  0.17969589687407730
  0.18227314800190514  0.18485039912973295  0.18742765025756078  0.23114840195033531
  0.23434234500135404  0.23753628805237278  0.24073023110339151  0.24392417415441026
  0.24711811720542898  0.25031206025644770  0.25350600330746648  0.25669994635848520
  0.25989388940950392  0.26308783246052264  0.26628177551154142  0.26947571856256014
  0.27266966161357892  0.27586360466459764  0.27905754771561642  0.28225149076663519
  0.28544543381765397  0.28863937686867275  0.29785250288300258  0.41640529581870211
  0.53495808875440154  0.56593012572458345  0.57039828356701205  0.57486644140944065
  0.57933459925186925  0.58380275709429785  0.58827091493672645  0.59273907277915516
  0.59720723062158376  0.60167538846401236  0.60614354630644096  0.61061170414886956
  0.61507986199129816  0.61954801983372676  0.62401617767615536  0.71744921997398925
  0.75161501613397241  0.75384129743647743  0.75606757873898256  0.75829386004148769
  0.76052014134399271  0.76274642264649783  0.76497270394900296  0.76719898525150798
  0.76942526655401311  0.77165154785651824  0.77387782915902326  0.77610411046152838
  0.77833039176403351  0.78055667306653864  0.78278295436904377  0.78500923567154890
  0.78723551697405403  0.78946179827655905  0.79168807957906417  0.79391436088156930
  0.79614064218407443  0.79836692348657945  0.80059320478908458  0.80281948609158960
  0.80504576739409472  0.80727204869659985  0.80949832999910487  0.81172461130161000
  0.83682273995697154  0.84415372131090505  0.85148470266483856  0.85881568401877206
  0.86614666537270546  0.87347764672663897  0.88080862808057236  0.88813960943450576
  0.89547059078843927  0.96586905307811444  0.98337311640578107  1.00000000000000000
  0.10165530045827238  0.10662184911071999  0.10907703155477325  0.11153221399882650
  0.11398739644287975  0.11644257888693300  0.11889776133098626  0.12135294377503951
  0.12380812621909276  0.12652433900698851  0.12948682195191166  0.13244930489683482
  0.13541178784175795  0.13837427078668110  0.14133675373160426  0.14429923667652741
  0.19816357757461367  0.30669686255369982  0.35523307270643584  0.35712848628221017
  0.35902389985798450  0.36091931343375883  0.36281472700953316  0.36471014058530749
  0.36660555416108181  0.36850096773685614  0.37039638131263047  0.37229179488840480
  0.37418720846417919  0.37608262203995346  0.37797803561572785  0.37987344919150218
  0.38176886276727651  0.38366427634305084  0.38555968991882517  0.38745510349459950
  0.38935051707037382  0.39124593064614815  0.39314134422192248  0.39503675779769681
  0.39671931014853307  0.39824755400432488  0.39977579786011674  0.40130404171590855
  0.40283228557170037  0.40436052942749218  0.40588877328328399  0.40741701713907580
  0.40894526099486761  0.41047350485065948  0.41200174870645129  0.41352999256224310
  0.41505823641803491  0.41658648027382672  0.41926951855062766  0.42201650373662353
  0.42476348892261939  0.42751047410861531  0.43025745929461118  0.43300444448060704
  0.43575142966660296  0.43849841485259883  0.44124540003859475  0.44399238522459061
  0.44673937041058648  0.44948635559658240  0.45223334078257826  0.45498032596857413
  0.45772731115457005  0.54292270402898279  0.65145598900806878  0.73026823068904023
  0.73414708365951897  0.73802593662999783  0.74190478960047657  0.74578364257095531
  0.74966249554143405  0.75354134851191279  0.75742020148239153  0.76129905445287027
  0.76517790742334901  0.76905676039382775  0.77293561336430650  0.77681446633478535
  0.78069331930526409  0.78457217227574283  0.78845102524622168  0.81022383516700958
  0.91875712014609578  0.96258160466167042  0.96926806669907661  0.97595452873648292
  0.98224232926125443  0.98816155284083618  0.99408077642041792  1.00000000000000000
  0.16690396865208951  0.21412147076589658  0.21990960819845989  0.22569774563102324
  0.23178566636984502  0.23832198192796694  0.24485829748608887  0.27253993235573687
  0.37818078459600291  0.43862378993408097  0.44118669864119286  0.44374960734830476
  0.44631251605541661  0.44887542476252851  0.45143833346964035  0.45400124217675225
  0.45656415088386409  0.45912705959097599  0.46168996829808789  0.46425287700519979
  0.46681578571231169  0.46937869441942359  0.47194160312653549  0.47450451183364739
  0.47706742054075929  0.47963032924787119  0.48219323795498309  0.48475614666209493
  0.48731905536920683  0.48988196407631868  0.49244487278343058  0.49500778149054242
  0.49757069019765432  0.50550682984481776  0.58404213002013106  0.58673418967346669
  0.58942624932680243  0.59211830898013806  0.59481036863347381  0.59750242828680944
  0.60019448794014518  0.60288654759348081  0.60557860724681645  0.60827066690015219
  0.61096272655348782  0.61365478620682345  0.61634684586015909  0.61903890551349472
  0.62173096516683046  0.62442302482016609  0.62711508447350173  0.62980714412683736
  0.63249920378017299  0.63519126343350873  0.63788332308684437  0.64057538274018000
  0.64326744239351563  0.65078440134016158  0.68890969531620116  0.69107031724889845
  0.69323093918159573  0.69539156111429312  0.69755218304699040  0.69971280497968780
  0.70187342691238508  0.70403404884508247  0.70619467077777975  0.70835266491521576
  0.71025473342724210  0.71215680193926845  0.71405887045129479  0.71596093896332114
  0.71786300747534748  0.71976507598737383  0.72166714449940017  0.72356921301142652
  0.72547128152345286  0.72737335003547920  0.72925367178077949  0.73077538971947442
  0.73229710765816924  0.73381882559686418  0.73534054353555900  0.73686226147425393
  0.73838397941294875  0.73990569735164369  0.74142741529033851  0.74294913322903344
  0.74447085116772826  0.74599256910642320  0.74751428704511802  0.74903600498381295
  0.78871829551946093  0.89435914775972680  0.94707721869150796  1.00000000000000000
  0.00516596924622274  0.00780963088832310  0.01045329253042345  0.01309695417252381
  0.01574061581462416  0.01838427745672452  0.02113579454049187  0.02524464038875660
  0.02935348623702133  0.03346233208528606  0.03757117793355080  0.04168787606189835
  0.04821219920884060  0.05473652235578286  0.06126084550272512  0.14598742277651935
  0.24904920963807595  0.35211099649963251  0.39692276679997085  0.39881491375592915
  0.40070706071188744  0.40259920766784574  0.40449135462380403  0.40638350157976233
  0.40827564853572063  0.41016779549167892  0.41205994244763727  0.41395208940359557
  0.41584423635955386  0.41773638331551216  0.41962853027147040  0.42152067722742870
  0.42341282418338699  0.42530497113934529  0.42719711809530359  0.42908926505126183
  0.43098141200722012  0.43287355896317842  0.43476570591913671  0.43665785287509495
  0.43834999263941832  0.43988171763374434  0.44141344262807036  0.44294516762239639
  0.44447689261672241  0.44600861761104837  0.44754034260537440  0.44907206759970042
  0.45060379259402644  0.45213551758835246  0.45366724258267843  0.45519896757700445
  0.45673069257133048  0.45826241756565650  0.46093041673956564  0.46365357695316872
  0.46637673716677175  0.46909989738037483  0.47182305759397791  0.47454621780758099
  0.47726937802118402  0.47999253823478710  0.48271569844839013  0.48543885866199316
  0.48816201887559618  0.49088517908919921  0.49360833930280223  0.49633149951640532
  0.49905465973000834  0.56728406914563145  0.58518503585727344  0.58737828074880072
  0.58957152564032800  0.59176477053185528  0.59395801542338245  0.59615126031490973
  0.59834450520643701  0.60053775009796428  0.60273099498949156  0.60445854828406498
  0.60530357270436075  0.60614859712465652  0.60699362154495240  0.60783864596524817
  0.60868367038554394  0.60952869480583971  0.61037371922613548  0.61121874364643125
  0.61206376806672702  0.61290879248702279  0.61375381690731856  0.61405921379725137
  0.61405921379726136  0.61405921379727135  0.61405921379728134  1.00000000000000000
  0.12891113360722858  0.27311242807652331  0.27539152281971341  0.27767061756290345
  0.27994971230609350  0.28222880704928355  0.28450790179247365  0.28678699653566370
  0.28906609127885374  0.29134518602204384  0.29403794062402550  0.29679862671370755
  0.29955931280338960  0.30231999889307171  0.30508068498275376  0.30784137107243581
  0.31060205716211786  0.34557951502804507  0.36027346169138236  0.36691940898210235
  0.37356535627282228  0.38021130356354227  0.38685725085426226  0.39350319814498219
  0.40014914543570224  0.40679509272642228  0.41344104001714232  0.47114257978175017
  0.56276209500012264  0.56467626454741338  0.56659043409470411  0.56850460364199484
  0.57041877318928547  0.57233294273657620  0.57424711228386693  0.57616128183115767
  0.57807545137844829  0.57998962092573902  0.58190379047302976  0.58381796002032049
  0.58573212956761123  0.58764629911490196  0.58956046866219269  0.59147463820948343
  0.59338880775677416  0.59530297730406490  0.59721714685135552  0.59913131639864625
  0.60104548594593699  0.60295965549322772  0.60482871585006914  0.60662078171895639
  0.60841284758784364  0.61020491345673089  0.61199697932561814  0.61378904519450550
  0.61558111106339275  0.61737317693228000  0.61916524280116725  0.62095730867005450
  0.62274937453894175  0.62454144040782911  0.62843319729578351  0.63304698562385930
  0.63766077395193510  0.64227456228001090  0.64688835060808669  0.65150213893616260
  0.65611592726423840  0.66072971559231430  0.66534350392039010  0.74216118062044789
  0.75205622008728001  0.75427689272338416  0.75649756535948842  0.75871823799559257
  0.76093891063169683  0.76315958326780098  0.76538025590390524  0.76760092854000950
  0.76982160117611365  0.77181307629821727  0.77361274173297945  0.77541240716774162
  0.77721207260250391  0.77901173803726609  0.78081140347202826  0.78261106890679044
  0.78441073434155262  0.78621039977631491  0.78801006521107708  0.78980973064583926
  0.79160939608060144  0.80332243839899697  0.80332243839900697  1.00000000000000000
  0.61290973027547202  0.61368170096178210  0.61445367164809217  0.61522564233440225
  0.61599761302071232  0.61676958370702251  0.61754155439333258  0.61831352507964266
  0.61908549576595273  0.61985746645226281  0.62062943713857288  0.62140140782488296
  0.62217337851119314  0.62294534919750322  0.62371731988381329  0.62448929057012337
  0.62556449635920719  0.62723246139843880  0.62890042643767041  0.63056839147690213
  0.63223635651613375  0.63390432155536536  0.63557228659459697  0.63724025163382869
  0.63890821667306030  0.64057618171229191  0.64224414675152364  0.64391211179075525
  0.64558007682998686  0.64808013614054760  0.65072915425093603  0.65337817236132445
  0.65602719047171287  0.65867620858210130  0.66132522669248961  0.66397424480287803
  0.66662326291326646  0.76129073928336932  0.77416073908441474  0.77785455290139804
  0.78154836671838135  0.78524218053536465  0.78893599435234796  0.79210385112482962
  0.79378052894181195  0.79545720675879428  0.79713388457577661  0.79881056239275894
  0.80048724020974127  0.80216391802672349  0.80384059584370582  0.80551727366068815
  0.80719395147767048  0.80887062929465281  0.81054730711163514  0.81222398492861747
  0.81390066274559969  0.81557734056258202  0.81725401837956435  0.81893069619654668
  0.82060737401352901  0.82228405183051134  0.82396072964749356  0.82563740746447589
  0.82731408528145822  0.82899076309844055  0.83066744091542288  0.83234411873240521
  0.83407313537547090  0.83587746416578779  0.83768179295610468  0.83948612174642145
  0.84129045053673834  0.84309477932705523  0.84489910811737212  0.84670343690768890
  0.84850776569800579  0.85031209448832268  0.85211642327863946  0.85392075206895635
  0.85921297593959389  0.86505558257727921  0.87089818921496442  0.87674079585264963
  0.88258340249033485  0.88842600912802006  0.89426861576570538  0.91989005883424613
  0.92614146905451655  0.93239287927478698  0.93851693820695881  0.94407261089977379
  0.94962828359258877  0.95518395628540387  0.97295093933741250  1.00000000000000000
   2.2283308314119541E-010  -1.0000000000000000     
 F F F F F F F F F F F F F F F F F F F F F F F F F F F F F F F F F F F F F F F F F F F F F F F F F F F F F F F F F F F F F F F F
  <DiscreteSampler_grid>
  grouped_processes
  1 # 1 for a reference and 2 for a running grid.
  10 # Attribute 'min_bin_probing_points' of the grid.
  1 # Attribute 'grid_mode' of the grid. 1=='default',2=='initialization'
  0.0000000000000000 # Attribute 'small_contrib_threshold' of the grid.
  0.5000000000000000 # Attribute 'damping_power' of the grid.
 # binID   n_entries weight   weight_sqr   abs_weight
    10   10   2.379566614884369E+002   1.961576761308479E+005   2.379566614884369E+002
  </DiscreteSampler_grid>
