  0.00294926316452021  0.01326977937648895  0.02492569396225511  0.03635329879004036
  0.04720397649893850  0.05808724889276198  0.06912716007076213  0.08056442915996123
  0.09124622957510906  0.10299504148781663  0.11459235524357973  0.12616615120644356
  0.13679100330424063  0.14690101070618572  0.15681202108176168  0.16662275725492365
  0.17697017704347026  0.18808268653284108  0.20027806766730832  0.21275325497335648
  0.22469801051980653  0.23665670995391433  0.24841445899830530  0.25953640159725738
  0.27017194314119247  0.28063366436936843  0.29108157742882668  0.30127489912593008
  0.31144675984653153  0.32175671660371324  0.33224939574395085  0.34268164425843917
  0.35331903190098102  0.36447055622009100  0.37589498554301254  0.38752422436555745
  0.39882264665269529  0.41006192423110965  0.42191438155394423  0.43397064982528105
  0.44588725585564215  0.45727508687517110  0.46826701922280400  0.47886620128017587
  0.48942352443377529  0.50012799864026491  0.51081660013929209  0.52159342854895641
  0.53222940675811425  0.54265204805452694  0.55296609169326372  0.56374074510361061
  0.57521371147293487  0.58658203176256007  0.59771676830203402  0.60879150322924513
  0.62002063921120776  0.63093900174449269  0.64134604923907590  0.65152857427134503
  0.66163808437459304  0.67189636492640414  0.68179116355430580  0.69138855664058063
  0.70103833685855843  0.71114845148283579  0.72225992622888091  0.73328086437587792
  0.74334505412875496  0.75293638716283162  0.76251609283021271  0.77231995536373110
  0.78179632544714539  0.79165691518823766  0.80148385267822064  0.81123985959517453
  0.82061431816725017  0.83036749069338689  0.84096653038153524  0.85185510816706000
  0.86234086366954121  0.87194608253191097  0.88149135887063268  0.89147554782773908
  0.90200044668212886  0.91276062754572185  0.92314531588204496  0.93397779890290156
  0.94480311836302711  0.95532214180649855  0.96429113989270576  0.97202372511113488
  0.97958538731673361  0.98635021925240796  0.99208026507879232  1.00000000000000000
  0.00010034461495340  0.00011662687693860  0.00013480060918014  0.00015570892196474
  0.00018094977435586  0.00021080739317337  0.00024523280341800  0.00028425601517626
  0.00032720017279273  0.00037130855009044  0.00041775484867660  0.00046806774337356
  0.00052540014589871  0.00059007775322649  0.00065901336022129  0.00072842409635915
  0.00079926037006916  0.00087618232337506  0.00096059715303130  0.00104980974556012
  0.00114133560087059  0.00123728211379995  0.00133454099616236  0.00143475671619992
  0.00153926984301712  0.00164759032004251  0.00176155637936716  0.00188035452244298
  0.00200298970863314  0.00213013196213571  0.00226290163178924  0.00240082094551758
  0.00253687081872226  0.00268634253406245  0.00284465805454637  0.00301471419179307
  0.00319227070230234  0.00336823503621911  0.00354263600587366  0.00371836835425418
  0.00389922836248461  0.00411640733403093  0.00433853826396381  0.00456323516391076
  0.00479175295212003  0.00502635926336123  0.00526812752246648  0.00551889377708883
  0.00578318325038455  0.00606594639095953  0.00636800019664557  0.00668790707535203
  0.00700896424256204  0.00735757278562207  0.00771176882225796  0.00808216069455132
  0.00847889049523096  0.00889955502676565  0.00933323337440249  0.00977651469691489
  0.01023824464861846  0.01073524368100101  0.01128620123583225  0.01190128146059730
  0.01254123554814980  0.01319896334857823  0.01392659033013354  0.01469690919588920
  0.01551127090536590  0.01639960148759397  0.01736935114395146  0.01841400147726387
  0.01946140051543179  0.02066038710664055  0.02203131724122974  0.02354043284089722
  0.02511997546095892  0.02643761473439513  0.02786133384919105  0.02921817673008424
  0.03077139740669807  0.03256161264646990  0.03475758749821618  0.03773520612210226
  0.04142558196003850  0.04591014760351126  0.05138983628312312  0.05704707129692095
  0.06273661916270439  0.07035381904205958  0.07870335992562102  0.09300962544182229
  0.11601073094338699  0.16259000440870106  0.41782548250076945  1.00000000000000000
  0.00008115584730124  0.00008603870617344  0.00009014302316585  0.00009427304847538
  0.00009864828166560  0.00010327621041575  0.00010805265198469  0.00011289446715211
  0.00011742242214381  0.00012199224684816  0.00012741774120258  0.00013358070895888
  0.00013991636048983  0.00014693253901068  0.00015426410747838  0.00016166827479626
  0.00016899907958737  0.00017654768805476  0.00018479461886664  0.00019346110624936
  0.00020248154622327  0.00021199514925464  0.00022185638068071  0.00023265747572450
  0.00024407348341176  0.00025626451369875  0.00026904639195515  0.00028201006917640
  0.00029570977769053  0.00031042770204497  0.00032605251389981  0.00034320474910870
  0.00036018465548900  0.00037796202920549  0.00039613302162151  0.00041558157875064
  0.00043674934608046  0.00045903585408006  0.00048335758766330  0.00050885396123003
  0.00053543973029949  0.00056393836502541  0.00059490030539939  0.00062812388163928
  0.00066265219564029  0.00069969288010465  0.00073870467890108  0.00078115310384743
  0.00082619981883251  0.00087359117591753  0.00092418200652933  0.00097696257949435
  0.00103357520822386  0.00109577869738133  0.00116083879441036  0.00122941825893716
  0.00130060577474914  0.00137297970900367  0.00145239553021870  0.00153987239215338
  0.00163437162745274  0.00173754756893530  0.00185429207403449  0.00198209276290786
  0.00211685143171741  0.00226247684924683  0.00242326189212882  0.00259791420813048
  0.00278942106867845  0.00300237741274307  0.00323973545842588  0.00349826484142068
  0.00377920443585731  0.00409198188973532  0.00443450062179517  0.00480048331317977
  0.00521540630893888  0.00568564079151422  0.00619734535363564  0.00677085456485279
  0.00739608849279059  0.00811570742581149  0.00888701355088714  0.00975544245084088
  0.01085390277453015  0.01209386946411448  0.01385933227015169  0.01606969380763171
  0.01922073042408043  0.02295078121601754  0.02866487509996303  0.03756553741578503
  0.05278877889677328  0.08024117749693860  0.35013882928246925  1.00000000000000000
 -0.00132442063582481  0.00570350234277049  0.01220268455705141  0.01875725581704379
  0.02522019393393850  0.03147952416646466  0.03753984990560468  0.04371273960916605
  0.05012747463653591  0.05682673489844084  0.06369993302818579  0.07071278641344694
  0.07753810111414329  0.08413050566457907  0.09072267742891307  0.09743658210768702
  0.10440378084110498  0.11182782356686197  0.11923737692195660  0.12662892280623650
  0.13406480821116554  0.14169263137921212  0.14948819514178627  0.15776328437872403
  0.16610105410494097  0.17400164243122090  0.18172435075112159  0.18959471762562050
  0.19782006158119353  0.20610601793950978  0.21393563333603022  0.22114254065208239
  0.22823525242024992  0.23602406544156945  0.24483508062604584  0.25439017510199369
  0.26413921701314169  0.27388932513745601  0.28415856182470767  0.29439157432648250
  0.30424620873004543  0.31513478329712591  0.32673175910783159  0.33815712492621647
  0.34834970497669293  0.35741720854349524  0.36621360441653766  0.37532759592276421
  0.38463828300391600  0.39382785307865087  0.40276341147417938  0.41141930786871483
  0.42013957942364877  0.42917803522681286  0.43863448158086260  0.44862621947626041
  0.45910725711497824  0.46960537399135194  0.48000036918268429  0.49040403157289819
  0.50140381737197082  0.51302663223084710  0.52482439507775613  0.53669408271560659
  0.54886286429732367  0.56036154846775565  0.57174863918358199  0.58386114998425331
  0.59667022852013962  0.61035672186133305  0.62368635036387565  0.63785268364222836
  0.65221537909212057  0.66691023393606264  0.68050405860920316  0.69252969381282636
  0.70446084445559620  0.71773546167070057  0.73254028907339030  0.74786527791596824
  0.76373093530774372  0.77984445350487863  0.79524367381125061  0.81044445983762936
  0.82577341954932548  0.84247923310241457  0.85853850999823278  0.87434124848404460
  0.88898080361129961  0.90526035141200034  0.92046861773697886  0.93512608122442509
  0.95096775244836940  0.96741379407340566  0.98354514039580110  1.00000000000000000
 -0.00199602814655934  0.00941987884178604  0.01902502579498254  0.02880899942573211
  0.03829662626097814  0.04768970741361348  0.05783291108824423  0.06821989190847197
  0.07927301734816310  0.09046710913764675  0.10199405630290906  0.11353723788222050
  0.12424999196838239  0.13522099646313490  0.14564129686580432  0.15621868461452923
  0.16731253976409305  0.17908766894869446  0.19092113805391475  0.20151878295088613
  0.21153599661933495  0.22165006160319395  0.23215152102668557  0.24304150317679937
  0.25393951846743906  0.26462784871104156  0.27496525920828591  0.28479025891852155
  0.29475775245963293  0.30541132836909779  0.31638224743317550  0.32736254597323372
  0.33829839631668335  0.34936272159947029  0.36019264346516194  0.37082563961605497
  0.38169516279184890  0.39301536890635747  0.40457460455588967  0.41570806359949636
  0.42601855942273875  0.43590758221040615  0.44577838920596791  0.45590372692313413
  0.46646021151420081  0.47723004882709269  0.48802878693083890  0.49821365007234092
  0.50755958755061803  0.51665515072073653  0.52604324178583117  0.53523482286504698
  0.54407086718287778  0.55285323039375878  0.56228299142621663  0.57255959256922118
  0.58295669803801309  0.59329359776547974  0.60407829220074949  0.61532692124356492
  0.62640674307511235  0.63723779818388127  0.64844156592228552  0.65994003652577360
  0.67085680712928120  0.68137874918405894  0.69172755760679261  0.70193430164000070
  0.71225498553386268  0.72249800974556644  0.73369071658417029  0.74477042635635315
  0.75630514689388428  0.76861800860397400  0.78045435997505808  0.79187723905554219
  0.80325569118309292  0.81457278949645295  0.82530991556427569  0.83561162978747117
  0.84616084134780678  0.85650562964947907  0.86684482632142834  0.87681710417486425
  0.88656559378044664  0.89604192050696130  0.90590544834717834  0.91589601173045676
  0.92704983926507867  0.93750081485356496  0.94780562131179236  0.95768284468790688
  0.96774032175937674  0.97820678901716462  0.98896660546160930  1.00000000000000000
 -0.00178526749296987  0.00863725642608531  0.01755747854297894  0.02672469015946634
  0.03598096490576864  0.04518791165333866  0.05491148981337267  0.06444126805458589
  0.07466530828101073  0.08515484481335926  0.09597395160271620  0.10675818089491608
  0.11741243957389233  0.12840033741226428  0.13970963299693123  0.15078158844943218
  0.16193007576141069  0.17318543840380970  0.18444288071212644  0.19522290535060399
  0.20561455991378072  0.21650181228400633  0.22737642421769472  0.23830043127180545
  0.24894488454790195  0.25956580815475783  0.27041846343904918  0.28121531617467321
  0.29198329384941579  0.30240522130242931  0.31281538562219069  0.32357924244179942
  0.33454439482722836  0.34557376323019734  0.35642169130676205  0.36714994724374228
  0.37773802882817747  0.38793698999056869  0.39754297757275198  0.40660326603207619
  0.41575965218535360  0.42547968119925417  0.43565414561428539  0.44565879315744378
  0.45542845126101172  0.46568748711695646  0.47685390824183632  0.48827317013968641
  0.49948816374615490  0.51037337319794884  0.52057723730696548  0.53056378065101661
  0.54051911665909746  0.55075106458088208  0.56145410944255192  0.57222174510370494
  0.58303177719975607  0.59363282002557682  0.60414230364891186  0.61507925067399627
  0.62570789219285428  0.63664136561522300  0.64727195169849261  0.65825838285136062
  0.66940865627715818  0.68124070924344593  0.69284735516446527  0.70424086826651289
  0.71585957770209163  0.72674893282668196  0.73716069806171758  0.74753117599282481
  0.75843950843642449  0.76953129492960248  0.77979240273932182  0.79007695464232153
  0.80094647216978399  0.81241815157720820  0.82399858888242195  0.83499129890369361
  0.84576035468409316  0.85647969497435095  0.86717125267968942  0.87743718433974294
  0.88706012599756789  0.89644839232272566  0.90567808498123359  0.91544086993951990
  0.92549934430148850  0.93595638029263362  0.94638900676187609  0.95697694243350540
  0.96799577552161120  0.97849958868173870  0.98934435632270867  1.00000000000000000
  0.00144235810455173  0.00747300308996117  0.01110867589625464  0.01429989190015242
  0.01736890338440834  0.02027891814828933  0.02305480984201636  0.02575879870550659
  0.02849831444562900  0.03126849381637879  0.03397586599831453  0.03668549115698309
  0.03938872760567459  0.04209361863587341  0.04483138413704377  0.04760177910781190
  0.05043246160976574  0.05319439366988082  0.05592660870865585  0.05858964146470054
  0.06117640187123806  0.06376226185921813  0.06641325733756955  0.06906068417478632
  0.07175520140539161  0.07469593682708996  0.07761316135018632  0.08051980315460114
  0.08332148984623072  0.08619731274621688  0.08919055653439835  0.09226945806373001
  0.09534682237980596  0.09812027031799089  0.10097726466940213  0.10366528873961041
  0.10622811019148361  0.10903409727742715  0.11187186777537145  0.11507246691720349
  0.11871155746585690  0.12241972521609144  0.12583393119452471  0.12950064234958042
  0.13337451206156908  0.13731103432965069  0.14076281882122910  0.14420321771810682
  0.14772861609511684  0.15135454477439303  0.15496398359023145  0.15867123392465324
  0.16217819304592898  0.16521071647695512  0.16916540282952697  0.17402545525696422
  0.18071745209799531  0.18814029543095170  0.19428472552533926  0.19990019493377706
  0.20300854623824710  0.20522230388029392  0.20743380710501191  0.21012110679788454
  0.21470829225852464  0.22266364361444971  0.22948683610351278  0.23690783865160636
  0.24385374016735836  0.25146701731825377  0.26293400194161992  0.27534116536875430
  0.28746539992092002  0.29950611508080949  0.30807065500297731  0.31563148082199222
  0.32259953167501082  0.32856568658468838  0.33939291495600293  0.34624288066101566
  0.35288549102784739  0.36227981841199086  0.37684567553303755  0.39937501775472423
  0.41932314719651848  0.43541461005776977  0.45186866720030316  0.46431580001037420
  0.47189381041720568  0.47947182082403716  0.49019817582358310  0.50179105234208976
  0.51230147648431290  0.51886492631832615  0.52542837615233950  1.00000000000000000
 -0.00289102868333229  0.01469707913491656  0.02931494551473637  0.04395469182659151
  0.05918382565241696  0.07527611414615644  0.09252047867341738  0.10911583287024294
  0.12387795316491762  0.13777633300542930  0.15194121318631579  0.16641977327587962
  0.17961224075049698  0.19239744234511055  0.20474986476611040  0.21695557723938264
  0.22854253271205943  0.23989609529954012  0.25107798686392852  0.26231627743608643
  0.27280689998557245  0.28228913586917820  0.29118018865213413  0.29987709020966136
  0.30861430009109087  0.31724710816519019  0.32572987719069685  0.33416562330218053
  0.34220624156777280  0.34996186257876716  0.35793294186643915  0.36564613220108044
  0.37349619480769658  0.38090987566099122  0.38837476693024703  0.39600273902007471
  0.40406225510048305  0.41184485478068938  0.41917612403884097  0.42630101059267422
  0.43345492568909227  0.44056085250518917  0.44770804875584286  0.45498771961175000
  0.46259395984515539  0.47045648112328603  0.47827683489475403  0.48612608026392312
  0.49391339517420479  0.50162160628511132  0.50944612051938831  0.51750610285414123
  0.52563132256823253  0.53351567247385479  0.54108506790153477  0.54831647777880343
  0.55555861963416209  0.56316286430587936  0.57109361562600502  0.57915481866913932
  0.58716376559178241  0.59518859846673255  0.60321603255126166  0.61122051687489665
  0.61930329673391349  0.62754624720699692  0.63565806814022530  0.64393506982377358
  0.65262162677891167  0.66190819984780547  0.67154732114473925  0.68154373895595943
  0.69115168245691372  0.70086242719922343  0.71051613714482698  0.72040379963517998
  0.73094214076589692  0.74226903280152867  0.75370174382502242  0.76522707123413047
  0.77750934132593219  0.79084376072153617  0.80368920585900416  0.81668874634485367
  0.82915458377624718  0.84182395432762114  0.85384528194213472  0.86738189250753672
  0.88189525203613972  0.89787948091335890  0.91473280092182474  0.93217013541463101
  0.94985975589830596  0.96673224759781551  0.98319023455366150  1.00000000000000000
  0.14793204190593148  0.59759997347341709  0.62033421146279444  0.63971853749007135
  0.65624568916640802  0.67037495632804223  0.68172929107841407  0.69299252486082696
  0.70474052851932989  0.71703015545415816  0.72796682359144349  0.73765066737233476
  0.74714099008724622  0.75577047783554607  0.76408445874231712  0.77209089358672867
  0.77962379326731734  0.78662599584428428  0.79326429888124794  0.79945906446769099
  0.80559164562947883  0.81162162431159224  0.81719458705236780  0.82260679422683591
  0.82784715425149513  0.83289115653422530  0.83766272406161935  0.84238385560703966
  0.84693225710519826  0.85119804520951525  0.85513209217910247  0.85894891455004663
  0.86256301777755429  0.86624629633024919  0.86989867179604152  0.87370502737443589
  0.87729700727094884  0.88067498539988454  0.88389674956789666  0.88703972090222516
  0.89014209518315801  0.89320480991820950  0.89613739455088948  0.89898758711970705
  0.90178070767836394  0.90457062644118791  0.90730070968654764  0.90990783926103080
  0.91238913681389411  0.91481061153827437  0.91716866898627580  0.91948105826232029
  0.92181084967474258  0.92408367128719515  0.92632563463529460  0.92856516103677333
  0.93073364964210492  0.93289618836155097  0.93498030553497391  0.93700639565069599
  0.93890587455586605  0.94070757844352204  0.94248250189946980  0.94423314220968180
  0.94600004643690228  0.94778598452321505  0.94961836765839736  0.95144099154478412
  0.95320411271998595  0.95493687950046868  0.95666051263510066  0.95834936498074041
  0.95999029239703360  0.96157030924614828  0.96310132039015162  0.96466963483160972
  0.96628572598917750  0.96790909381213519  0.96947422738923827  0.97095636910839900
  0.97241728611843470  0.97377899801546819  0.97515324585326868  0.97652729998703369
  0.97788487631820209  0.97931103256640617  0.98077432553995547  0.98233620684850376
  0.98403156334426600  0.98580950454028426  0.98776180071322273  0.99010353028653886
  0.99269861863183639  0.99511708976174917  0.99746282591603785  1.00000000000000000
   1.0267674047579761E-007  -1.0000000000000000     
 F F F F F F F F F F F F F F F F F F F F F F F F F F F F F F F F F F F F F F F F F F F F F F F F F F F F F F F F F F F F F F F F
  <DiscreteSampler_grid>
  grouped_processes
  1 # 1 for a reference and 2 for a running grid.
  10 # Attribute 'min_bin_probing_points' of the grid.
  1 # Attribute 'grid_mode' of the grid. 1=='default',2=='initialization'
  0.0000000000000000 # Attribute 'small_contrib_threshold' of the grid.
  0.5000000000000000 # Attribute 'damping_power' of the grid.
 # binID   n_entries weight   weight_sqr   abs_weight
    10   10   9.635457183736582E+002   4.955515692838875E+006   9.635457183736582E+002
  </DiscreteSampler_grid>
