  0.00181515969294244  0.28422865934710928  0.29806040150477209  0.31243703082379365
  0.32346967140764599  0.33448760099418562  0.34550553058072536  0.35652346016726505
  0.36754138975380463  0.40759245514765891  0.44267951929465893  0.45004134821917191
  0.45740317714368489  0.46476500606819793  0.47212683499271096  0.47948866391722400
  0.48685049284173698  0.49421232176624996  0.52157300767237336  0.60442333634173806
  0.60583863938917348  0.60725394243660891  0.60866924548404433  0.61008454853147975
  0.61149985157891518  0.61291515462635060  0.61433045767378602  0.61574576072122145
  0.61716106376865687  0.61857636681609229  0.61999166986352772  0.62140697291096314
  0.62282227595839856  0.62423757900583399  0.62565288205326941  0.62706818510070483
  0.62848348814814026  0.62989879119557568  0.63131409424301110  0.63272939729044653
  0.63414470033788195  0.63556000338531737  0.63697530643275280  0.63839060948018822
  0.63980591252762364  0.64122121557505907  0.64263651862249449  0.64405182166992991
  0.64546712471736534  0.64673482929691661  0.64795101150724954  0.64916719371758247
  0.65038337592791551  0.65159955813824844  0.65281574034858136  0.65403192255891440
  0.65524810476924733  0.65646428697958026  0.65768046918991330  0.65889665140024622
  0.66011283361057915  0.66132901582091219  0.66254519803124512  0.66376138024157805
  0.66497756245191109  0.66619374466224401  0.66829280811753389  0.67095363172722466
  0.67361445533691555  0.67627527894660633  0.67893610255629722  0.68159692616598799
  0.68425774977567888  0.68691857338536966  0.68957939699506055  0.69224022060475132
  0.69490104421444221  0.69756186782413299  0.70022269143382387  0.70288351504351465
  0.70554433865320543  0.70820516226289632  0.80436393308030285  0.90525439598398383
  0.94042652436988083  0.94472776998624031  0.94902901560259978  0.95333026121895925
  0.95763150683531872  0.96075385093034482  0.96364632895559177  0.96653880698083883
  0.96943128500608577  0.97232376303133283  0.97461896003392445  1.00000000000000000
  0.00008895676666361  0.00009031770879266  0.00009145011669279  0.00009258252459291
  0.00009371493249303  0.00009484734039315  0.00009597974829328  0.00009711215619340
  0.00009824456409352  0.00009937697199364  0.00010081699592663  0.00010235766906934
  0.00010389834221205  0.00010543901535476  0.00010697968849747  0.00010852036164018
  0.00011006103478289  0.00012252689947502  0.00022233174495962  0.00040346659804553
  0.00053958826356816  0.00056281500498539  0.00058604174640261  0.00061168608632677
  0.00063763977431111  0.00066427476509665  0.00069327555810022  0.00072227635110379
  0.00102638639741667  0.00186443937568368  0.00338107514357778  0.00606523538737683
  0.00646873232741507  0.00688436771564208  0.00733523740486251  0.00781223780278727
  0.00831604206122469  0.00989316157174193  0.01073768002512679  0.01165961433630778
  0.01267430731539369  0.01790518353061176  0.01882767561425538  0.01929405987795791
  0.01976044414166044  0.02022682840536296  0.02071107983669120  0.02123222016556936
  0.02175336049444752  0.02227450082332567  0.02279564115220383  0.02335953151234623
  0.02394185656814285  0.02452418162393947  0.02510650667973609  0.02679598862564942
  0.04859125710653229  0.06262605146869042  0.06312847034073114  0.06363088921277185
  0.06413330808481257  0.06463572695685328  0.06513814582889399  0.06564056470093471
  0.06614298357297542  0.06664540244501614  0.06714782131705685  0.06765024018909757
  0.06815265906113828  0.06865507793317899  0.06915749680521971  0.06965903440708747
  0.07009573616847968  0.07053243792987188  0.07096913969126409  0.07140584145265630
  0.07184254321404851  0.07227924497544072  0.07271594673683293  0.07315264849822514
  0.07358935025961735  0.07402605202100956  0.07446275378240177  0.07489945554379397
  0.07533615730518618  0.07577285906657839  0.07620956082797060  0.07664626258936282
  0.07708296435075503  0.07751966611214724  0.09250245360322125  0.16762495617774811
  0.23500924072588528  0.23500924072589527  0.23500924072590526  1.00000000000000000
  0.00059842691425068  0.00060469046530734  0.00061095401636400  0.00061721756742065
  0.00062348111847731  0.00062974466953397  0.00063600822059063  0.00064227177164728
  0.00064853532270394  0.00065479887376060  0.00066292557478454  0.00067275578349774
  0.00068258599221093  0.00069241620092413  0.00070224640963732  0.00071207661835052
  0.00072190682706371  0.00073173703577691  0.00103744685298146  0.00132634862468279
  0.00140400090450354  0.00146737077576947  0.00152323625819760  0.00157910174062572
  0.00163922218646514  0.00170164658229360  0.00176407097812205  0.00183311487728864
  0.00190585152817604  0.00197858817906344  0.00211564544496578  0.00227820200039550
  0.00245424557418208  0.00264647851501207  0.00324932109316207  0.00543919692749054
  0.00912706501748437  0.01529883637566034  0.02299171366071223  0.02317604706941924
  0.02336038047812625  0.02354471388683327  0.02372904729554028  0.02391338070424729
  0.02409771411295430  0.02428204752166132  0.02446638093036833  0.02465071433907534
  0.02483504774778235  0.02501938115648936  0.02520371456519637  0.02538804797390339
  0.02557238138261040  0.02576376290800002  0.02595998414234975  0.02615620537669948
  0.02635242661104920  0.02654864784539893  0.02674486907974866  0.02694109031409839
  0.02713731154844811  0.02733353278279784  0.02752975401714757  0.02772597525149730
  0.02792219648584703  0.02811841772019676  0.02831463895454648  0.02851086018889621
  0.02870104599586358  0.02887285262061269  0.02904465924536180  0.02921646587011090
  0.02938827249486001  0.02956007911960912  0.02973188574435822  0.02990369236910733
  0.03007549899385644  0.03024730561860555  0.03041911224335465  0.03059091886810376
  0.03076272549285287  0.03093453211760197  0.03110633874235108  0.03127814536710019
  0.03144995199184929  0.03162175861659840  0.03179356524134751  0.03196537186609662
  0.04505912416457593  0.04914674372258084  0.04914674372259084  0.04914674372260084
  0.04914674372261084  0.04914674372262084  0.04914674372263084  1.00000000000000000
  0.00995903809865312  0.01681346502924897  0.02666128513599970  0.04075422694809903
  0.13402517383080334  0.22956167755738724  0.24036526717504947  0.25045213635080010
  0.25463117318040140  0.25881021001000271  0.26298924683960401  0.26716828366920531
  0.27099612374566018  0.27231971152045170  0.27364329929524323  0.27496688707003475
  0.27629047484482627  0.27761406261961780  0.27893765039440932  0.28026123816920084
  0.28158482594399237  0.28290841371878389  0.28423200149357541  0.28555558926836694
  0.28687917704315846  0.28820276481794999  0.28952635259274151  0.29084994036753303
  0.29217424895427374  0.29349971901432403  0.29482518907437433  0.29615065913442462
  0.29747612919447497  0.29880159925452526  0.30012706931457556  0.30145253937462585
  0.30277800943467620  0.30410347949472649  0.30542894955477679  0.30675441961482708
  0.30807988967487743  0.30940535973492772  0.31073082979497801  0.31205629985502836
  0.31342625094678356  0.31481858456699491  0.31621091818720620  0.31760325180741750
  0.31899558542762885  0.32038791904784014  0.32178025266805144  0.32317258628826279
  0.32456491990847408  0.32595725352868543  0.32734958714889673  0.32874192076910802
  0.33013425438931937  0.33152658800953066  0.33291892162974196  0.40269307681740779
  0.50144523800824015  0.52293472430179644  0.52554947062784385  0.52816421695389126
  0.53077896327993879  0.53339370960598620  0.53600845593203361  0.53862320225808114
  0.54123794858412855  0.54385269491017596  0.54646744123622348  0.54908218756227090
  0.55169693388831831  0.55431168021436572  0.55692642654041313  0.55954117286646055
  0.56215591919250796  0.56477066551855548  0.56738541184460289  0.57000015817065031
  0.57261490449669772  0.57522965082274513  0.57784439714879254  0.58045914347483996
  0.58307388980088748  0.62845838645565655  0.63568073562261518  0.64290308478957392
  0.64967971663443780  0.65615205399772836  0.66262439136101903  0.70374351642748878
  0.80249567761832130  0.82717377344767251  0.82717377344768250  1.00000000000000000
  0.04448526700337734  0.05291380355732183  0.06134234011126632  0.06468302690883315
  0.06721363263171419  0.06974423835459523  0.07227484407747627  0.07480544980035730
  0.07733605552323834  0.07986666124611938  0.08239726696900042  0.08493442318248071
  0.08747542482874193  0.09001642647500314  0.09255742812126436  0.09509842976752558
  0.09763943141378680  0.10018043306004801  0.10272143470630923  0.10526243635257043
  0.10780343799883163  0.11034443964509281  0.11288544129135400  0.11542644293761520
  0.11796744458387638  0.12050844623013757  0.12304944787639877  0.14773369092645128
  0.24556821166494083  0.34340273240343028  0.44123725314191969  0.50053746324216586
  0.50188325467904293  0.50322904611592001  0.50457483755279708  0.50592062898967416
  0.50726642042655123  0.50861221186342831  0.50995800330030550  0.51130379473718257
  0.51264958617405965  0.51399537761093672  0.51534116904781380  0.51668696048469087
  0.51803275192156795  0.51937854335844502  0.52072433479532210  0.52207012623219917
  0.52341591766907625  0.52476170910595343  0.52610750054283051  0.52745329197970758
  0.52879908341658466  0.53014487485346173  0.53149066629033892  0.53283645772721600
  0.53418224916409307  0.53552804060097015  0.53687383203784722  0.53821962347472441
  0.53956541491160148  0.54091120634847856  0.54225699778535563  0.54360278922223271
  0.54494858065910978  0.54629437209598686  0.54764016353286393  0.54898595496974112
  0.55033174640661819  0.55167753784349527  0.55302332928037234  0.55436912071724942
  0.55571491215412649  0.55706070359100357  0.55840649502788064  0.55975228646475772
  0.56109807790163480  0.56244386933851187  0.57578281900888240  0.58964375393136259
  0.60350468885384301  0.61736562377632320  0.64700196566873414  0.65194810214288001
  0.65689423861702589  0.66184037509117177  0.66677117709078981  0.67108444220681174
  0.67539770732283366  0.67971097243885559  0.68402423755487740  0.70649643778451776
  0.80433095852300729  0.90041337556532774  0.91090208689371743  1.00000000000000000
  0.06129717429478963  0.12943695184758430  0.13387390369516858  0.13831085554275288
  0.14274780739033716  0.14737268404000362  0.15242662368911997  0.15748056333823632
  0.16253450298735267  0.18338347441352418  0.27503886601222172  0.31398661208699197
  0.31650082704251070  0.31901504199802944  0.32152925695354811  0.32404347190906685
  0.32655768686458558  0.32907190182010432  0.33158611677562300  0.33409726939659767
  0.33660144604260822  0.33910562268861877  0.34160979933462932  0.34411397598063986
  0.34661815262665047  0.34912232927266101  0.35162650591867156  0.35413068256468211
  0.35663485921069260  0.35913903585670315  0.36164321250271370  0.36414738914872419
  0.36665156579473474  0.36915574244074523  0.37165991908675577  0.37416409573276632
  0.38178743764405731  0.39197578761060364  0.45278586676681265  0.54444125836551038
  0.63609664996420789  0.72775204156290563  0.77154991343363799  0.77290204203586543
  0.77425417063809299  0.77560629924032054  0.77695842784254809  0.77831055644477565
  0.77966268504700320  0.78101481364923075  0.78236694225145831  0.78371907085368586
  0.78507119945591342  0.78642332805814097  0.78777545666036852  0.78912758526259608
  0.79047971386482363  0.79183042936054138  0.79317099027715465  0.79451155119376804
  0.79585211211038143  0.79719267302699481  0.79853323394360820  0.79987379486022159
  0.80121435577683497  0.80255491669344825  0.80389547761006164  0.80523603852667502
  0.80657659944328841  0.80791716035990180  0.80925772127651519  0.81059828219312857
  0.81193884310974196  0.81311288934685200  0.81416704800759243  0.81522120666833298
  0.81627536532907341  0.81732952398981384  0.81838368265055439  0.81943784131129482
  0.82049199997203537  0.82154615863277580  0.82260031729351635  0.82365447595425678
  0.82470863461499733  0.82576279327573776  0.82681695193647831  0.82787111059721874
  0.82892526925795917  0.82997942791869972  0.83103358657944015  0.83208774524018070
  0.83314190390092113  0.90095784982869909  0.90436649719874063  1.00000000000000000
  0.00083482976643762  0.00300943331665143  0.00518403686686525  0.00735864041707906
  0.00953324396729287  0.01170784751750669  0.01388245106772050  0.01605705461793432
  0.01823165816814813  0.02040626171836195  0.02303944013806386  0.02578468764568798
  0.02852993515331210  0.03127518266093621  0.03402043016856033  0.03676567767618445
  0.03951092518380857  0.04330880311626356  0.05095600400318286  0.05860320489010216
  0.06625040577702146  0.07389760666394075  0.08154480755086005  0.08919200843777941
  0.09683920932469879  0.10858987380539917  0.19130682254320827  0.20628984657637356
  0.22127287060953896  0.23625589464270433  0.25874744689826590  0.36453583289830738
  0.45849809810300390  0.45995171876835156  0.46140533943369921  0.46285896009904681
  0.46431258076439447  0.46576620142974212  0.46721982209508978  0.46867344276043743
  0.47012706342578509  0.47158068409113274  0.47303430475648039  0.47448792542182799
  0.47594154608717565  0.47739516675252330  0.47884878741787096  0.48030240808321861
  0.48175602874856621  0.48320964941391387  0.48466327007926147  0.48611689074460912
  0.48757051140995677  0.48902413207530437  0.49047775274065203  0.49193137340599963
  0.49338499407134728  0.49483861473669494  0.49629223540204254  0.49774585606739019
  0.49919947673273779  0.50065309739808539  0.50210671806343310  0.50356033872878070
  0.50501395939412830  0.50646758005947601  0.50792120072482361  0.50937482139017121
  0.51082844205551892  0.51228206272086652  0.51373568338621411  0.51518930405156171
  0.51664292471690942  0.51809654538225702  0.51955016604760462  0.53323821195676546
  0.63902659795680683  0.69371394054233870  0.70518324045820635  0.71665254037407411
  0.72812184028994187  0.73959114020580952  0.75978108949498457  0.85464662649424072
  0.85909940442537891  0.86355218235651710  0.86800496028765528  0.87245773821879358
  0.87539224088585843  0.87630642397732439  0.87722060706879046  0.87813479016025642
  0.87904897325172249  0.87996315634318845  0.87997717062632241  1.00000000000000000
  0.00160401662190755  0.00520255243705545  0.00880108825220335  0.01239962406735126
  0.01599815988249916  0.01959669569764706  0.02380793639491225  0.02833997581389355
  0.03287201523287485  0.03740405465185614  0.04256725065867859  0.05771597750947582
  0.06351987841088667  0.06501050071235483  0.06650112301382299  0.06799174531529115
  0.06948236761675931  0.07097298991822747  0.07246361221969563  0.07395423452116379
  0.07544485682263195  0.07693547912410011  0.07842610142556827  0.07991672372703644
  0.08140734602850459  0.08289796832997276  0.08438859063144093  0.08587921293290911
  0.08736983523437727  0.08886045753584546  0.09035107983731364  0.09184170213878180
  0.09333232444024998  0.09482294674171816  0.09631356904318633  0.09780419134465451
  0.09929481364612269  0.10078543594759087  0.10227605824905904  0.10376668055052722
  0.10525769980591693  0.10674886464244496  0.10824002947897299  0.10973119431550103
  0.11122235915202906  0.11271352398855711  0.11420468882508514  0.11569585366161317
  0.11718701849814121  0.11867818333466924  0.12016934817119727  0.12166051300772532
  0.12315167784425335  0.12464284268078138  0.18798388577696418  0.19078741818173772
  0.19359095058651127  0.19639448299128484  0.19919801539605839  0.20200154780083193
  0.20480508020560548  0.20760861261037902  0.21041214501515260  0.21321567741992617
  0.21601920982469974  0.21882274222947334  0.22162627463424692  0.22442980703902049
  0.22723333944379406  0.23003687184856764  0.23284040425334118  0.23564393665811473
  0.23844746906288827  0.24125100146766182  0.24405453387243536  0.24685806627720894
  0.24966159868198248  0.34348060761616483  0.43839700237346474  0.44615402664793569
  0.45391105092240658  0.46166807519687758  0.46942509947134858  0.47718212374581959
  0.48493914802029053  0.49269617229476148  0.50621124344565405  0.54940443845451203
  0.56101399514331984  0.57180307312084488  0.58247171556645527  0.68106047494447719
  0.78737364996297765  0.80764323870340982  0.80764323870341981  1.00000000000000000
  0.69032537539800010  0.75850542204016058  0.76701084408032116  0.77592295852267656
  0.78516703957812084  0.79523512715915234  0.80725469040690778  0.81927425365466311
  0.83129381690241844  0.84331338015017399  0.86220018585008151  0.87693889683942550
  0.87923236486713807  0.88152583289485065  0.88381930092256311  0.88611276895027569
  0.88840623697798826  0.89069970500570084  0.89299317303341330  0.89528664106112588
  0.89758010908883845  0.89987357711655103  0.90216704514426360  0.90446051317197618
  0.90675398119968875  0.90904744922740133  0.91134091725511390  0.91363438528282648
  0.91592785331053905  0.91811137569574020  0.92024264897982588  0.92237392226391146
  0.92450519554799715  0.92663646883208273  0.92876774211616842  0.93089901540025399
  0.93303028868433957  0.93516156196842526  0.93729283525251084  0.93858501853700504
  0.93978685875374623  0.94098869897048742  0.94219053918722850  0.94339237940396969
  0.94459421962071088  0.94579605983745196  0.94699790005419315  0.94819974027093434
  0.94940158048767542  0.95060342070441661  0.95180526092115769  0.95300710113789888
  0.95420894135464007  0.95541078157138115  0.95661262178812234  0.95781446200486353
  0.95900257719319892  0.96018026507826426  0.96135795296332949  0.96253564084839471
  0.96371332873345994  0.96489101661852517  0.96606870450359039  0.96724639238865573
  0.96842408027372096  0.96960176815878618  0.97077945604385141  0.97195714392891663
  0.97313483181398186  0.97431251969904720  0.97549020758411242  0.97666789546917765
  0.97784558335424288  0.97902327123930810  0.98000296173023893  0.98095520164784655
  0.98190744156545429  0.98285968148306191  0.98381192140066953  0.98476416131827726
  0.98571640123588489  0.98666864115349262  0.98762088107110024  0.98857312098870798
  0.98952536090631560  0.99047760082392333  0.99142984074153095  0.99238208065913858
  0.99333432057674631  0.99428656049435393  0.99523880041196167  0.99619104032956929
  0.99714328024717702  0.99809552016478464  0.99904776008239238  1.00000000000000000
   5.0122584885443635E-009  -1.0000000000000000     
 F F F F F F F F F F F F F F F F F F F F F F F F F F F F F F F F F F F F F F F F F F F F F F F F F F F F F F F F F F F F F F F F
  <DiscreteSampler_grid>
  grouped_processes
  1 # 1 for a reference and 2 for a running grid.
  10 # Attribute 'min_bin_probing_points' of the grid.
  1 # Attribute 'grid_mode' of the grid. 1=='default',2=='initialization'
  0.0000000000000000 # Attribute 'small_contrib_threshold' of the grid.
  0.5000000000000000 # Attribute 'damping_power' of the grid.
 # binID   n_entries weight   weight_sqr   abs_weight
    10   10   3.062734326688563E+002   4.945955239186540E+005   3.062734326688563E+002
  </DiscreteSampler_grid>
