  0.00354732838571672  0.01191474823449297  0.02255641101220665  0.03271032178647731
  0.04294463433797060  0.05368715565391859  0.06412090079866938  0.07395015030970291
  0.08399716160197081  0.09386573072173685  0.10432714085096219  0.11462227545198249
  0.12574812189298018  0.13722063185591651  0.14773435696327689  0.15681447503707749
  0.16569093563433471  0.17498392355340314  0.18501489413828892  0.19565605356521601
  0.20649792846976686  0.21870348918432386  0.23085083198574080  0.24116777668637873
  0.25107390741591623  0.26213384441705434  0.27360835910605963  0.28489627790424005
  0.29630292664396157  0.30798211378101847  0.31920195169071236  0.33049045142812156
  0.34158243140571504  0.35304816500749647  0.36529332087701610  0.37872627268543274
  0.39248367051120142  0.40709176842636391  0.42159742233994413  0.43592278295141029
  0.44784455035085302  0.45832974339836624  0.46835143032974558  0.47899312002513877
  0.48980802906742643  0.50097905766111694  0.51329249503372665  0.52458948573729991
  0.53480323963570253  0.54389232618132466  0.55346168795171313  0.56333406166393529
  0.57448464399348365  0.58618312213015833  0.59859357060615626  0.60997452862788815
  0.62042810023105766  0.63103527009112648  0.64147396337770368  0.65188368779969352
  0.66199563207020096  0.67227396486801538  0.68256427337045700  0.69296386281388955
  0.70421486624057272  0.71705400679922471  0.72774386178792638  0.73674204252171549
  0.74477865693724565  0.75408074078881182  0.76358692829792785  0.77377313973794604
  0.78346045555098331  0.79270123537168202  0.80224529192742000  0.81266684655471177
  0.82417445996904881  0.83609872575159006  0.84815004033664543  0.86012408252048089
  0.87171575971394266  0.88286402152152310  0.89362409534927001  0.90381146926066791
  0.91428240819844131  0.92431159008496844  0.93294453497611263  0.94201215058337628
  0.95126816441601136  0.96107995532834245  0.97000444049330325  0.97782635271723450
  0.98394966707787046  0.98858982042812948  0.99201409833559695  1.00000000000000000
  0.00000821761548619  0.00001082087992731  0.00001251777184578  0.00001471469277765
  0.00001750721332793  0.00002081005062343  0.00002456409188109  0.00002922450382212
  0.00003476273320885  0.00004094887715643  0.00004778376065734  0.00005559691941805
  0.00006409878869058  0.00007129865865333  0.00007818114041488  0.00008547299710591
  0.00009232011331493  0.00009966233761038  0.00010780540454720  0.00011670445741269
  0.00012711406879948  0.00013895958124201  0.00015186205560258  0.00016469786176077
  0.00017785300540786  0.00019068074628996  0.00020313126359152  0.00021554654305429
  0.00022812541740172  0.00024105682094747  0.00025467383294251  0.00026873627618805
  0.00028302183678520  0.00029733603022378  0.00031279463260162  0.00032936172125469
  0.00034722274542672  0.00036707311930829  0.00038970097787462  0.00041468705986041
  0.00043995002578633  0.00046381571768266  0.00048757390665120  0.00051129697478662
  0.00053898743889797  0.00056977164977088  0.00060178255592226  0.00063407437941038
  0.00066776026579627  0.00070413337060591  0.00074539741182594  0.00078557131436628
  0.00081754266270767  0.00084663284943953  0.00087590655530821  0.00090846172120015
  0.00095066330990154  0.00099220324811773  0.00103600774892060  0.00108005325479566
  0.00112311598856849  0.00116283310450906  0.00122837301276326  0.00129755527904042
  0.00138049290711124  0.00148139129508535  0.00159337094241631  0.00171555665944933
  0.00182169868607032  0.00192973941973007  0.00204030338717033  0.00217115193992961
  0.00231479187313131  0.00246601719214192  0.00262778628485392  0.00278255643559794
  0.00293365200143562  0.00309935146318802  0.00332482691610208  0.00363021935043955
  0.00403042544982954  0.00450091999106238  0.00495766148492779  0.00542740249168700
  0.00596390658214677  0.00664580448822581  0.00740813513262379  0.00833848987754263
  0.01124004002837293  0.01336394920571502  0.01581762055359627  0.02101386122042737
  0.02971304383994021  0.04160184781345198  0.06470604294111604  1.00000000000000000
  0.00000734706870310  0.00000766670676121  0.00000809954258660  0.00000858049615034
  0.00000911614003523  0.00000974666636835  0.00001043602956916  0.00001113461852835
  0.00001184044845776  0.00001260538945597  0.00001352002239734  0.00001449319667983
  0.00001538043234639  0.00001631012125433  0.00001734324751949  0.00001855544794479
  0.00001992966355123  0.00002120372731636  0.00002273119415218  0.00002431872824715
  0.00002595870750694  0.00002770493064372  0.00002959349243785  0.00003191942383833
  0.00003465829986137  0.00003769619460234  0.00004132569078979  0.00004514138776690
  0.00004928492419186  0.00005379330593050  0.00005875497677220  0.00006432335156647
  0.00006984558974618  0.00007502236018616  0.00008056397539558  0.00008661862660250
  0.00009378069379700  0.00010243422455211  0.00011162869080389  0.00012049520396569
  0.00012898265650984  0.00013744785699801  0.00014646491950097  0.00015674731562918
  0.00016860943314906  0.00018119218974228  0.00019534825308173  0.00021202007019260
  0.00023165908454556  0.00025628062372883  0.00028057850651298  0.00030382565688434
  0.00032693678300051  0.00035507623771339  0.00038891241230079  0.00042522494468817
  0.00045997134414194  0.00049962148629527  0.00054695699099883  0.00060223820727245
  0.00066485951226077  0.00073142098816333  0.00080633117081065  0.00088213365790117
  0.00096297149922386  0.00105775157045210  0.00117114430142108  0.00130547543419785
  0.00144767553530036  0.00156805913326311  0.00166361417903170  0.00177241186966220
  0.00192051296489045  0.00209028463246168  0.00223833540637894  0.00237209817132920
  0.00260815246089508  0.00283128879414950  0.00312095973389795  0.00345235829950734
  0.00379732252403460  0.00416308058948144  0.00446436376018293  0.00475898503974136
  0.00509398598865682  0.00557546999773719  0.00648743182589663  0.00788750158563232
  0.00990933209480314  0.01303284240121020  0.01936774264971700  0.02590818470078733
  0.03166470932022621  0.08909567951042324  0.16782508161442877  1.00000000000000000
 -0.00294117721280510  0.01494648342727650  0.03001193057440238  0.04613980788977809
  0.06309098635037497  0.07875175893881663  0.09501112623595334  0.11037483861913053
  0.12538695953440546  0.14054281490416326  0.15632435551454893  0.17318257764253392
  0.19077200616516299  0.20853255569284909  0.22540795774954195  0.24230706667716084
  0.25748862683382440  0.27072158541043900  0.28307576696849818  0.29553983960441571
  0.30805547374462761  0.32026891799552559  0.33173342261066091  0.34306645242962158
  0.35424180887728979  0.36519578609597336  0.37708312922049819  0.39048947470809120
  0.40520783620735856  0.42032236243019866  0.43550062190436833  0.45063130563844206
  0.46504107244342474  0.47741928027219976  0.48794408945206419  0.49788798237526199
  0.50790948901864319  0.51764993411747984  0.52733479730215671  0.53662501816948549
  0.54591266947764971  0.55490178515083866  0.56367096271008066  0.57304460691301240
  0.58272622463387824  0.59275754592101326  0.60357622094143593  0.61299588375733194
  0.62457684678018588  0.63619596927708777  0.64859270800162105  0.65868751047955854
  0.66939530607993436  0.68044206328644574  0.69090799608726572  0.69927086167232178
  0.70783492236709333  0.71665565405773279  0.72577371235908872  0.73365921274114243
  0.74116742332520125  0.74865565822472568  0.75611551607952732  0.76479409480319072
  0.77301836905827326  0.78117699570277632  0.78869805111869096  0.79647980875003033
  0.80406681615106168  0.81141291316474851  0.81882324605123336  0.82514037534577689
  0.83220490794178492  0.83941643375504005  0.84692813824418567  0.85440756996472056
  0.86246044349442874  0.87061072488937630  0.87867618213449228  0.88716498048739156
  0.89430003053027551  0.90105496381947658  0.90777714787071828  0.91448486495644532
  0.92108919309525550  0.92784232448586745  0.93433289295017741  0.94132893116443017
  0.94843993376635749  0.95549729769776193  0.96274336205731981  0.97036380616508311
  0.97802881056876612  0.98558118060591593  0.99302060104307288  1.00000000000000000
 -0.00184965938825702  0.00788708330833795  0.01625261877310651  0.02448075861614323
  0.03263371788175984  0.04144040882569916  0.05159183516744568  0.06481267362283391
  0.07975169748596725  0.09223264621648820  0.10447321661275301  0.11598399103467578
  0.12851940089351691  0.13923167144262388  0.15012448958873970  0.16096452659145330
  0.17101481252030135  0.18161214452723304  0.19132573316884821  0.20235156793477396
  0.21406122550518614  0.22583509513821093  0.23692469259599666  0.24744674258388880
  0.25856551184827475  0.27017132550936174  0.28150397960128043  0.29300623529364866
  0.30461333009222552  0.31526549285543726  0.32545092117733226  0.33636157211493523
  0.34846185457573170  0.36145929100460011  0.37464142796388750  0.38762047637979402
  0.40038965133303328  0.41297895441912852  0.42385168234262088  0.43413044258765315
  0.44376327349925931  0.45282122776009864  0.46174363552402281  0.47035237883102210
  0.47918200209929090  0.48557457985018837  0.49323159947516931  0.50088171479315879
  0.50916329014761452  0.51749185766407335  0.52532448102586182  0.53346105072792549
  0.54244676759722632  0.55203344087714112  0.56151629942004511  0.57106217829620487
  0.58047713254690925  0.58997735517214234  0.59992936585297407  0.61028744733451912
  0.62025187029534734  0.63014480286116348  0.63973021746793779  0.65080470751702935
  0.66264559566665682  0.67593565454251359  0.68796185423502632  0.70033362292005574
  0.71155118611288681  0.72164290127406616  0.73163169678403606  0.74166309816845255
  0.75170990391519033  0.76147792955287008  0.77134763297235798  0.78190707782548252
  0.79364503603859005  0.80559753871207318  0.81867051331386742  0.83267252317926599
  0.84596636698513306  0.85807912166291889  0.86880895206743314  0.87909828725262440
  0.88965173325876268  0.90088283853792084  0.91315426130126709  0.92493648673392470
  0.93648565919009519  0.94650262830610121  0.95637261263720807  0.96548304805133334
  0.97476844132700902  0.98347392053808025  0.99192910359696085  1.00000000000000000
 -0.00333871254011577  0.01050613108241777  0.02294000447182833  0.03516397807814851
  0.04760731105621953  0.05767139624312136  0.06854950359854681  0.07984784266708896
  0.09050324337437030  0.09954475325641120  0.10824883137574097  0.11747011852803092
  0.12722383987216054  0.13707871910955310  0.14701629580831732  0.15749189398810057
  0.16951169752226389  0.18203925108414942  0.19445813606903073  0.20715965542968517
  0.22033728920184120  0.23385446165660240  0.24679694905236116  0.25811906203372692
  0.26873620539891185  0.27937549557917429  0.29036337169544091  0.30007090244228596
  0.30807756666825897  0.31604619371243675  0.32419632161169915  0.33490030605466603
  0.34453916206867513  0.35440455192208076  0.36563533508961388  0.37696384499151858
  0.38747356716954950  0.39766564475907745  0.40784839043273829  0.41885286404384503
  0.43136383285015867  0.44454688563539235  0.45688750165462455  0.46867891733474210
  0.47986431666788454  0.49060300649302557  0.50112237968018603  0.51106741640372888
  0.52063100676825491  0.52877793765743764  0.53801922830454718  0.54856389653847504
  0.55880568991533730  0.56789707388827659  0.57709777363362669  0.58678561809809648
  0.59927683667532672  0.61068579343434803  0.62181509140789093  0.63276853954725243
  0.64312995868923883  0.65342934184786072  0.66348802172570454  0.67304280524024895
  0.68224325070129743  0.69290172396005689  0.70392626282819870  0.71444544488694428
  0.72395253642718416  0.73383812227179812  0.74454138270613379  0.75555459831422467
  0.76658764037126725  0.77606786183785259  0.78559080925788960  0.79465597665458299
  0.80522771101843105  0.81612366777659362  0.82576509786323682  0.83549901792900272
  0.84584628744938573  0.85693608472780636  0.86851118725183341  0.88065666461801195
  0.89355045289063706  0.90565221602795787  0.91582444410687913  0.92617968481949620
  0.93551750293435543  0.94541253916532397  0.95523049644757507  0.96558365707653504
  0.97587682311745461  0.98478578728853172  0.99238525368488673  1.00000000000000000
  0.00013771647382634  0.00061115155683762  0.00134520637067660  0.00217721228006637
  0.00293676879922543  0.00371824340123518  0.00451655582643741  0.00532510434056659
  0.00614882652593081  0.00700080780482772  0.00789675552297934  0.00882603173301805
  0.00971430487353559  0.01059354731412655  0.01146121400751238  0.01233382758017181
  0.01323772999521492  0.01414655106596239  0.01506811963956754  0.01599891880276782
  0.01687826837200394  0.01775079271711380  0.01865378378450089  0.01961071987723730
  0.02062363492707438  0.02163621059777101  0.02257833916902889  0.02355846878640863
  0.02459697906591412  0.02562117515624109  0.02659365900507253  0.02753744020725746
  0.02846467339163912  0.02944393104934846  0.03044495960189276  0.03140965824409359
  0.03239879005744343  0.03337918802502077  0.03425354256554233  0.03519453907399789
  0.03620913066557471  0.03723915617858697  0.03830127155164052  0.03939265475446883
  0.04056890378512300  0.04179707089617240  0.04283464087316084  0.04379042445885456
  0.04475139522354805  0.04567066202191247  0.04664445141481069  0.04776301044598363
  0.04903534950881520  0.05048806489783977  0.05191756760323683  0.05271417166249462
  0.05333821218873386  0.05402396537712732  0.05471416870401419  0.05537025687712863
  0.05601921864842604  0.05696751770917376  0.05813537797267369  0.05929188477857800
  0.06069483073443960  0.06223503593943694  0.06405624965971836  0.06581772969618600
  0.06771188678273533  0.06970854582293630  0.07184501466771206  0.07359792341579580
  0.07510389272243505  0.07653598349089122  0.07799587658635498  0.07967817501392077
  0.08174320295006454  0.08387106365621963  0.08647437658212760  0.08889375898122742
  0.09161260919891211  0.09458608801417910  0.09813893286166737  0.10296624399403950
  0.10661633985766418  0.11102582716002454  0.11511418331921748  0.12006814270719252
  0.12336532499285099  0.12681973155620074  0.13284048799077575  0.13942389941744254
  0.14982455197395786  0.16830234003439015  0.30014559112501682  1.00000000000000000
 -0.00385768763086277  0.01572699594598766  0.03303266333895748  0.04951106179488372
  0.06680651621951549  0.08312935853013242  0.09802964686192389  0.11314882617693205
  0.12936961896614596  0.14440271362037391  0.15871930861016870  0.17215014807015888
  0.18562892479283116  0.19768025622725907  0.20948762477681981  0.22157263263153376
  0.23377433804568590  0.24550829023383594  0.25665187422184937  0.26765950654335757
  0.27928544615975170  0.28944318101333832  0.29908538353767222  0.30834158443494264
  0.31751712841401131  0.32693714016446557  0.33633703206782656  0.34526679833091600
  0.35397378537196500  0.36318060459622842  0.37294599953407431  0.38274594097028619
  0.39246545475244904  0.40233350437969650  0.41260379686986676  0.42224802680293322
  0.43128705535530631  0.43980031616968240  0.44807790343873044  0.45653787677642976
  0.46559407928490198  0.47347822427659347  0.48063568150715991  0.48770016791167398
  0.49477992391161074  0.50168022263490475  0.50905178229226244  0.51640745530542276
  0.52292160684661348  0.52959520132572679  0.53660166867346148  0.54392628436158952
  0.55152874985221134  0.55919390717934281  0.56621030687343010  0.57273553707878688
  0.57950705677331316  0.58658314759829233  0.59368946561565883  0.60055516410912446
  0.60759148360661841  0.61558609360550043  0.62387280175301552  0.63190948007167280
  0.63993089782227963  0.64776499447011160  0.65603373079466487  0.66487894440887274
  0.67319889113204889  0.68109088140345442  0.68861207182618234  0.69586422938736114
  0.70389636297617919  0.71255419833387335  0.72211324991582260  0.73209323658046721
  0.74158838652138981  0.75172439307259387  0.76368686791366402  0.77573839261743893
  0.78755426289809571  0.79930690901204648  0.81077129800814163  0.82198184407568065
  0.83438366358851879  0.84911818174795972  0.86617657969487405  0.88211101150219906
  0.89528339944828561  0.90873068305785409  0.92275317929962275  0.93600549434206093
  0.95133549994451039  0.96676579442506705  0.98279343531522878  1.00000000000000000
  0.36011094830883883  0.59826783541833461  0.63747604592756391  0.66684517209898808
  0.69264108976107319  0.71488875195656532  0.73351321085874399  0.75013904045708735
  0.76555147717488758  0.77884196714456499  0.79099699513705712  0.80268628546721710
  0.81421056246276946  0.82414567637312730  0.83300865324544171  0.84060966067546772
  0.84784102381324977  0.85524197462518259  0.86193801277219440  0.86849674463046778
  0.87482198843677328  0.88053974310830063  0.88588076859601905  0.89068732283290020
  0.89515774531747327  0.89937462327931184  0.90344481769507456  0.90748104151581388
  0.91136252465032241  0.91518141253995433  0.91867403020811522  0.92186609311974022
  0.92497487260401157  0.92802032223299136  0.93106220431298348  0.93405510387989765
  0.93694356567937065  0.93947401555648935  0.94185633020390369  0.94402354247926545
  0.94611424427161317  0.94814949454922814  0.95022096896895725  0.95229873432247492
  0.95441637318841488  0.95651123200662835  0.95836782872621695  0.95985241672236876
  0.96113268745744729  0.96234066412239372  0.96349677423610280  0.96467656608379404
  0.96580381017279127  0.96701545911590614  0.96815472755774201  0.96924473549239831
  0.97028108180987827  0.97128473205009180  0.97226531849438869  0.97325037602572340
  0.97428217065973000  0.97534480630822762  0.97639672133373401  0.97731615891907098
  0.97823942074611303  0.97909622840479904  0.97987515211954634  0.98067926697131413
  0.98155775604295858  0.98241880129811576  0.98321887059829871  0.98406967931511202
  0.98491025061947901  0.98572170419606053  0.98650720343102660  0.98730367396560148
  0.98805853713523417  0.98880609649132400  0.98954742328391576  0.99026132941490830
  0.99093057564382647  0.99158299227899604  0.99218668449129999  0.99277457325621632
  0.99336162665331296  0.99395605897277994  0.99453736738049736  0.99503077703451015
  0.99549508293951716  0.99595493017757020  0.99643188155357931  0.99694515151316299
  0.99750834905052821  0.99814390669465192  0.99891425177953819  1.00000000000000000
   6.5228936302644854E-007  -1.0000000000000000     
 F F F F F F F F F F F F F F F F F F F F F F F F F F F F F F F F F F F F F F F F F F F F F F F F F F F F F F F F F F F F F F F F
  <DiscreteSampler_grid>
  grouped_processes
  1 # 1 for a reference and 2 for a running grid.
  10 # Attribute 'min_bin_probing_points' of the grid.
  1 # Attribute 'grid_mode' of the grid. 1=='default',2=='initialization'
  0.0000000000000000 # Attribute 'small_contrib_threshold' of the grid.
  0.5000000000000000 # Attribute 'damping_power' of the grid.
 # binID   n_entries weight   weight_sqr   abs_weight
    10   10   5.831590027682940E+002   1.143655177817694E+006   5.831590027682940E+002
  </DiscreteSampler_grid>
