  0.00270430394938390  0.01430334673946889  0.02700856978889054  0.04017400792440394
  0.05138744181948409  0.06229983722040787  0.07228035190170436  0.08217303270800301
  0.09202233427846243  0.10174849959408482  0.11111966011183261  0.12038935412121907
  0.13047427492972499  0.14026553532269551  0.14863029770160160  0.15705065137896515
  0.16619005490968120  0.17752540014910317  0.18812650026679248  0.19846512331665486
  0.20874233302403403  0.21819189088751073  0.22771976458115351  0.23820341559052982
  0.25007243319648575  0.26155306587837268  0.27297435152178390  0.28401631563537860
  0.29503554426007589  0.30649460073758578  0.31771252594524030  0.32914217380330535
  0.34081831781093508  0.35281234810340339  0.36542257830797326  0.37860796692987747
  0.39088179636143644  0.40319659647203032  0.41461007962765040  0.42538426294234566
  0.43581571272629377  0.44606339352418251  0.45622278822637530  0.46571203119653254
  0.47541487021690526  0.48625258452722314  0.49855349956895412  0.51184866812029539
  0.52471724728109992  0.53787857653116922  0.55006869726269969  0.56158313193673237
  0.57223353627190743  0.58350583578728332  0.59633622492685268  0.60830400875779211
  0.61868124323656015  0.62537133785535071  0.63227742536723230  0.63960377725664541
  0.64755992589961942  0.65679127411212246  0.66726559854932144  0.67694983241638096
  0.68726879397675245  0.69759517068520216  0.70741592228937533  0.71765236364199991
  0.72912848368736882  0.74241896175581490  0.75482090273908009  0.76545976157616924
  0.77507321844902310  0.78451424340395348  0.79428339103669132  0.80494807392563661
  0.81640259440096774  0.82840312872374300  0.84031954609124926  0.85197648482379040
  0.86256823503811519  0.87300824005557964  0.88265607414276170  0.89374392050669205
  0.90432553335051291  0.91512687778737178  0.92458573125068499  0.93348702261164995
  0.94226708991703378  0.95187831556412517  0.96270601078199280  0.97285455595961268
  0.98087733713307279  0.98724391935465139  0.99228380376223990  1.00000000000000000
  0.00000837113357623  0.00001146048290473  0.00001410096216401  0.00001706575392470
  0.00002075537887116  0.00002602219104475  0.00003166869580419  0.00003812687314618
  0.00004560523626723  0.00005467810714169  0.00006385342457505  0.00007310146875204
  0.00008305324828063  0.00009385692638303  0.00010657621835359  0.00011871416333731
  0.00013087060833120  0.00014408691649199  0.00015911684663150  0.00017566039013307
  0.00019171186721691  0.00020727626439143  0.00022350597479676  0.00024088757582481
  0.00025962123997726  0.00027817254389026  0.00029790370708205  0.00031968057265399
  0.00034206533505861  0.00036379672708840  0.00038673720920808  0.00041320182133534
  0.00044148402791790  0.00047022224117381  0.00049874958109821  0.00053025930141666
  0.00056468135897498  0.00059975814052146  0.00062622150881363  0.00065199593064676
  0.00068002570903735  0.00070968926619365  0.00074041966646571  0.00078420576003382
  0.00082944374638406  0.00087372953072355  0.00091671899693774  0.00096076210518568
  0.00100690511228509  0.00105763026828252  0.00111380178859736  0.00117609978501082
  0.00124895897707219  0.00132481389368052  0.00140764484852796  0.00149431721515461
  0.00158579686178716  0.00168098298842585  0.00177694367450030  0.00187966976794014
  0.00199084123778835  0.00211806479721646  0.00226853422201255  0.00242643529332969
  0.00259279327400430  0.00275882335398855  0.00292125332691095  0.00309458982503893
  0.00328757414118890  0.00350521850300488  0.00375258843157803  0.00402796226417963
  0.00431955278155424  0.00463055579055503  0.00494979544841594  0.00529547687508421
  0.00569888508757060  0.00605828161940795  0.00648141427237088  0.00692484005285684
  0.00738288929214254  0.00786463367702693  0.00838108347310540  0.00891216226913869
  0.00950157936904059  0.01021482639718583  0.01115245611781917  0.01256966838958408
  0.01453392089379315  0.01779867133089583  0.02390826546874402  0.02956741940136696
  0.03618476415378998  0.04345690922757181  0.08456737103298391  1.00000000000000000
  0.00000722470065105  0.00000785449323317  0.00000834228170974  0.00000880225397768
  0.00000935022588383  0.00000999495198021  0.00001070698937838  0.00001146215639683
  0.00001226051975381  0.00001317917154781  0.00001414876583394  0.00001517524967320
  0.00001626338402330  0.00001745620500252  0.00001875787745675  0.00002013954428849
  0.00002158085403611  0.00002309785526064  0.00002471079751227  0.00002643590866609
  0.00002823800949186  0.00003012031023308  0.00003235676042859  0.00003503441567386
  0.00003850804248686  0.00004259466990402  0.00004698000445256  0.00005167843422439
  0.00005681410481692  0.00006255657974208  0.00006844060945447  0.00007413320561410
  0.00008024682966690  0.00008688702487502  0.00009447597221476  0.00010334128930695
  0.00011312004483451  0.00012376099310610  0.00013419038870099  0.00014425650603694
  0.00015659134826562  0.00017100029511914  0.00018698074483965  0.00020450941013421
  0.00022439368958953  0.00024665048563083  0.00027131923380376  0.00029810630244342
  0.00032485867799232  0.00035347868717827  0.00038418656680472  0.00042126539029718
  0.00046254104144235  0.00050640081144395  0.00055360161954368  0.00060375618866627
  0.00065779927862912  0.00071704365624345  0.00077087995369091  0.00082440106274332
  0.00088312639876971  0.00094251652083728  0.00100357872105743  0.00110194738028400
  0.00119240680965124  0.00128594059749549  0.00139417486803221  0.00152018021983765
  0.00166669668640114  0.00187550100343738  0.00216167496931018  0.00248092339601589
  0.00282255173581902  0.00320105780354004  0.00366644404074996  0.00425983472235666
  0.00478450088319279  0.00520531578992539  0.00566286670139879  0.00614743170876339
  0.00666872882561523  0.00741726350018133  0.00858829466120687  0.00980953015420618
  0.01067929187755723  0.01146638538622460  0.01247546335566334  0.01363538526817011
  0.01548191532828403  0.01722240035152102  0.01931422348580327  0.02184423506424137
  0.02662005749909090  0.03597233387646995  0.10621363641236500  1.00000000000000000
 -0.00129805894421104  0.00530194999809371  0.01267740196399991  0.01991348003155584
  0.02720165809666130  0.03577477340039546  0.04435465318580697  0.05275717432352879
  0.06102235128053752  0.06950781904693139  0.07807661027057183  0.08681979347205530
  0.09509620939974281  0.10360119019184162  0.11275606131520730  0.12334925924856979
  0.13524020265364756  0.14641160708612325  0.15692414206965377  0.16715826306664705
  0.17745767698544698  0.18796616650311948  0.19889607848884239  0.20926545850268991
  0.21828953580338220  0.22724028213998695  0.23671108138331534  0.24593283175671096
  0.25511986923919150  0.26423211031197025  0.27425610035832082  0.28521036042936743
  0.29610743141346785  0.30651693962286120  0.31606993498761898  0.32369323858205984
  0.33203282938746459  0.34023558582034630  0.34881348157909436  0.35732473056191072
  0.36573724611668074  0.37464571976644828  0.38395724795612951  0.39406109413826690
  0.40383731019227986  0.41268272678739271  0.42157588561714676  0.43275045198939521
  0.44271976256217888  0.45258892270024786  0.46279748126709402  0.47398376191200914
  0.48623028429993581  0.49798299365325144  0.50929428894718642  0.52121781308886617
  0.53435627467499824  0.54717225289589766  0.55811804327758163  0.56876244074689830
  0.57768136182268948  0.58695697503519506  0.59636984272651095  0.60609148533347135
  0.61660026953967662  0.62761091516782108  0.63949565066498082  0.65258375812289537
  0.66697852522990830  0.68157239465339037  0.69460700813825615  0.70512778680207633
  0.71604135979662453  0.72716972874665775  0.73925695294674487  0.75266610180857474
  0.76630811253456477  0.77932476726201372  0.79076316729160878  0.80197160511944221
  0.81323575013329963  0.82429120278025092  0.83483544688486488  0.84600518539703706
  0.85802222607736656  0.87062590808528528  0.88543993438297286  0.89564982375419322
  0.90581177461403584  0.91692879473051581  0.92669237542258520  0.93778291833433947
  0.95225306037640611  0.96768342376244765  0.98409897374471778  1.00000000000000000
 -0.00246787001884181  0.00977099640442674  0.02034248484155870  0.03062207632369451
  0.04047938645045668  0.05012808581505507  0.06080518273916392  0.07356956105785695
  0.08735662539317018  0.10088633196244416  0.11269733568895710  0.12283924083015917
  0.13290774092558921  0.14323109413940457  0.15370638154598132  0.16391007960951290
  0.17389427376086428  0.18355095626863258  0.19345209945635533  0.20384608151031114
  0.21456516414013613  0.22537124221482580  0.23681720904834130  0.24870438960901275
  0.26014738720879732  0.27151238684545403  0.28378374616943969  0.29579403539053617
  0.30618404472320332  0.31612734384782698  0.32597205085770181  0.33619007008155893
  0.34647411196833006  0.35807927499117675  0.37000016002987529  0.38011095760416330
  0.38895539076448971  0.39959046453624480  0.41199753076358137  0.42318124472025892
  0.43297002737341883  0.44207240474572940  0.45171002680427674  0.46052777776858134
  0.47158138278841821  0.48379129800031229  0.49663301517852781  0.50845515367610361
  0.51925216959829978  0.53022617534146299  0.54127861142230327  0.55266240892469798
  0.56391487882661517  0.57494794906315505  0.58627553774900210  0.59790368734839927
  0.60922164669107159  0.62057146616570813  0.63153713156820601  0.64284394492288621
  0.65309801709595816  0.66326807495148876  0.67302105916577493  0.68222097680549054
  0.69177226377628853  0.70180411688837374  0.71306873483592481  0.72459532937823856
  0.73541000192552508  0.74492115137207793  0.75220094496883594  0.75948121650595335
  0.76676358711155956  0.77387114237909949  0.78064901700314970  0.78974599365658660
  0.79969437957252387  0.80963842257966301  0.82030563605014661  0.83162314255129344
  0.84266395062764243  0.85362306513988029  0.86474633605841156  0.87549764610136571
  0.88547219282872680  0.89528071975493295  0.90569294878686857  0.91702817733472419
  0.92890468778687274  0.94016066529554865  0.95007028280373951  0.95937844516078519
  0.96844511945353395  0.97821719850113431  0.98866095762348061  1.00000000000000000
 -0.00222417368764405  0.00941021919640884  0.02083034123160322  0.03249322609041025
  0.04414496802657918  0.05556262483053406  0.06657344194649899  0.07691919368764613
  0.08717976110164709  0.09783636615648794  0.10902574556737425  0.12146989402532940
  0.13517112669221629  0.14793060765733462  0.15739909686207218  0.16593469991841303
  0.17443586261669322  0.18450147276440343  0.19346906828763238  0.20302058719856519
  0.21331147782525506  0.22594249330979904  0.23925792515150060  0.25290638102992363
  0.26566803375126685  0.27768150309827810  0.28940342618482501  0.30020827390453730
  0.31071694630080593  0.32116283973735443  0.33173359333608321  0.34261277785387678
  0.35476662081366039  0.36734687482156603  0.37925427220689045  0.39070743613477238
  0.40237031601959278  0.41298483326383556  0.42172580794152881  0.42950724486285102
  0.43700911403921244  0.44604728456583687  0.45463501577802590  0.45995755854343090
  0.46513184017512965  0.47013458082473308  0.47503378598981760  0.47988939674520736
  0.48813577246632006  0.49701157990304801  0.50610964206111897  0.51644352272632099
  0.52762002429953569  0.53861021603416614  0.54989536501704117  0.56096293806690867
  0.57251430535801162  0.58209928779724607  0.59202513083026875  0.60115476730510697
  0.61248170620783149  0.62428169734554018  0.63709970684444039  0.64979178355730383
  0.66212532451585882  0.67250513238162402  0.68245984624516254  0.69294056062722786
  0.70432350873512262  0.71501204587111311  0.72471378578053636  0.73506157243479675
  0.74631764162904346  0.75822071008134695  0.77092759197051242  0.78306463384822356
  0.79452141538340459  0.80471365380681825  0.81478487984871506  0.82432297168839908
  0.83391637853139722  0.84339350710100791  0.85331619839344997  0.86459294696365685
  0.87462319263196220  0.88485967276833466  0.89502127764688577  0.90668158165462309
  0.91866878918461436  0.93038880586636075  0.94237840422345120  0.95418860105652625
  0.96539604903607101  0.97653065760666669  0.98782432246159524  1.00000000000000000
 -0.00003385923252355  0.00120281195680438  0.00269423870698062  0.00409405937182738
  0.00536159381672740  0.00658189025930768  0.00778468633850196  0.00901576018668729
  0.01029841869607330  0.01155285365423155  0.01275652526360704  0.01395846989009842
  0.01519294444695911  0.01649151806089958  0.01784817000540058  0.01925067389976861
  0.02060730376925233  0.02190242824871075  0.02317342429377460  0.02438348512792986
  0.02550131446121718  0.02654497036485106  0.02756582017540227  0.02866120170243677
  0.02984732972269868  0.03104873678178345  0.03229469899277173  0.03366905495606583
  0.03499298832157946  0.03628507272683547  0.03734419461532993  0.03840005846390006
  0.03945074582107768  0.04060864524160181  0.04176801206624401  0.04285980235486562
  0.04403210906776178  0.04513717304080999  0.04622047849431644  0.04719250081213049
  0.04807074388986027  0.04890330919170306  0.04974468179140608  0.05075101779155475
  0.05166391682049579  0.05259445635233688  0.05350703271671382  0.05447401360994833
  0.05551441581217421  0.05649633967367947  0.05746241151213884  0.05843446856046694
  0.05949888864317211  0.06057395338356870  0.06187377752112082  0.06328514299958672
  0.06505797981350449  0.06667903125896640  0.06790899863967291  0.06895515974403799
  0.07002999717521705  0.07117351858402729  0.07249870568264465  0.07373896808102122
  0.07477349050962438  0.07581192195599727  0.07692054275979683  0.07807583230353277
  0.07925487243114260  0.08047779995956593  0.08182020581874457  0.08363349876888418
  0.08650067707743732  0.08998201966309471  0.09167171051090654  0.09307098682218913
  0.09432751104483707  0.09560730477345980  0.09681228796482029  0.09785809641958731
  0.09888061651153629  0.09979575321771117  0.10156784190869093  0.10933826498991966
  0.11287343179448629  0.11670898633197951  0.12316520167188513  0.15768409507190290
  0.16467960971684251  0.16942492620600305  0.17326077868818407  0.17709663117036509
  0.23377478631921544  0.29143264390671864  0.61352885071473295  1.00000000000000000
 -0.00227307147664371  0.01160745323764599  0.02372889534966080  0.03714674809378242
  0.05062036048782384  0.06366612069725293  0.07720102903973881  0.09150944711542933
  0.10722044005158106  0.12263951493365706  0.13704005176647382  0.15069791835323884
  0.16247353682517393  0.17286097419928381  0.18320831068833601  0.19252912999959038
  0.20216517597769970  0.21204430928771167  0.22293791992594270  0.23409205617763676
  0.24396938592968193  0.25438276368859580  0.26632243941530959  0.27828998937592264
  0.28905781779068868  0.29891001641571768  0.30703867935293444  0.31468392683621660
  0.32223007087468508  0.33033044294141328  0.33916748762588061  0.34856787341191187
  0.35739874352485862  0.36554439045779369  0.37379857375520148  0.38282674831838742
  0.39300079779859531  0.40231836322998665  0.41087636525581400  0.41885014704445894
  0.42622435108048196  0.43165683041286651  0.43585609130777364  0.44018200554811837
  0.44413037536243183  0.44757000561539872  0.45300826807164885  0.45896702591342864
  0.46516576598370651  0.47225248313445639  0.47916687488914400  0.48836200861311146
  0.49759954785573401  0.50658299097292936  0.51536046664814306  0.52381539791206866
  0.53180002433438522  0.53982979145065668  0.54784831113613264  0.55609012290954551
  0.56427582678636767  0.57181743768779836  0.57886627997035833  0.58605411975552446
  0.59360133179925267  0.60139228756897500  0.60924672849921591  0.61764284660388924
  0.62712043469916301  0.63825536894029289  0.64965555339963921  0.66117609718888248
  0.67301203349429983  0.68439094546503620  0.69450761790802318  0.70400336024600085
  0.71501788211724193  0.72781172139019323  0.74152163190331588  0.75380393730090012
  0.76637793256693021  0.77852975888291676  0.79071165340445082  0.80261579924048909
  0.81498857588426321  0.82900088935554950  0.84339833599154357  0.85758513324175012
  0.87237705738540638  0.88937641491912467  0.90721716397782992  0.92497690944754707
  0.94256768263886281  0.96034473289492783  0.97959511223793050  1.00000000000000000
  0.40346268272618230  0.60818420194125622  0.64528390759221799  0.67504942487556296
  0.70020746425131086  0.72277619041613561  0.74176125314677666  0.75749571157307583
  0.77080647657588730  0.78361049766406210  0.79577992634533656  0.80678354616823411
  0.81706458485772604  0.82705512015276006  0.83620938125622468  0.84428243144380366
  0.85169041706695392  0.85850688374373507  0.86505240731537825  0.87157969548157921
  0.87733859454660768  0.88269802476560943  0.88785698528392931  0.89297318601129572
  0.89748247486130439  0.90152552286934440  0.90556285552017191  0.90969601842625014
  0.91356786760625486  0.91706681933006062  0.92035890159945921  0.92342735064679393
  0.92642215473409739  0.92919899127215311  0.93198651928068810  0.93478010241286924
  0.93753573879702679  0.94004043934938653  0.94236669408937745  0.94455770047740728
  0.94663833519059370  0.94863502178906589  0.95063834286520388  0.95267967804936826
  0.95475587132345185  0.95671694746524594  0.95859101460079499  0.96015045528136145
  0.96163402878468285  0.96305163073439681  0.96438566604568665  0.96567405119948113
  0.96697901641235084  0.96826492017002985  0.96956983756156745  0.97087847607456568
  0.97223125491917806  0.97355699950526386  0.97480238023890353  0.97594728160797795
  0.97699975069635059  0.97800596131349560  0.97899440034702778  0.97995179322444581
  0.98092552980472780  0.98190711138885101  0.98284021350300199  0.98373635840985230
  0.98459342534291217  0.98540469053043211  0.98618084044864807  0.98688200821442262
  0.98763301940066883  0.98834900733517961  0.98907720091553741  0.98979970624996683
  0.99048312025409346  0.99117276319055347  0.99176138039771256  0.99232179446875446
  0.99282975761832359  0.99326371601220742  0.99371012754000398  0.99416022896697753
  0.99461261073683915  0.99511431852284937  0.99552795132629512  0.99587956868725747
  0.99623488160010154  0.99659220276276339  0.99696655550152957  0.99734672081547671
  0.99790210203267127  0.99853121335186679  0.99920617633565023  1.00000000000000000
   2.1218837015972963E-006  -1.0000000000000000     
 F F F F F F F F F F F F F F F F F F F F F F F F F F F F F F F F F F F F F F F F F F F F F F F F F F F F F F F F F F F F F F F F
  <DiscreteSampler_grid>
  grouped_processes
  1 # 1 for a reference and 2 for a running grid.
  10 # Attribute 'min_bin_probing_points' of the grid.
  1 # Attribute 'grid_mode' of the grid. 1=='default',2=='initialization'
  0.0000000000000000 # Attribute 'small_contrib_threshold' of the grid.
  0.5000000000000000 # Attribute 'damping_power' of the grid.
 # binID   n_entries weight   weight_sqr   abs_weight
    10   10   2.050506388167147E+003   2.506481815568632E+007   2.050506388167147E+003
  </DiscreteSampler_grid>
