  0.00359537592949469  0.01024726275258258  0.01866337073609851  0.02742446304261956
  0.03653705376113583  0.04613732020376579  0.05546034159138628  0.06617887542079506
  0.07407341206837496  0.08175343646897580  0.08961371193005625  0.09789968802612421
  0.10795052123603202  0.11858558988391765  0.12929513231249484  0.13978254642324225
  0.14983104201809397  0.16011095744888226  0.17094670479653423  0.18203873003324694
  0.19382305439419201  0.20611645217688790  0.21904584076009240  0.23161994938702357
  0.24355200931723037  0.25505023106132879  0.26710878391695647  0.27993470621729444
  0.29371044019686399  0.30753752322792860  0.32040419403595027  0.33280652315972808
  0.34519378006157325  0.35737871108112323  0.36913604661700983  0.38065435183659424
  0.39195044746275987  0.40225207128165258  0.41134471940632877  0.41941226336762982
  0.42825644178166006  0.43795016214356330  0.45028192944222040  0.46068197849632608
  0.47053331591375319  0.48042672167845174  0.49156452412070883  0.50358560797293073
  0.51594464700112930  0.52926793186422438  0.54244196804369738  0.55467802595115956
  0.56544363414199506  0.57531647030363164  0.58496732755246350  0.59494128487376496
  0.60610942979313132  0.61796062939647212  0.62950773471120669  0.64133152353494927
  0.65278996963749747  0.66392932089965662  0.67234412633235563  0.68017683471744061
  0.68830940973784271  0.69706170199527240  0.70742098362607375  0.71868111460071415
  0.72969786655939284  0.74019430678461318  0.75070647320670736  0.75994386557844240
  0.76805977097738509  0.77479844183862523  0.78194001397697521  0.78984986140892144
  0.79863132858463326  0.80793898451980384  0.81795432357367837  0.82814010992431897
  0.83868231007088423  0.85107550717248703  0.86301041350417051  0.87325737638267364
  0.88250957315696799  0.89194518777712872  0.90179519619734949  0.91159804068943040
  0.92158573032457580  0.93196347221249187  0.94274980822778975  0.95360833271066170
  0.96396010609424054  0.97363236715000390  0.98302120595129816  1.00000000000000000
  0.00022063093665764  0.00058351627701167  0.00071179481510509  0.00084147387034317
  0.00097102115105714  0.00110239856114358  0.00123719492087998  0.00136261932048902
  0.00148384447602665  0.00160568157421612  0.00173407765683993  0.00187073899815180
  0.00202069270997825  0.00217483916702278  0.00231750736680540  0.00245647151903720
  0.00259853505769192  0.00274227332309852  0.00289589044456145  0.00306161702118979
  0.00324930451377288  0.00343530399147560  0.00362584207852103  0.00381811996151430
  0.00402367395147141  0.00424725910689377  0.00448652513284409  0.00473629171730714
  0.00497504720381302  0.00519614031888774  0.00541223512215489  0.00561737900235306
  0.00582712786426774  0.00604877400227206  0.00624691145346968  0.00644769734163225
  0.00666967407410432  0.00689378733581472  0.00714005846396878  0.00740624773377769
  0.00769197395190506  0.00800882843115702  0.00834028393545127  0.00868307765323231
  0.00907068110933356  0.00951417545615300  0.00997165849404928  0.01038187975071564
  0.01078429550549570  0.01114917650451430  0.01149091504600643  0.01190417549762331
  0.01237106082403799  0.01297377761651705  0.01366396799600854  0.01435876886780601
  0.01488882836728440  0.01557584902839942  0.01615464760151460  0.01660713132404239
  0.01703197823086208  0.01742377233980718  0.01780689980957192  0.01822749120307254
  0.01872368292405146  0.01950554123767152  0.02049702872515468  0.02144302363974947
  0.02252623548918842  0.02363274739639532  0.02463447564540030  0.02556203229083496
  0.02643009143479402  0.02726923378549220  0.02833116701125079  0.02946344817607196
  0.03083088979470518  0.03291044204530570  0.03494677404449004  0.03660408459293080
  0.03816053266968845  0.03960414514550117  0.04083202396974013  0.04178934313040768
  0.04286256429856058  0.04404043940986961  0.04678757447189148  0.05014362395898082
  0.05294228145313812  0.05479810858445396  0.05619001072176729  0.05828336823042107
  0.06248836535724454  0.08399754730803967  0.30743537310806862  1.00000000000000000
  0.00000840273137263  0.00000880948298432  0.00000913490926618  0.00000951943923600
  0.00000998898621523  0.00001043581199810  0.00001093835581111  0.00001152920774188
  0.00001210044078363  0.00001280174301001  0.00001361108205821  0.00001449922024452
  0.00001548800278444  0.00001662964113671  0.00001791355400237  0.00001930609169285
  0.00002071183254107  0.00002217818445144  0.00002378603042136  0.00002559350112025
  0.00002760580846794  0.00002980267135607  0.00003223141425777  0.00003522649698501
  0.00003855958784610  0.00004229168207733  0.00004711435141462  0.00005247876827705
  0.00005864275574393  0.00006541878269763  0.00007277971402159  0.00008086129148059
  0.00008942033181140  0.00009927162543547  0.00011105702078037  0.00012510425618004
  0.00014145977610516  0.00015879484415539  0.00017647524126466  0.00019376909940558
  0.00021259507635371  0.00023407377764946  0.00025969821366974  0.00028865723108556
  0.00031992911096744  0.00035452637151324  0.00039340858422140  0.00043779226685708
  0.00048765654579798  0.00053647746254539  0.00058510717805428  0.00063548820178063
  0.00069136552660474  0.00075655831123766  0.00083535723824153  0.00091816225577570
  0.00099943189876452  0.00108115182310891  0.00116672927522654  0.00126023504897405
  0.00136615959587032  0.00149246139919726  0.00163475265759162  0.00179031627076886
  0.00191348019824437  0.00206560940481459  0.00222307974687089  0.00238065583796915
  0.00252952099451893  0.00267011639800469  0.00279992950283737  0.00293129404894526
  0.00315932860344292  0.00343312388624523  0.00374330112537379  0.00409672879630938
  0.00447883264762802  0.00485244557127486  0.00525183977693284  0.00566017341028679
  0.00614997326654322  0.00675354287841326  0.00748313698078689  0.00840919290392970
  0.00960104707977442  0.01169712620750330  0.01410690681695498  0.01676599800663595
  0.01967209339914427  0.02277387965113383  0.02863810686601470  0.03968121347353683
  0.05208049465386604  0.11073489857949353  0.53508707615381335  1.00000000000000000
 -0.00193951541602115  0.00914153706043256  0.01780476334763173  0.02622373878220059
  0.03332934162101978  0.04122801385762741  0.04831266657535613  0.05611712859288957
  0.06401175959585854  0.07363371074690123  0.08329459924382615  0.09433030530645188
  0.10437658950910467  0.11369512660431476  0.12288475096444758  0.13253669085823677
  0.14283236126870436  0.15357282531374811  0.16444049233859034  0.17431194206614348
  0.18285556495920449  0.19100933353556068  0.19950497703162917  0.20907462700617072
  0.21908806584732490  0.22833412146563908  0.23715042835617736  0.24587735230858651
  0.25441487171992283  0.26244823194593003  0.26994074521319045  0.27642940081148387
  0.28344075024074283  0.29115253143123859  0.29908198157082522  0.30720038214779782
  0.31620254091651567  0.32552761698612381  0.33485137486610156  0.34498910285754331
  0.35586409167011379  0.36688370984181423  0.37725886438860529  0.38662927842586214
  0.39559220049067495  0.40490527100022544  0.41532171356378672  0.42566585326741624
  0.43531205489172131  0.44481009011063677  0.45361311833949058  0.46127949918576189
  0.46869892874017927  0.47608608483813347  0.48446100949762000  0.49422588742132306
  0.50533139850422182  0.51638840560279398  0.52831358977882459  0.54053325572849087
  0.55179220444853061  0.56158849265644217  0.57099613919053094  0.58000802577211585
  0.59021332717012942  0.60071314896470129  0.61230008166201877  0.62265853295417606
  0.63310419670655826  0.64380443483786975  0.65563514202534712  0.66894036804514412
  0.68257862577127559  0.69531400839650126  0.70743165601821234  0.71843033263130496
  0.72821033038516070  0.73782053872350062  0.74743336268916183  0.75792866096337985
  0.77048402489107215  0.78423625753606907  0.79985910254580239  0.81456917263788975
  0.82902300981638855  0.84063841297149122  0.85209359380801375  0.86524987191924640
  0.87872958693358216  0.89299339440606451  0.90876201586917638  0.92406916707222186
  0.93910582540160170  0.95636749416599498  0.97587158905669846  1.00000000000000000
 -0.00160146260975880  0.00724799956639263  0.01641120257503578  0.02635013544306551
  0.03698061498381426  0.04728415432738343  0.05735035279578125  0.06732798943267161
  0.07712630789353993  0.08673687395922439  0.09614209774955940  0.10539802229784541
  0.11397732933184797  0.12282690228459832  0.13240903912394436  0.14402619624256119
  0.15628478890292236  0.16864028740064879  0.18141381287320363  0.19445377852424189
  0.20745459726838730  0.22041442887690460  0.23270379295101803  0.24343911754073094
  0.25242283108012425  0.26028262013888021  0.26895581546163116  0.27743473594335166
  0.28620569648315058  0.29444632212382371  0.30196689440784574  0.31017792913927394
  0.31891741760274306  0.32851426723488336  0.33886994145579230  0.34881161755084833
  0.35911493523305560  0.36938913073637630  0.37927829848575723  0.38940643738745867
  0.40029151837856874  0.41152872891013037  0.42187874021575050  0.43156629035438671
  0.44200887004682599  0.45319019372714764  0.46443314186452500  0.47573041238451669
  0.48727629012575013  0.49976285771632739  0.51191429645756281  0.52274534342009815
  0.53415232865047424  0.54616543320448629  0.55943887310190321  0.57197337316105401
  0.58353192208753024  0.59460535904865908  0.60707861895021187  0.62049332971750515
  0.63285569824701360  0.64418353073276646  0.65525221782411314  0.66652538600721267
  0.67673141478826959  0.68624750008844282  0.69599258254423124  0.70486153661768824
  0.71309833379231558  0.72129949015119310  0.72944022321513491  0.74073840532992730
  0.75177862813357454  0.76380125633694607  0.77541823206039451  0.78680587343206587
  0.79787420676332599  0.80809809097939300  0.81830048738498984  0.82849989677060765
  0.84003472810139868  0.85105284879007381  0.86333446838816696  0.87606739285191071
  0.88931036300845445  0.90264066274905896  0.91288115928614910  0.92297177411079390
  0.93206898339552202  0.94114826295490861  0.95119072401883020  0.96078295723845852
  0.97023078892695525  0.97975343046285246  0.98962649444756878  1.00000000000000000
 -0.00048592314362111  0.00971172860045747  0.01824238611522772  0.02765931578733379
  0.03807225762715812  0.04915404049906136  0.06083147944944013  0.07369416197060827
  0.08785584564299026  0.10251480752502357  0.11646669486327822  0.13093100132967836
  0.14596065978093492  0.16236099765637158  0.17921477869849994  0.19613822552661930
  0.21218382339850364  0.22837922501335747  0.24603432909002673  0.26473848814357476
  0.28263894414261820  0.29960337139271825  0.31587450733560590  0.33305706006880675
  0.35129400810425077  0.36938579377100100  0.38682288423960198  0.40406532121288419
  0.42133413759851635  0.43805160077112959  0.45508149946821946  0.47212221988968694
  0.48900423988199920  0.50658728312587886  0.52475379524581356  0.54132575103162617
  0.55663447542129108  0.57131893810879342  0.58583875781278316  0.60046567148507191
  0.61396699057113446  0.62619734814369155  0.63839378856995832  0.65041258163558680
  0.66221362937349915  0.67368728360130670  0.68511264032299091  0.69669398860034260
  0.70884104031146589  0.72089927399776954  0.73227945284638818  0.74275492811465427
  0.75299490660195634  0.76328857162713504  0.77425907612845257  0.78538554926587034
  0.79563527185283600  0.80596368028169285  0.81540279501987678  0.82458941504178784
  0.83280633300360185  0.84062599052995790  0.84839440917912057  0.85555058108938375
  0.86227343804868439  0.86859646933303269  0.87473210085919284  0.88103700010862329
  0.88753517933572079  0.89391637690634107  0.89963161555971360  0.90486771363855734
  0.90996720572737644  0.91508510600128501  0.92002057202552756  0.92457385362276601
  0.92897414821580959  0.93348113629479845  0.93836842318283409  0.94335809089768130
  0.94797572792257190  0.95242369204497446  0.95689052531470475  0.96131211479060696
  0.96569517169969488  0.96995612856995361  0.97406091476014378  0.97752364939326497
  0.98092304224488192  0.98423315854845006  0.98708442122670481  0.98991837266211402
  0.99267714365429105  0.99507939304241944  0.99752296517846761  1.00000000000000000
 -0.00207211398548651  0.00881426453760674  0.01784806715778262  0.02676383660811715
  0.03504916481358691  0.04303051695927292  0.05260016735971031  0.06266590438382950
  0.07272373109661855  0.08360947745216889  0.09475811259190466  0.10684683229737404
  0.11926814795162176  0.13181900254453915  0.14460153398496231  0.15590718534264369
  0.16710753010251422  0.17682563211901176  0.18724012411899224  0.19752210328953498
  0.21032429619646681  0.22294293204703688  0.23469218038022563  0.24543150203062086
  0.25686044607739700  0.26728993431940140  0.27570531615256211  0.28336581538910316
  0.29142029356887117  0.30058235992834476  0.30991599566232292  0.31962433238733307
  0.32822101014444932  0.33648678920019565  0.34536255637443275  0.35581168890789833
  0.36698263825828814  0.37833835455298037  0.38991813635955791  0.40047231134118194
  0.40951948982459996  0.41840507497903040  0.42842660962822537  0.43905090245606915
  0.44975564486411884  0.46012425263151446  0.47007535008664852  0.47980132841220402
  0.48973860305277755  0.50039607180936285  0.51218106245125605  0.52424889744401681
  0.53563403720797986  0.54710278289555903  0.55851853635658011  0.57066684942225854
  0.58281532288977589  0.59473942821203463  0.60653874771644667  0.61809823871926306
  0.62876322898462100  0.63867648976260860  0.64822481954826183  0.65769595463208985
  0.66682237808662248  0.67550387120645328  0.68348287418986875  0.69068029183606872
  0.69787150036929746  0.70626968878510599  0.71580897487524309  0.72680864342604012
  0.73893351298311005  0.75113292784346541  0.76294066808139027  0.77449361180643728
  0.78558805687810107  0.79650983454235447  0.80745388818397346  0.81875979741599936
  0.83010048423809879  0.84151121222776415  0.85201821572917547  0.86236111363494727
  0.87257237681791788  0.88213382682532204  0.89133593691735913  0.90097496766037100
  0.91373546119816940  0.92645663494746433  0.93818253404677043  0.94968984394594780
  0.96154254489228252  0.97370668533508997  0.98713637828300171  1.00000000000000000
 -0.00202437241388858  0.00851208996608787  0.01719422535208601  0.02725511650060291
  0.03693129879010758  0.04772191367487622  0.05947571385473786  0.07158355446955059
  0.08313945397291686  0.09380664388792447  0.10420470352618715  0.11423027363757376
  0.12450580062060645  0.13554244137205415  0.14769535168852341  0.15957743504688932
  0.17025693544094284  0.18016346950649020  0.18991786023193244  0.19977127025005995
  0.21080192454749244  0.22228221740428589  0.23280544923869334  0.24228670331036276
  0.25177836336406711  0.26231100059902235  0.27174565876448292  0.28160235600004369
  0.29137147925506091  0.30292759511108641  0.31542255342509185  0.32812337336769692
  0.33957391199751275  0.35045208728216382  0.36151035319717867  0.37317784078455524
  0.38442353270229274  0.39538982327132177  0.40662714025288277  0.41890822434026070
  0.43253289718917298  0.44582586452646283  0.45716042138953139  0.46756127347794163
  0.47786518729484845  0.48851999476274599  0.49953327506631617  0.50969064983744206
  0.52010000082618968  0.53166884689729899  0.54364328208925983  0.55427659450813149
  0.56443127512187918  0.57579469145954632  0.58793136337650997  0.59871759789481493
  0.60783166896257612  0.61725783281229074  0.62621218785617316  0.63431877451797536
  0.64196979595117432  0.64898466245389863  0.65574166137466250  0.66334240273042411
  0.67203800304633987  0.68110133921920946  0.69054092664668687  0.70046876977667250
  0.71074932128463786  0.72167381086624693  0.73227174451697363  0.74324815568844871
  0.75496719068730889  0.76817100241322567  0.78145949869814491  0.79413380315955606
  0.80660547204228994  0.82000169851606675  0.83154250253142348  0.84206342584065141
  0.85144233689929405  0.86080779298885945  0.87083247903902361  0.88140935135332965
  0.89107046710845139  0.90097968809834950  0.91152822498816022  0.92216102952062085
  0.93312799695207027  0.94382940977549956  0.95341413238678385  0.96268738199530268
  0.97189011761409549  0.98070458644435932  0.99029977858081175  1.00000000000000000
  0.17144238663126646  0.63750943535306936  0.66852955498220801  0.69649056846878610
  0.72002618629683879  0.74063905653683315  0.75848724639169818  0.77427693683133147
  0.78870747476944481  0.80161268737529701  0.81289081177081279  0.82312835940942319
  0.83343035602235382  0.84275834000251804  0.85119776779308287  0.85852584204570426
  0.86526103301588653  0.87170328523127238  0.87769328519495282  0.88323164033368851
  0.88856728384586248  0.89390733852657045  0.89870274061974031  0.90321173675792132
  0.90756093407503036  0.91173056490048476  0.91580560920942955  0.91944576538915845
  0.92282946597141569  0.92602023154112767  0.92905668759598070  0.93193019969372481
  0.93480324045240826  0.93768383292637891  0.94009725902677976  0.94245417169389922
  0.94477521167788403  0.94696153285936346  0.94911001177562049  0.95114743973545246
  0.95305646456163229  0.95501612320154683  0.95698262885975405  0.95881172587283647
  0.96040797531730637  0.96194702623167228  0.96345044868142349  0.96486568786334614
  0.96619870872613389  0.96748246333058352  0.96876106313166210  0.96998695839975602
  0.97115106145601637  0.97232271493965883  0.97349319020495706  0.97459886281591412
  0.97571853621656268  0.97682139305667881  0.97788040792302011  0.97888076351883724
  0.97980133291077842  0.98064999325602897  0.98144697207459508  0.98218929579883896
  0.98292161130798195  0.98364683405500397  0.98436497542078671  0.98506346839717707
  0.98573317770733426  0.98637969661246339  0.98701344696111326  0.98766009751422423
  0.98830685425449416  0.98894730896711835  0.98958389018599768  0.99022491694808767
  0.99081126441460698  0.99140668540125754  0.99196898709098047  0.99246980756093572
  0.99297070999703985  0.99344272675267165  0.99390125573848509  0.99436039007243915
  0.99478943559293576  0.99521169311891877  0.99562970943050944  0.99602194667376409
  0.99641931935180961  0.99683326607281741  0.99726417239242005  0.99770336728643272
  0.99816675514703990  0.99869662779538459  0.99930393273725737  1.00000000000000000
   3.2661209933547415E-007  -1.0000000000000000     
 F F F F F F F F F F F F F F F F F F F F F F F F F F F F F F F F F F F F F F F F F F F F F F F F F F F F F F F F F F F F F F F F
  <DiscreteSampler_grid>
  grouped_processes
  1 # 1 for a reference and 2 for a running grid.
  10 # Attribute 'min_bin_probing_points' of the grid.
  1 # Attribute 'grid_mode' of the grid. 1=='default',2=='initialization'
  0.0000000000000000 # Attribute 'small_contrib_threshold' of the grid.
  0.5000000000000000 # Attribute 'damping_power' of the grid.
 # binID   n_entries weight   weight_sqr   abs_weight
    10   10   9.252931702648456E+001   3.614340207639146E+004   9.252931702648456E+001
  </DiscreteSampler_grid>
