  0.00300182198533525  0.01344398189755917  0.02474082005016370  0.03581785612194002
  0.04626773356751957  0.05749817678784437  0.06879932124770467  0.08049738253891459
  0.09135455569306843  0.10285365264960521  0.11506673540864734  0.12901234470346917
  0.14412040244144675  0.15753424633653054  0.16923855068203902  0.18034171325711673
  0.19126278520536663  0.20286376280037371  0.21576420803083524  0.22891888519565515
  0.24112227741806863  0.25254915673805051  0.26414646636767891  0.27493718486718416
  0.28474809478196617  0.29444063848660634  0.30448507910091255  0.31577220601784156
  0.32742210193535859  0.33918561573552952  0.35016835064676249  0.36177857931319624
  0.37303610042189211  0.38340122519755759  0.39393142178914292  0.40529066414272130
  0.41711563839753674  0.42743510802224050  0.43812472744685232  0.44867682780447699
  0.45931774429854932  0.46950809863425058  0.48001795648113077  0.48950296302563512
  0.49972168879392936  0.51014208888968704  0.52140748570887308  0.53276450265228903
  0.54359940868590573  0.55352415821183121  0.56347069360193447  0.57387874461674071
  0.58474084554013950  0.59457763970490762  0.60373039912816151  0.61228322311691596
  0.62172841345341956  0.63258135847852137  0.64481037663891805  0.65567518331664532
  0.66573445551597921  0.67657283303613336  0.68741823307018424  0.69725493139998029
  0.70449824225199875  0.71166415980778142  0.71904099331696347  0.72698558932384238
  0.73783827436376415  0.75030053330273294  0.76155136815396240  0.77187627846357643
  0.78199355942170368  0.79189957780448528  0.80193031681811600  0.81220652571367902
  0.82341039665933324  0.83569956617113395  0.84777700845464687  0.85828264457687575
  0.86720569412549475  0.87608568013518184  0.88564863928849913  0.89513577860011628
  0.90408633083857382  0.91280908292685314  0.92315062444046436  0.93391637322245535
  0.94434844421523856  0.95502400001335519  0.96506922654955707  0.97415790650727418
  0.98151220065706812  0.98726255054009493  0.99240313568144700  1.00000000000000000
  0.00008204957075688  0.00009996196643431  0.00012315224910137  0.00014787927303771
  0.00017854429453090  0.00021895844451575  0.00025983688477810  0.00030368223836412
  0.00035354631154330  0.00040627032368770  0.00046792612473364  0.00054641325694101
  0.00063117872374546  0.00070960758232310  0.00078967425847464  0.00087438436811804
  0.00096931594057997  0.00106738042384362  0.00117009621702440  0.00128487574501831
  0.00140783080547725  0.00153602935962223  0.00165777439142737  0.00178137791641817
  0.00190984933934511  0.00204498572984184  0.00219192323396214  0.00234128995250279
  0.00250795617442324  0.00271847456724606  0.00292169959848717  0.00310854236740160
  0.00329551806534739  0.00348999224006056  0.00369238054915294  0.00393050593135392
  0.00419290145529202  0.00446505349898448  0.00475159577680991  0.00506374157568186
  0.00539627843198573  0.00574173253421902  0.00609620401337458  0.00644290239016511
  0.00679968240996495  0.00716053437564146  0.00752560610601901  0.00790849424471698
  0.00833312470284888  0.00891789684581311  0.00950990046653067  0.01015828885982719
  0.01084112535288641  0.01158678931228844  0.01247547864384767  0.01349454401271077
  0.01469454967120092  0.01592821262268748  0.01703232867351012  0.01797040335327684
  0.01898889200907049  0.02007369115839838  0.02123087978075250  0.02233396055240805
  0.02358373175448121  0.02502286639791475  0.02663328499882843  0.02842297892964727
  0.03051551367534226  0.03289339798003962  0.03546542665713511  0.03812987079418169
  0.04096837812453050  0.04435918976002253  0.04783829035732649  0.05165362362790376
  0.05615412866276683  0.06145323141187037  0.06750835371528945  0.07345952137359378
  0.08059926428608497  0.09038494149643859  0.10286755980854383  0.11584042506166264
  0.12735411791892584  0.14032625799541731  0.15630019456871178  0.16249177885935379
  0.16810229966928769  0.17371282047922162  0.20934270246463427  0.28195407943924455
  0.35456545641385484  0.42717683338846513  0.55164117448544836  1.00000000000000000
  0.00007755133677720  0.00008380185401122  0.00008868837629183  0.00009310907511817
  0.00009775172131556  0.00010369148062446  0.00011051459614273  0.00011743763464229
  0.00012445681237206  0.00013175322120682  0.00013947379342515  0.00014702655064046
  0.00015481007225763  0.00016376546794771  0.00017343194844516  0.00018360737249467
  0.00019522521341114  0.00020749964999536  0.00022133524204246  0.00023539456475202
  0.00025232133215365  0.00026971702841927  0.00028863758974693  0.00030873211025368
  0.00032950555557990  0.00035139512703646  0.00037516369157749  0.00040171160363801
  0.00043203034206243  0.00046765714776960  0.00050844870099488  0.00055108313818455
  0.00059819260608912  0.00064584331217003  0.00069461523418640  0.00074810511853555
  0.00080646823538108  0.00086910866627825  0.00093729208261673  0.00101003938045770
  0.00108288574359597  0.00115930774842864  0.00123977539035027  0.00131891291173886
  0.00139723478275789  0.00148007634232639  0.00158687923357959  0.00169788347049148
  0.00182337461348591  0.00198008929730719  0.00212306144497338  0.00229026631327885
  0.00247384248913849  0.00269977548628867  0.00295619089255538  0.00321174187972996
  0.00346456464834163  0.00373268140610984  0.00401941119058234  0.00431976648602213
  0.00465382301050636  0.00511165233694537  0.00563624875890871  0.00616094725073426
  0.00664472876197279  0.00716380553614485  0.00773077197932149  0.00834080468357885
  0.00900108554952540  0.00977195239723443  0.01064954188310803  0.01175104079070671
  0.01270727390560476  0.01371153633924257  0.01491900886266234  0.01633200422599469
  0.01799892864846460  0.01984633285242340  0.02192482606125472  0.02468115323617666
  0.02799256547370007  0.03173470878024175  0.03598942622693859  0.04235230396146915
  0.04975799765850858  0.05878671437395292  0.07332025179352740  0.08254165511360927
  0.08881358078902542  0.09809707244293253  0.10920561464223252  0.12080642607335043
  0.13279794954238597  0.16102910367921114  0.27885982407085291  1.00000000000000000
 -0.00226843916637712  0.00913813628060417  0.01879081374588147  0.02960033550297357
  0.04259309527729847  0.05622039234894049  0.06746676011021763  0.07885082702657498
  0.09145890239550988  0.10689752906170732  0.12429929717911675  0.14092437516248893
  0.15641697452475029  0.17251682977806856  0.18890331798323370  0.20485083213778771
  0.21971174982164210  0.23348431975512007  0.24616513427100986  0.25879460818670807
  0.26705231150949649  0.27508206162256493  0.28273996483746561  0.28977669537885198
  0.29996581434371711  0.31097023800166124  0.32369893504263342  0.33686870008949005
  0.35036587795151680  0.36457791361996789  0.37863407910363084  0.39249126699707215
  0.40509960340263690  0.41728473195105215  0.42810438269995438  0.43995426718704445
  0.45243517159365160  0.46507693527561739  0.47735928993480176  0.48833432645176950
  0.49900267266773768  0.50969346745292110  0.52150947488005450  0.53387641657930107
  0.54537563535651212  0.55546111049069191  0.56548964676774216  0.57561584638350016
  0.58524980373054480  0.59465365568636330  0.60379077271629733  0.61361563951295661
  0.62339330939599480  0.63301169636929233  0.64275965616448050  0.65241827022280563
  0.66217012179728363  0.67199236625158687  0.68210532844749294  0.69180794063750484
  0.70147529022749844  0.71137875716738552  0.72118307300834117  0.73079162922393082
  0.74049686845825635  0.74977439431552040  0.75927650560556903  0.76880578608467809
  0.77821958318223639  0.78685547094141250  0.79539979664205662  0.80357920679530570
  0.81224600084466891  0.82147747182700959  0.83090975947944556  0.83992601353815377
  0.84852669933292202  0.85640497634786794  0.86391061630896548  0.87151501184037361
  0.87926934282266433  0.88729754054424692  0.89575458104774286  0.90310414290867824
  0.91117110543906621  0.91862030799082028  0.92598913451553955  0.93358697069845786
  0.94150289767693529  0.94974020966084016  0.95805566392606378  0.96644992538325725
  0.97453720589510517  0.98256506121885923  0.99125283830794242  1.00000000000000000
 -0.00214987678177600  0.00907708489815928  0.01923221798493865  0.02954876604786801
  0.04067892379354360  0.05195887080507756  0.06286703061685257  0.07377122798762691
  0.08511832971616133  0.09388380683150449  0.10160688621235635  0.10882636534926117
  0.11576470471473047  0.12305644375686378  0.13193476687852682  0.14389791986294395
  0.15492192337703584  0.16560448450804990  0.17618096106447484  0.18725191838513000
  0.19820210071214953  0.20917391183102019  0.22097141713505028  0.23285117567373828
  0.24472448064361083  0.25623709853940407  0.26765016417752951  0.27861096639416577
  0.28891591650750892  0.29884603182724440  0.30870642867338061  0.31894288401973270
  0.32980784946891911  0.34064771446505193  0.35135616501536582  0.36156877865752524
  0.37177956107917992  0.38202705704418816  0.39249998637360650  0.40247909501707024
  0.41200432525684166  0.42133959921861630  0.43035829054857161  0.43997474810005566
  0.44959825925860730  0.45956828990176457  0.46928205194336381  0.47914227081249627
  0.48884429926329021  0.49908613787870454  0.50997716029377860  0.52101581955841469
  0.53206892317764998  0.54332678827455150  0.55521522147644509  0.56700488576843400
  0.57807996901205294  0.58830514726233796  0.59750699322268774  0.60648796754615242
  0.61549650844564763  0.62513290955764078  0.63504196384931122  0.64538035575502684
  0.65653354063991742  0.66812227178369077  0.67938571083235366  0.69085989710960349
  0.70302707857229840  0.71567823370787587  0.72773347119892240  0.73866885660192283
  0.74957660191064823  0.76211289593834652  0.77609582238345209  0.78974481265333085
  0.80164645805561285  0.81186570825197091  0.82176826677887649  0.83174985131940293
  0.84440001041969104  0.85665799650510854  0.86808602197768314  0.87820722438871601
  0.88820265343740801  0.89746377734114158  0.90606440956416101  0.91507210655203941
  0.92480383521018983  0.93439832479827756  0.94378508012737550  0.95237316205215006
  0.96227450907963219  0.97492459940851950  0.98770762014074853  1.00000000000000000
 -0.00202760385893634  0.01077681713468523  0.02186455382555018  0.03321364449984621
  0.04542320434028117  0.05786471899242434  0.06936181765669902  0.08021645938372697
  0.09067593401048687  0.10125025530022660  0.11169246947891875  0.12109644298101328
  0.13017754605791756  0.13858686682669019  0.14735474538782295  0.15641203902827849
  0.16543498138609783  0.17563866412356233  0.18498434053600674  0.19459031631307303
  0.20351178529659961  0.21510839114640118  0.22715837180151413  0.23867110995983878
  0.24994785337058073  0.26105195922743391  0.27204615963779660  0.28283987994722304
  0.29377420722952174  0.30514126890377974  0.31772769688831032  0.33139973697730529
  0.34504124715739798  0.35812262479304841  0.37136269785333875  0.38371377470264795
  0.39253783481184723  0.40097044367508122  0.40949203836440573  0.41818181447795311
  0.42933817627211940  0.44009523165813930  0.44934276920885052  0.45808294352952639
  0.46647781128451471  0.47475505537344254  0.48328315166321556  0.49296212157664476
  0.50468471574724971  0.51788460010432724  0.53172558159930328  0.54524184109693175
  0.55789200857451349  0.56957440664172143  0.58064617818663911  0.59210669496078849
  0.60324259317352114  0.61345124365198322  0.62360426764022558  0.63461695244103067
  0.64566692694137917  0.65591044355346495  0.66604411658382057  0.67693377741682881
  0.68908502432455432  0.70001536626720462  0.70983297894780106  0.71841067054009433
  0.72719133525220836  0.73607339507544534  0.74589579681117302  0.75594835050104581
  0.76582100738342196  0.77583622808211561  0.78644095922647606  0.79654383127660111
  0.80581656953946224  0.81441895040368839  0.82268502782616870  0.83096066816828040
  0.84002060764938802  0.84913877027821172  0.85910183172533960  0.86962667682061079
  0.88138518715743153  0.89197416095260251  0.90210930266965339  0.91199521475196588
  0.92241632808754415  0.93365248227355746  0.94573617830498946  0.95767616568352576
  0.96859172076845068  0.97888979420979938  0.98939025222204069  1.00000000000000000
  0.00178539027417778  0.00617309567121748  0.01091340687172771  0.01543559093740394
  0.01965792546332809  0.02360976045917020  0.02759523761537046  0.03151970852636835
  0.03543357955286405  0.03936626486786965  0.04317697930038471  0.04667819089056812
  0.05022278242092268  0.05386119579010853  0.05754503902052636  0.06157438294250791
  0.06553594047405689  0.06942872552308629  0.07331851255176150  0.07700604184036858
  0.08031864393061604  0.08356273539863752  0.08681280383294827  0.09018173761703464
  0.09381877376648551  0.09770527236709903  0.10159130836723181  0.10566782450128433
  0.10967848337101131  0.11403611430332974  0.11821825761691575  0.12228865135285062
  0.12617813351600635  0.12963000556378521  0.13339815975047414  0.13713329963340976
  0.14062095358284910  0.14385416048638031  0.14695437414590867  0.15003282618770161
  0.15323416262528283  0.15635991671464275  0.15944025010312707  0.16247072093535597
  0.16567904655269203  0.16908412366582276  0.17245807699218349  0.17585744329334721
  0.17926382508330918  0.18285601724048192  0.18638836312384213  0.18976695292208220
  0.19306683268248792  0.19642346200811073  0.20004601035098005  0.20384789016704491
  0.20797927200413965  0.21222560429844023  0.21548262757271969  0.21789238743484193
  0.22033282685631264  0.22302940779834945  0.22592808043515894  0.22943716921068114
  0.23343629995171872  0.23788893113953180  0.24323863113410765  0.24888102013044847
  0.25409688504707995  0.25921103381167565  0.26452279384044386  0.26986708739206744
  0.27574232787947245  0.28203765022707494  0.28829746390746269  0.29554833431005945
  0.30363835424972929  0.31198173629207865  0.31881657583534956  0.32441789998819626
  0.32946361470656482  0.33443999913564676  0.33950493312983171  0.34476482953107046
  0.35083026323563365  0.35921878694950860  0.37007824150353447  0.38128203067966104
  0.39420265918979974  0.40315267692759815  0.41508889092221324  0.43397741550344776
  0.45061311383494440  0.54301933154907855  0.73219289144589583  1.00000000000000000
 -0.00336426215172577  0.01303185059072707  0.02699750241260894  0.04299056888365291
  0.05883156484751900  0.07360145415479405  0.08972059340246666  0.10674564395398739
  0.12129800758934568  0.13363175825959445  0.14635775636195111  0.15970769698049117
  0.17329712286808022  0.18703648370745546  0.20077070049771803  0.21334222329647473
  0.22517299488581841  0.23798554499892044  0.25174482460670927  0.26486491423023706
  0.27767505037244811  0.29049802190881457  0.30288688424401272  0.31411332610132109
  0.32419820768324209  0.33438192503217390  0.34473799464143140  0.35504227026079421
  0.36470057342197887  0.37366183639135153  0.38186764345884838  0.38975142840374111
  0.39671485116132399  0.40395762942568963  0.41159507374332366  0.41991543960031230
  0.42820517193472130  0.43615030319140125  0.44380162058346700  0.45104331251402691
  0.45763650560091790  0.46287938821449565  0.46780959981324710  0.47292165663151114
  0.47849407859548437  0.48556685069428074  0.49324574911323382  0.49977582527094572
  0.50554494360697499  0.51121091853997092  0.51711191914204235  0.52426048207867626
  0.53242862512107192  0.54045527029903784  0.54856635377407492  0.55605939164117235
  0.56314617026109559  0.56964991024190814  0.57604649031793609  0.58286330470835834
  0.59025766000537683  0.59788054062220031  0.60516958640005980  0.61200535824976787
  0.61873444618564699  0.62533769847465137  0.63246444366139754  0.64010808126569241
  0.64832481712755818  0.65846881199130702  0.66844906092472556  0.67773254276379069
  0.68695579759796466  0.69538106731230287  0.70399626127915571  0.71309675216393875
  0.72358598031362498  0.73614826046774584  0.75067776775085060  0.76453486798633263
  0.77796954497596127  0.79125855630773390  0.80457434033033315  0.81739130403806326
  0.83051080860978310  0.84341027401464075  0.85692074154295084  0.87032536184213904
  0.88264195197924389  0.89633477212762369  0.91219964349655080  0.93069161400290801
  0.95025330550646891  0.96825732670993958  0.98439106081869254  1.00000000000000000
  0.48418725115026873  0.62908889176084737  0.67244605584418360  0.70746426815695929
  0.73684868335486831  0.75979230264515119  0.77986869288074356  0.79785443874100903
  0.81346126358462845  0.82657739199322233  0.83858762689695598  0.84927294298493072
  0.85823665490357970  0.86660019258237908  0.87484639273402598  0.88231933453062772
  0.88936220488282214  0.89577813818298990  0.90130339807797655  0.90632568574012451
  0.91123525950223061  0.91567597407784773  0.91968352194532854  0.92329465373910424
  0.92688237335980017  0.93027931586304158  0.93356667017686379  0.93665653572322582
  0.93924086827179609  0.94138560040969566  0.94344286256651744  0.94543871735736706
  0.94742512173816207  0.94939146637967387  0.95126671119525863  0.95297990632999185
  0.95461997320616954  0.95626304806412177  0.95789043152924547  0.95922623154724995
  0.96038532388926034  0.96151801657695202  0.96261949869886632  0.96372202187296885
  0.96477706085142700  0.96574284351235151  0.96667184834333941  0.96761279132115863
  0.96862932438125404  0.96968794459172181  0.97065875107821176  0.97158335380530370
  0.97249968485397131  0.97340559975560914  0.97433191332112801  0.97529171227260170
  0.97622665153723620  0.97709937831318072  0.97791586759436144  0.97866957064388516
  0.97936317533004424  0.98003303524727392  0.98068325965648884  0.98133195661572670
  0.98197430156161247  0.98258667285741741  0.98317867550353488  0.98374114706270821
  0.98428583563654404  0.98482439200184979  0.98536702181677371  0.98590258493847338
  0.98642372648403243  0.98693660609212808  0.98747453113355443  0.98803204573119152
  0.98861532368423266  0.98920643527466212  0.98975334083134014  0.99023639013610465
  0.99072170122736192  0.99119495420826542  0.99163525003531761  0.99203036567553082
  0.99241414007812367  0.99278850835338517  0.99317905562035813  0.99359057280662488
  0.99408475070445979  0.99462664917883137  0.99520983437191501  0.99591161806210504
  0.99668002889158114  0.99755400458319221  0.99862916685457404  1.00000000000000000
   9.5523556270381240E-007  -1.0000000000000000     
 F F F F F F F F F F F F F F F F F F F F F F F F F F F F F F F F F F F F F F F F F F F F F F F F F F F F F F F F F F F F F F F F
  <DiscreteSampler_grid>
  grouped_processes
  1 # 1 for a reference and 2 for a running grid.
  10 # Attribute 'min_bin_probing_points' of the grid.
  1 # Attribute 'grid_mode' of the grid. 1=='default',2=='initialization'
  0.0000000000000000 # Attribute 'small_contrib_threshold' of the grid.
  0.5000000000000000 # Attribute 'damping_power' of the grid.
 # binID   n_entries weight   weight_sqr   abs_weight
    10   10   5.075700316316185E+002   5.281230165707336E+005   5.075700316316185E+002
  </DiscreteSampler_grid>
