  0.00187543407467761  0.01881227133342419  0.03051858765860570  0.04060962598727806
  0.05046820553174119  0.06187210429133717  0.07201089221241851  0.07858105610031337
  0.08507815975183280  0.09115314277283851  0.09737704835488853  0.10629253730302381
  0.11469122491691126  0.12279085514093177  0.13079540394176875  0.13893338192450991
  0.14705940616932234  0.15464699748835137  0.16352513362158266  0.17387889415976052
  0.18569227486056153  0.20209265262563827  0.21607521545397504  0.22750456472952152
  0.23819976582716815  0.24866326862713314  0.25807905499369010  0.26716809556981397
  0.27599268326919357  0.28514582064463834  0.29470389707974548  0.30495816713612567
  0.31525222913393647  0.32377219213423181  0.33333200010591191  0.34316284894986870
  0.35236286500722103  0.36314019083265253  0.37480471565825330  0.38671550880693034
  0.40011463036358236  0.41407692350756020  0.42789959446589693  0.44238183150954818
  0.45523040675260723  0.46677694475980852  0.47796500127507713  0.48957857823353179
  0.50024866133825119  0.50936346971072566  0.51824644908021256  0.52733617801399058
  0.53850070317171839  0.54817322559993054  0.55663353968194507  0.56440676058757799
  0.57348083150297313  0.58347737933673327  0.59504987598484227  0.60880644757154267
  0.62073889793282166  0.63302373379194965  0.64525316818666067  0.65819676734947075
  0.66864463044038303  0.68040283301241089  0.69141613215147679  0.70310153844714363
  0.71680419677977070  0.73170589451631429  0.74657441249580092  0.76068135741556564
  0.77383911467399435  0.78647717414524487  0.79846633189813387  0.80958260490262401
  0.82056181218606727  0.83152985955617986  0.84222647427208819  0.85219842150048186
  0.86369655558336011  0.87672688357031459  0.88999172384515379  0.90292348723005134
  0.91574831553105329  0.92698705855191166  0.93604322563007603  0.94509872480436219
  0.95436169348421862  0.96335569450576519  0.97184301091218739  0.97920173788206633
  0.98488441308083852  0.98899792838937783  0.99163259177079210  1.00000000000000000
  0.00000903831580321  0.00001029541742356  0.00001283403062567  0.00001590306742753
  0.00002011714266982  0.00002577083958955  0.00003173763368001  0.00003875185654595
  0.00004831688388611  0.00005835837874457  0.00006766095949236  0.00007529746239262
  0.00008304635071603  0.00009174939782669  0.00010079622057020  0.00010936567611428
  0.00011793813501285  0.00012669559743489  0.00013620175443446  0.00014866340443406
  0.00016211035282215  0.00017596582174855  0.00019087720360661  0.00020649757778549
  0.00022280048975710  0.00023634072567221  0.00024984795196861  0.00026343068642042
  0.00027716503821232  0.00029275888693654  0.00030754740469926  0.00032167637900107
  0.00033870840930709  0.00035548548483522  0.00037210820700455  0.00038952382813616
  0.00040680059009876  0.00042418961953876  0.00044428719332194  0.00047021184607686
  0.00049949960177272  0.00052207249812861  0.00054477591159389  0.00056868353775428
  0.00059362464015901  0.00062272190555148  0.00065219522733778  0.00068275873712620
  0.00071259632053546  0.00073984927906948  0.00076835325791282  0.00080556566644098
  0.00085038499319406  0.00089689356450019  0.00094505637795276  0.00099784752169386
  0.00105244396456212  0.00111457268726591  0.00118337992478217  0.00125292617706514
  0.00132116901403879  0.00139259713160499  0.00146600160000282  0.00154222642141950
  0.00161203583022628  0.00169031548011344  0.00179688129215688  0.00190065334592397
  0.00198950683827146  0.00207560816946443  0.00216085467143841  0.00224480149838485
  0.00234910347723751  0.00247845877685468  0.00264849043330426  0.00283050759313422
  0.00300952265172753  0.00320977807738706  0.00344840899275413  0.00371184629895337
  0.00398967857486745  0.00433689148683493  0.00477344269974818  0.00534037275322956
  0.00603434527115688  0.00684371468081149  0.00764256476962434  0.00838362878954625
  0.00919145626554145  0.01017025088634139  0.01107723079912626  0.01219439170350353
  0.01673702738242022  0.02327775250402982  0.05257286607329188  1.00000000000000000
  0.00000703221531115  0.00000770105012805  0.00000820245111260  0.00000859552721128
  0.00000905309533393  0.00000948775664526  0.00000991425155542  0.00001032805417406
  0.00001074530267337  0.00001121798059582  0.00001183126707442  0.00001232369524770
  0.00001306980060087  0.00001394171799209  0.00001488538055177  0.00001582692964804
  0.00001701889351064  0.00001846619675196  0.00001996067153962  0.00002132465591954
  0.00002269248523387  0.00002406793554357  0.00002540219136510  0.00002721142658681
  0.00002922301749064  0.00003135677980101  0.00003417296342580  0.00003735117998724
  0.00004071701606070  0.00004441107974090  0.00004846439765980  0.00005303268433668
  0.00005825883853174  0.00006375882247962  0.00006903196755197  0.00007416425294747
  0.00007953326991467  0.00008519929129306  0.00009222050626990  0.00010233821416704
  0.00011337534214979  0.00012475006899567  0.00013433263668037  0.00014343910018416
  0.00015427150479596  0.00016627149603808  0.00017641154193183  0.00018423320516886
  0.00019267597031039  0.00020265629023610  0.00021559555923812  0.00023076276587627
  0.00024567263454283  0.00026020093331716  0.00027512886382153  0.00029174583506937
  0.00031219791982691  0.00033675061436691  0.00036630587968609  0.00039712624294942
  0.00042959705696982  0.00046487709144673  0.00049497895558619  0.00052546700147159
  0.00055842522086957  0.00059497416081578  0.00064688383472005  0.00070183065414930
  0.00074995092468741  0.00080231494435543  0.00087015011110657  0.00095210311293291
  0.00103859761942328  0.00113547677840818  0.00125068637887481  0.00137501666371378
  0.00152415169013574  0.00169850065601429  0.00189780719041494  0.00214644285786623
  0.00249131933065978  0.00301465233094031  0.00359599476163596  0.00411689975387867
  0.00452437683417336  0.00493608828012979  0.00551483280638157  0.00640843195799101
  0.00744683935834095  0.00871501407870624  0.01125137325023188  0.01491692431380281
  0.02068517719925797  0.07594221502405193  0.25243924132922363  1.00000000000000000
 -0.00349847734912969  0.01609299993782340  0.02961296221892516  0.04308446661532994
  0.05787625895213989  0.06907817904855051  0.07936946157271060  0.08837707376225408
  0.10128279657267898  0.11617904105598770  0.12965677221811897  0.14136467379212678
  0.15230634307465593  0.16450957814761663  0.18042860155428656  0.19232502973161167
  0.20192319034770576  0.21074372330086324  0.22054705685895826  0.23290012633615123
  0.24456945000220140  0.25749937757807106  0.27081631022773550  0.28369029117470995
  0.29541507164362518  0.30730180825905012  0.32159190119215025  0.33915969968436643
  0.35501536534408795  0.36727550050171281  0.37918001623909858  0.39330586036217724
  0.40612161878769054  0.41854877718824557  0.42789791488946449  0.43685856105041898
  0.44658879108464872  0.45687413162012441  0.46530029753551605  0.47275188879921021
  0.48229173981116175  0.49472941913184038  0.50614972610664000  0.51609409856862465
  0.52715197521507773  0.53982988758834560  0.55322794348859483  0.56611964351542088
  0.57823660241810249  0.58815831935339369  0.59613694811999485  0.60551153905880806
  0.61471691274672069  0.62219610580423734  0.62951977130292491  0.63807589956766964
  0.64789929122517342  0.66030569882018531  0.67309439268617210  0.68583760712630437
  0.69949401010889967  0.71172238967773793  0.72137668765714347  0.72924750777707181
  0.73725821592213114  0.74521459552702285  0.75431213924585239  0.76423830376389246
  0.77447230811350809  0.78376243330935491  0.79327196359795216  0.80320591726153956
  0.81244037372625222  0.82145482676140824  0.83034323728596471  0.83898601129204131
  0.84689870796821953  0.85477372217434400  0.86279593138969102  0.87122333148069353
  0.88048787260289973  0.89004967582335892  0.89816443203556129  0.90609924563122379
  0.91427092370065866  0.92077199475982552  0.92738374118601752  0.93500952768069712
  0.94235427747641154  0.95011085500196113  0.95803256775428036  0.96590144289787261
  0.97378447979373139  0.98198371997157030  0.99085965186540281  1.00000000000000000
 -0.00355606578777491  0.01367581038719001  0.02498796787563212  0.03609485748348586
  0.04604785574259269  0.05770512796271765  0.07057195104223928  0.08429076597963227
  0.09913316765523493  0.11332137773524449  0.12470402224846390  0.13399693189531162
  0.14255337642388896  0.15066147048569611  0.15963142332894409  0.17151833678926476
  0.18510221525161805  0.19790333219977874  0.21053682384474248  0.22061901034710438
  0.22765181183830452  0.23339376216705318  0.23848026338323206  0.24329210733375958
  0.25046222314906552  0.25826574771869415  0.26739356264381631  0.27693463435047011
  0.28533740984658534  0.29292982448491317  0.30298746820099831  0.31226755919493721
  0.32082762295554851  0.33026292250468953  0.33881770578858994  0.34830428218709741
  0.35937481241369645  0.37081853775090062  0.38448833896293505  0.39816419669915459
  0.41187898506002812  0.42341193866719778  0.43282610685210443  0.43980935645197849
  0.44690678428324360  0.45341584482864866  0.45888603952131340  0.46443935528431540
  0.47012182388415413  0.47776173501659375  0.48755099848723588  0.49705769394927202
  0.50810663446468718  0.52080389158520934  0.53287594916390113  0.54345508247431051
  0.55360170585240809  0.56510499465642672  0.58032826282670480  0.59472470345783490
  0.60782736225245493  0.62036885134607245  0.63294054686081369  0.64582746208831765
  0.65838313439310869  0.66999961863170288  0.68062753571891155  0.68976089697894505
  0.69866429287458764  0.70952105055682868  0.72157144443668098  0.73532969870523601
  0.74836727936543868  0.76114032140708998  0.77256141888284602  0.78027206187697684
  0.78744253643526463  0.79591965085587169  0.80677532479569425  0.82131760659795328
  0.83775670817716164  0.85416910868418050  0.86797604321120503  0.87839369898992814
  0.88858194294662640  0.89950898945447844  0.91013472934528084  0.92316801434090123
  0.93197632682279330  0.94000565383950152  0.94784287605681883  0.95720184949793363
  0.96679923586575112  0.97709166325587671  0.98787355797844612  1.00000000000000000
 -0.00361290053203130  0.01430860455930867  0.02497178461659295  0.03530568401166035
  0.04659104061594505  0.06049483390777241  0.07381961426223185  0.08534655035252714
  0.09591760129957083  0.10648653594957150  0.11752772564438257  0.12911600394642980
  0.14004842829180170  0.14947955590850107  0.15840232764804549  0.16753219972912203
  0.17702080049968485  0.18781082762215418  0.19789228842096326  0.20748898632090876
  0.21697636653579433  0.22644038650847453  0.23502891569668038  0.24464190734070326
  0.25628139841195580  0.26893402443970027  0.28049746438802614  0.29045998328215117
  0.29993824377688794  0.30924565076208610  0.31853252254798847  0.32686110240907917
  0.33417163426758290  0.34123446071633606  0.34836718687768831  0.35654096664883617
  0.36563071633954575  0.37429423016203134  0.38283818822450694  0.39170658158922034
  0.40087890939888249  0.41077667635269788  0.42042916436497124  0.43046607420268057
  0.44037191165911249  0.44901670401993876  0.45850726734852332  0.47000262820152233
  0.48282631184163238  0.49513684378522543  0.50716692659793994  0.51971258566355827
  0.53365347934846963  0.54756836873462222  0.55913835921455202  0.57144437859815955
  0.58404380866743533  0.59253699924549652  0.60086823236684261  0.60905589866576226
  0.61841558548456432  0.63010530066239490  0.64237485865998734  0.65487799180175610
  0.66476571164241216  0.67389665335245175  0.68279968431021587  0.69279074324410883
  0.70364704884354146  0.71402655626897338  0.72400961645388806  0.73485928282921775
  0.74664548564138611  0.75936540284308618  0.77229636308706762  0.78159337178691901
  0.79067935832446345  0.80013348665782891  0.80899867790074576  0.81664787338727007
  0.82503194427065873  0.83357558037036161  0.84285900077220888  0.85341037533964614
  0.86532230984375957  0.87784500693322154  0.88889132639407709  0.89820621415542878
  0.90756062963164152  0.91778981732693887  0.93006155368959187  0.94177510784233365
  0.95395773070668299  0.96717278641782634  0.98196033976607922  1.00000000000000000
 -0.00035790012814802  0.00186102755456733  0.00418734583315806  0.00652522667557033
  0.00886001507718684  0.01123642656318585  0.01367986660246436  0.01625960857347359
  0.01894022561158326  0.02137677388095037  0.02362451674952657  0.02568378359902962
  0.02764432871222150  0.02961052799010003  0.03165934912815779  0.03382126877121618
  0.03605907237902878  0.03834531666385860  0.04036631870738425  0.04211772823612693
  0.04378649778340626  0.04531615524562661  0.04666217042737029  0.04814436827015134
  0.04984179911665442  0.05134023981212453  0.05286416674628609  0.05447310499514858
  0.05619928122476871  0.05806895500824674  0.06006282432314247  0.06218247666621881
  0.06460352058148683  0.06714560911180341  0.06940915012217633  0.07125573217510200
  0.07284451223908957  0.07455470253819572  0.07655812681625887  0.07958291368595086
  0.08265639607883507  0.08563923717981635  0.08861289585720307  0.09109097245533455
  0.09335527683543206  0.09555368188358221  0.09779892773746462  0.10035177906867676
  0.10340683657333120  0.10699819154485851  0.11065372803379490  0.11417627560890183
  0.11715070188135063  0.12002414676765071  0.12275469736540889  0.12516517363190538
  0.12785848021617421  0.13073736998830363  0.13331928890163916  0.13583597234130562
  0.13818694872618542  0.14039133452856364  0.14270300268964803  0.14530425261453078
  0.14754629606042682  0.14975786888737513  0.15221042846865970  0.15416777666426668
  0.15836796688622720  0.16474475792223761  0.16959434535410026  0.17474516520443417
  0.17960738364206452  0.18278987681365735  0.18552186272778876  0.18633711174775566
  0.18902048888399192  0.19602480902801436  0.20768890642435778  0.22109492335280082
  0.23538189515863284  0.25031874952441779  0.26380421117978264  0.27472339294750198
  0.28527686003238584  0.29440795646054729  0.31645107902584452  0.36753015498280051
  0.38213538217093651  0.39648103738591256  0.40872025997003480  0.41863823322046345
  0.50799291305778449  0.61017566349534413  0.71316254796979972  1.00000000000000000
 -0.00253751982036294  0.01098491414716882  0.02349512620662549  0.03698207879654232
  0.05052822445848301  0.06705106819398228  0.08085328682049113  0.09409478233138538
  0.10657126102621989  0.11901252271240173  0.13003887432152814  0.14253345226095876
  0.15571968516079451  0.17069417867667555  0.18438099040980074  0.19943109061644179
  0.21386415514057830  0.22749759999661856  0.24082655951701690  0.25426001365248296
  0.26785968813153499  0.28083578777106422  0.29185798310922628  0.30187439168461189
  0.31270799217821355  0.32445011978674815  0.33535839216188779  0.34363259583058792
  0.35030489255219038  0.35657554768687916  0.36299399824989020  0.37049816164155802
  0.37985448719376574  0.39024785689812708  0.40131854201214906  0.41164633234607245
  0.42076222964151710  0.42887768063437831  0.43685167694403720  0.44466920039283925
  0.45341095849575414  0.46320339348887979  0.47284632213356831  0.48089134488237734
  0.48667717901044588  0.49159056414709379  0.49649652152295681  0.50194654974341224
  0.50758941579076766  0.51347946515995846  0.51806780857381951  0.52256982089026893
  0.52694361476900564  0.53181941635835361  0.53843432930196145  0.54535292638392663
  0.55309295725286478  0.56110575878331126  0.56937416402693819  0.57844901833508922
  0.58846049096716790  0.59805060287748169  0.60646750229555368  0.61501923980089013
  0.62426455321934993  0.63305192122760356  0.64269646457491969  0.65280250528393391
  0.66256108318796103  0.67285857777697045  0.68311539529611220  0.69426841046207088
  0.70561559368529903  0.71742801825439284  0.72860460285526540  0.73904986806040807
  0.74907908276885582  0.75931273109009723  0.77046103427606727  0.78256862934120996
  0.79494900376354360  0.80601041470368484  0.81985297864940776  0.83582030307435995
  0.85191589055532480  0.86867325372781279  0.88614388588020265  0.90134141895578990
  0.91598476290915876  0.92756691770512500  0.93864064949836301  0.94945779667259844
  0.95888993081766705  0.97167393141759373  0.98547229241736201  1.00000000000000000
 -0.05205839664549522  0.69759172754649335  0.74683312316728712  0.78441059266009217
  0.81129091311334078  0.83300348329108187  0.85086637942580812  0.86633692599576195
  0.87965603127420877  0.89062751248269101  0.89989932377560566  0.90818600593253185
  0.91527534738905714  0.92137393736220030  0.92717339819643485  0.93308786400501798
  0.93845080585096552  0.94303773398033752  0.94696404863171613  0.95075615503125221
  0.95450246580473141  0.95794455452690719  0.96014220635817693  0.96218938141049437
  0.96427001424160053  0.96640707080902777  0.96839036953267421  0.97016597757664369
  0.97181567924593304  0.97329757982274734  0.97460546970197370  0.97584679892752457
  0.97706430795426935  0.97823217247786975  0.97930747143261332  0.98029566375935007
  0.98136044466434902  0.98237859291723884  0.98326716374811018  0.98407915657297673
  0.98483099416795339  0.98552233436414372  0.98617863265441730  0.98682029129643911
  0.98746008094622839  0.98811690482538139  0.98878185330956025  0.98944784113419648
  0.99003219352392791  0.99057765297660116  0.99108384426574347  0.99156251516032967
  0.99201084021220076  0.99244345109140453  0.99284440808248309  0.99317332382452372
  0.99345604285660505  0.99372016524078621  0.99396987849258800  0.99420754740494843
  0.99445148386430016  0.99472264986879222  0.99502545415635824  0.99532699779440270
  0.99562444314469556  0.99590129165495878  0.99614682866142756  0.99636403376345872
  0.99656322113263440  0.99675623395918644  0.99693654134622278  0.99709327452094343
  0.99725292162547274  0.99741239797977099  0.99757761277423951  0.99773801716568944
  0.99788239805572521  0.99800888368182483  0.99813192835160136  0.99825523149002371
  0.99837455085036886  0.99847885183944307  0.99857490996026621  0.99866536398891781
  0.99874588327241154  0.99883035392095842  0.99891952594698874  0.99900809726040418
  0.99910383287777438  0.99920050597588361  0.99929859730409165  0.99940745031734524
  0.99952609041296037  0.99965421651152342  0.99979717335754636  1.00000000000000000
   1.1619437942844939E-007  -1.0000000000000000     
 F F F F F F F F F F F F F F F F F F F F F F F F F F F F F F F F F F F F F F F F F F F F F F F F F F F F F F F F F F F F F F F F
  <DiscreteSampler_grid>
  grouped_processes
  1 # 1 for a reference and 2 for a running grid.
  10 # Attribute 'min_bin_probing_points' of the grid.
  1 # Attribute 'grid_mode' of the grid. 1=='default',2=='initialization'
  0.0000000000000000 # Attribute 'small_contrib_threshold' of the grid.
  0.5000000000000000 # Attribute 'damping_power' of the grid.
 # binID   n_entries weight   weight_sqr   abs_weight
    10   10   4.689278910322444E+001   1.151016389615797E+004   4.689278910322444E+001
  </DiscreteSampler_grid>
