  0.00238046025868753  0.01504604694353790  0.02834384750758316  0.04138019729376351
  0.05462862647506406  0.06788120523640925  0.08078445630007186  0.09282186656840907
  0.10434393302834816  0.11652304445270115  0.12894846791348330  0.14094482258848148
  0.15130398158396091  0.16151805404345077  0.17104370715841760  0.18162447369564994
  0.19243620631894420  0.20503318932964684  0.21823855645876905  0.22998912672853233
  0.24003457401639974  0.24997779113229390  0.25993931011291638  0.27006618256170728
  0.28057147065657245  0.29241606718590402  0.30767173302466944  0.32161637939756693
  0.33439211566884691  0.34677779416342913  0.35657170903558943  0.36535538379192084
  0.37424391189214185  0.38451704443788143  0.39622404559448182  0.40725914801780200
  0.41771702408454808  0.42862288803389936  0.43991430929227959  0.45103209853823734
  0.46298731919552616  0.47312768690273366  0.48216532308145121  0.49054982012391707
  0.49870132999894307  0.50750373873615495  0.51653909907526863  0.52596743172190574
  0.53580621942770557  0.54671630684142802  0.55920435948302905  0.57136297431615701
  0.58278659166464175  0.59312187763689617  0.60377923817504764  0.61433876494456097
  0.62453150651286393  0.63398823964632967  0.64327784720267611  0.65291071784378896
  0.66315025825007268  0.67461817441386962  0.68762881699951084  0.70125753056110340
  0.71437867076625750  0.72698141216380452  0.73975781519861095  0.75232349251192110
  0.76378994136143996  0.77505274281415770  0.78514888416917461  0.79411241198016858
  0.80095379448403592  0.80833413675421262  0.81602044515657368  0.82384924998396103
  0.83162524841769125  0.83987024712681380  0.84867993235357442  0.85855534286131285
  0.86990814278080431  0.88132739721244657  0.89229774917510019  0.90328648570346604
  0.91435985595597158  0.92539424798680658  0.93552733414817302  0.94524555676797661
  0.95284431932647273  0.96098337601713102  0.96877304317173274  0.97538053238755673
  0.98183007458155347  0.98824946597580476  0.99414398057496201  1.00000000000000000
  0.00000793694616047  0.00000974056366069  0.00001169935211037  0.00001413900889416
  0.00001713209837655  0.00002165878883021  0.00002807254729815  0.00003473811110447
  0.00004178214304362  0.00004990135446366  0.00005951456217726  0.00006996553471393
  0.00008120258270120  0.00009330381051324  0.00010703454555051  0.00012096455877406
  0.00013564921435941  0.00015146789120085  0.00016838162023483  0.00018593047335854
  0.00020376361848543  0.00022285678090261  0.00024340463748492  0.00026400575107975
  0.00028489074832801  0.00030770751908634  0.00033156568198194  0.00035501498698339
  0.00037838702613284  0.00040328124944338  0.00043257811274005  0.00046574849564034
  0.00050163321107606  0.00053711088570183  0.00057332816651337  0.00060982832843989
  0.00064555629798265  0.00068177815749159  0.00071976188890578  0.00076254464502337
  0.00080562706005082  0.00084969991147152  0.00089304843143151  0.00093835763998702
  0.00098942906587736  0.00104564414679706  0.00110118994245217  0.00115340957916683
  0.00120370950477870  0.00125454878747003  0.00130771687930379  0.00136800998851884
  0.00143729454437465  0.00150291072589820  0.00156918052028528  0.00163776046140472
  0.00171135988173957  0.00179525658598865  0.00189819725571135  0.00200904703610243
  0.00211976803832806  0.00223009592806057  0.00233913302837700  0.00244741705463564
  0.00256340718475682  0.00267556262987389  0.00282527500617621  0.00299410702317128
  0.00316424744075979  0.00334711794692621  0.00354013330095839  0.00374447809278349
  0.00395043567767202  0.00415662655662142  0.00437910986685139  0.00463366580546613
  0.00506963863265887  0.00550372683961668  0.00596571265989241  0.00647661182152781
  0.00706994506129507  0.00771377331779338  0.00844272707212556  0.00929430861576920
  0.01003606972912532  0.01074953680315611  0.01152550201991566  0.01297585656934758
  0.01512876533776659  0.01941159750980681  0.02282618566964201  0.02616804184491733
  0.04310269596170804  0.10995427048195530  0.25206442486407143  1.00000000000000000
  0.00000728514418186  0.00000772188833764  0.00000822762125998  0.00000872267083001
  0.00000923946965031  0.00000984612218248  0.00001054063997573  0.00001129927886674
  0.00001208566843760  0.00001309924599031  0.00001413968220028  0.00001522769837369
  0.00001637624674268  0.00001764242652805  0.00001910266135686  0.00002065324924589
  0.00002224358279815  0.00002411343727541  0.00002617229522283  0.00002860288262474
  0.00003145724417325  0.00003459491423762  0.00003818848703253  0.00004250633926362
  0.00004746670573136  0.00005287558709146  0.00005851971633798  0.00006428030795273
  0.00007043871587440  0.00007725476235752  0.00008478189067347  0.00009323559188841
  0.00010261333711538  0.00011305141931927  0.00012521809031106  0.00013878540089324
  0.00015398815709826  0.00016970465715176  0.00018587072493689  0.00020311499973908
  0.00022201716634381  0.00024387446906940  0.00026939964273040  0.00029984022421359
  0.00033551392207068  0.00037617500511266  0.00042134418185477  0.00046847246601552
  0.00051362661175506  0.00056083589268327  0.00060873474733558  0.00065879267559990
  0.00071563675367366  0.00077857541242058  0.00084900803062715  0.00092429760945192
  0.00100312011853560  0.00108833336367208  0.00118391086406360  0.00129113628023532
  0.00140383611364377  0.00152049601249167  0.00165472275380730  0.00178393691333389
  0.00188900530553196  0.00200857137947675  0.00214191446153496  0.00226714360752746
  0.00238829307284839  0.00251362979808726  0.00265151427412572  0.00283632259659798
  0.00305026931687205  0.00326910789977572  0.00351276438025555  0.00383150157921253
  0.00424195086639930  0.00467874961043616  0.00514754400506996  0.00569379153605033
  0.00622819483370828  0.00672388534886045  0.00722679999389605  0.00789145194940770
  0.00892258591773102  0.01008042737717788  0.01219340841699347  0.01573476679900923
  0.02020642540329546  0.02476122232683693  0.03653967208272256  0.04416326985598922
  0.05385482444775681  0.07746212830387100  0.08536097659793408  1.00000000000000000
 -0.00183235872723153  0.00848610356486877  0.01695047687023479  0.02534574264984495
  0.03414976925141041  0.04302768940038226  0.05283366044828142  0.06170255135245312
  0.06877050051601706  0.07611402190792949  0.08398688547342457  0.09215033223592088
  0.10001011556066142  0.10809808455950812  0.11657786000156524  0.12536861136656990
  0.13532798464891335  0.14495251219056696  0.15344586396520796  0.16185506866670221
  0.17006058407301985  0.17850002980502599  0.18765543500833110  0.19754848113923615
  0.20813417120204225  0.21852649064730373  0.22868707841349539  0.23894355468709905
  0.24925159980044162  0.26012644279652597  0.27067626849615944  0.28183276571523530
  0.29324178366202563  0.30564771470247409  0.31762159832057191  0.32872831463758867
  0.33867126618516030  0.34769519187155074  0.35638408123536697  0.36544545275240858
  0.37537964891586412  0.38498321093951093  0.39398511151078658  0.40303046002427506
  0.41289334206952349  0.42344879236735811  0.43408750435176136  0.44497624083371923
  0.45621487310342002  0.46677460897560286  0.47679047905843697  0.48732970076674986
  0.49762913399754083  0.50976379806354921  0.52218615713952610  0.53563950727657794
  0.55007640464369045  0.56299540617962351  0.57509468399749286  0.58748480370591794
  0.60073761436227979  0.61305840588664773  0.62477171952230937  0.63646158312509216
  0.64875657776945117  0.66000608202029243  0.67100583150559490  0.68224723981622737
  0.69382317963460338  0.70807179525990460  0.72328560348956805  0.73856994960302602
  0.75119158917127737  0.76308423390423719  0.77425377241818283  0.78339051806018445
  0.79244222082885174  0.80161806919934153  0.81042046323682326  0.82336463868768861
  0.83782734267257386  0.85004234213789021  0.86251070141005270  0.87287396081873891
  0.88235673615229371  0.89235308936486135  0.90207693740022787  0.91459630605558584
  0.92857689043040170  0.94141130001682638  0.95209388216715984  0.96267557610684307
  0.97322512283482421  0.98260504234516599  0.99125695327155305  1.00000000000000000
 -0.00310427167876537  0.01229703915068250  0.02443442089619124  0.03548196433409252
  0.04671412435172273  0.05775204913549573  0.06944333730454667  0.08102888702075745
  0.09243386729276222  0.10326471539780957  0.11155070004391461  0.11990425402545690
  0.12740094733802257  0.13434254591012287  0.14182971789472901  0.14852868513512432
  0.15521510741935968  0.16363590451950177  0.17329824438755828  0.18359295742132228
  0.19513725990173703  0.20703449359655318  0.21807561112781587  0.22945719156904701
  0.24005115142846928  0.24999760201055207  0.25993186968931881  0.26953098421762922
  0.27961990280085042  0.29024210718895516  0.30176418600791710  0.31337432581633279
  0.32421521173075057  0.33480281968097320  0.34450239394725840  0.35424206729218688
  0.36446216518598229  0.37506630218672454  0.38632886106778641  0.39799065571099906
  0.40976257410841871  0.42164232308099209  0.43312183952269123  0.44431006615026164
  0.45560933029165390  0.46661307764032084  0.47630484701819870  0.48477178650631619
  0.49336791435189525  0.50237765693282421  0.51153046311863370  0.52120836708332408
  0.53063414848435275  0.53921346291302774  0.54741008335469432  0.55562630950132219
  0.56492230503172325  0.57803547479882356  0.58896534104056331  0.59803532691453476
  0.60691635870724558  0.61689096128001797  0.62743275317977787  0.63828029434909794
  0.64850497586377032  0.65941158555327295  0.67097386407559245  0.68195672057508472
  0.69190591544381874  0.70070862060434758  0.70987909129882054  0.72027609125202630
  0.73107610657090794  0.74191699352229790  0.75270272801618487  0.76352007626005336
  0.77383101183126735  0.78354849707643326  0.79322433677475868  0.80347336877146447
  0.81397310724546379  0.82460612153839230  0.83601951175751810  0.84814421173733934
  0.86053173477745692  0.87253281135456495  0.88474873331010850  0.89663963409871783
  0.90785199325568422  0.91961935867868028  0.93278127817616285  0.94705716789264027
  0.96164033272861760  0.97537736939411401  0.98796168888566238  1.00000000000000000
 -0.00223585585842153  0.01204068912387547  0.02429092753340663  0.03508192068641257
  0.04416193368631891  0.05296893135905192  0.06150824164534827  0.07163967048045577
  0.08304131418672026  0.09457691056905428  0.10589455335726297  0.11654201681277077
  0.12698102037140033  0.13597959516191971  0.14584544142963535  0.15522806458496352
  0.16390466164390741  0.17297503523875360  0.18249320526985122  0.19410863598047143
  0.20695196035288937  0.21746584153390111  0.22698366052639235  0.23598920379160437
  0.24477531674780167  0.25515750741941157  0.26560579023073599  0.27539158364288790
  0.28518974439922745  0.29440077853583962  0.30603490023910140  0.31810610320868360
  0.33053219179458110  0.34213053597211712  0.35313510823084848  0.36386851001173054
  0.37587701951909280  0.38855941252389137  0.40099569623278369  0.41259415420233059
  0.42387952245165195  0.43462150813368627  0.44487869532763802  0.45509763850267759
  0.46614354228175214  0.47834584576180722  0.49048549459332252  0.50206876641303888
  0.51274105902307410  0.52281367878923235  0.53392699124301546  0.54443401643116640
  0.55414171037353166  0.56302817169937369  0.57273115190443025  0.58266530551802453
  0.59320916709329197  0.60467825302436984  0.61632469521642663  0.62749298444535639
  0.63846668925452477  0.64973847311335542  0.66133442827726063  0.67219566995105484
  0.68176636334586627  0.69123293489644677  0.70061469232763141  0.70976926212226865
  0.71898759688148883  0.72802250257768231  0.73820956965967466  0.74977711927036794
  0.76181326726733467  0.77438444920382232  0.78607034855905344  0.79619935969783429
  0.80470220792620029  0.81309183245415184  0.82063521516114413  0.82735282813880995
  0.83420958982000892  0.84216805959949959  0.85071003410735968  0.86218690843832546
  0.87454991737748466  0.88728435039218034  0.90034095244156531  0.91115563303581482
  0.92033979141994171  0.92896799442730404  0.93824724790064751  0.94927975740378800
  0.96135923378504728  0.97363979868121642  0.98613805589363934  1.00000000000000000
 -0.00008560710528759  0.00102900888164658  0.00223901397425356  0.00348928945769364
  0.00467621654641154  0.00587354644048707  0.00708380029741746  0.00830472978878104
  0.00949156556372937  0.01071378207090664  0.01193593997279835  0.01315352994715466
  0.01438629482634949  0.01568076213762522  0.01689040198312144  0.01806435322714333
  0.01920090241921104  0.02029460920968522  0.02139345276722757  0.02249668509918823
  0.02361820760683718  0.02479046946901133  0.02596466472588494  0.02713009644511589
  0.02833069578498749  0.02960803712257405  0.03094402504628425  0.03223478435230097
  0.03349550304716310  0.03482606139677377  0.03609009461190120  0.03741809221131221
  0.03878605669787217  0.04010085614702953  0.04126839974612836  0.04232408418395745
  0.04319653139025851  0.04399758280909591  0.04490216390258891  0.04591283712980173
  0.04742102435671695  0.04898263551767672  0.05024177044012862  0.05142242656788418
  0.05266450465405985  0.05407363649955182  0.05585467987056338  0.05731553988638678
  0.05855233879951850  0.05970988889289464  0.06094091600405192  0.06217458891850687
  0.06393804179182913  0.06573858847685246  0.06777806475098122  0.06975183001434795
  0.07119278344235526  0.07189887742734319  0.07246871302647748  0.07319486299152114
  0.07394150941369725  0.07474097485790220  0.07535690028122870  0.07592667354291703
  0.07649982460004071  0.07708672087721828  0.07767608760833992  0.07950273250177305
  0.08186422858157573  0.08418621198794514  0.08686838121243566  0.08960671203401817
  0.09143968615095718  0.09318150576875664  0.09472103932387108  0.09612960908898949
  0.09690725933813749  0.09776497801190796  0.09994124803663818  0.10261238983249790
  0.10560097338719654  0.10739044812868528  0.11140650855914948  0.11881503504322562
  0.11983412112286757  0.12105204372901482  0.12275956799620191  0.12636111955373083
  0.13349799712944924  0.13761178695411222  0.14378482471870760  0.14779125022110379
  0.14969577280862897  0.15097247907859687  0.15161769136488812  1.00000000000000000
 -0.00360194937175369  0.01494254015548850  0.03156811564991632  0.04757765970591164
  0.06134235381561010  0.07419478948252579  0.08621446043151280  0.09814681814813966
  0.11242083702090083  0.12732198316511209  0.14122612907871376  0.15425153259519289
  0.16735661343484318  0.18105592461848455  0.19551598886112798  0.20923430253340553
  0.21902258143674974  0.22856128683312907  0.23889897807739133  0.25289410711413934
  0.26661893960109201  0.27831639823831139  0.28901022968731210  0.29883860270662072
  0.30832832883676059  0.31767323979208462  0.32724572332189966  0.33758242854695414
  0.34810306596949858  0.35813493898908649  0.36693022171161860  0.37550058574854878
  0.38412684198421199  0.39318219569047053  0.40166517640943555  0.40919398230921517
  0.41625124000812974  0.42319827029471641  0.43074580718775590  0.43903417021955488
  0.44687938388097143  0.45465201615968337  0.46180692682141983  0.46825847078928423
  0.47460034251199779  0.48128832912202152  0.48894287999704744  0.49776097618301890
  0.50643446783194779  0.51433821476004660  0.52217646371439119  0.52809133515192230
  0.53461966625598512  0.54134347248484360  0.54850887438320972  0.55638189706669416
  0.56429105792948187  0.57236009984297298  0.58017218641315216  0.58941617446355565
  0.59909901578544189  0.60873115046044957  0.61786921501480141  0.62681871902326736
  0.63578413427573455  0.64507831014717776  0.65408464826776003  0.66330693188624856
  0.67440389056315575  0.68566000113311087  0.69517828046532526  0.70377489907794333
  0.71122647657193661  0.71836506752110940  0.72670847595169585  0.73609288701601383
  0.74549831243536357  0.75518173525241239  0.76363011377790779  0.77326257805606702
  0.78641166376250471  0.79979265967193214  0.81250173246274404  0.82420377989496307
  0.83627834642879373  0.84825233614306628  0.86095876177723663  0.87504604247483264
  0.88979229214653210  0.90637066120303378  0.92091876892155189  0.93580943783968340
  0.95035732934015027  0.96644190783376371  0.98254669463495903  1.00000000000000000
  0.26823816133876843  0.54417023622289029  0.60024043660693127  0.63139454544257922
  0.66253036597874926  0.68829482318587887  0.70995091116822084  0.72903474759227704
  0.74578805836264561  0.76045503864889696  0.77407120328647450  0.78557833958285550
  0.79616906873578441  0.80667927194707345  0.81663742371946924  0.82590428864572007
  0.83435166983672415  0.84178596679885020  0.84852418844532040  0.85474901902210454
  0.86021262200602411  0.86542305357904559  0.87066006511803329  0.87604778465307831
  0.88134397423174937  0.88638407039859024  0.89106495932402074  0.89555263703774268
  0.89982646781442233  0.90390132070317442  0.90758175405348496  0.91103266466969868
  0.91441241740822854  0.91769804636407470  0.92086747418916359  0.92406728329246834
  0.92718776765185718  0.93037458524980010  0.93325906011347615  0.93608707844105787
  0.93873935676104381  0.94125309640128441  0.94368733919133041  0.94599189827135899
  0.94813952794722367  0.95014034377419565  0.95213145212328143  0.95401146991422991
  0.95583169453029115  0.95765491625119781  0.95930301237783566  0.96063166802314437
  0.96204257494821754  0.96338122599986087  0.96470375017953869  0.96596546190854027
  0.96723675722892521  0.96839759322436569  0.96955771618896547  0.97070666855781917
  0.97183211315472773  0.97298107387892940  0.97421966514638136  0.97532788388306935
  0.97636936777988437  0.97739726433430418  0.97838952297541026  0.97933013766567834
  0.98020360379701621  0.98098884104053008  0.98176353961123919  0.98254423074291031
  0.98335424551115513  0.98424086342434569  0.98517027660219048  0.98607510015061994
  0.98693575915145015  0.98772996671847124  0.98852920903962926  0.98931099381845755
  0.99009573044887877  0.99089908831452989  0.99160426470167418  0.99230529423804670
  0.99299318942649273  0.99365049887374302  0.99431416088296143  0.99498311864269595
  0.99565447081070402  0.99624312210033994  0.99679169649996824  0.99732716933994503
  0.99786057638446446  0.99843106592885900  0.99912736696194993  1.00000000000000000
   7.0063608026458549E-008  -1.0000000000000000     
 F F F F F F F F F F F F F F F F F F F F F F F F F F F F F F F F F F F F F F F F F F F F F F F F F F F F F F F F F F F F F F F F
  <DiscreteSampler_grid>
  grouped_processes
  1 # 1 for a reference and 2 for a running grid.
  10 # Attribute 'min_bin_probing_points' of the grid.
  1 # Attribute 'grid_mode' of the grid. 1=='default',2=='initialization'
  0.0000000000000000 # Attribute 'small_contrib_threshold' of the grid.
  0.5000000000000000 # Attribute 'damping_power' of the grid.
 # binID   n_entries weight   weight_sqr   abs_weight
    10   10   1.519858930594711E+001   5.199647989964908E+002   1.519858930594711E+001
  </DiscreteSampler_grid>
