  0.00324575877755897  0.01076777683396666  0.02085077918269921  0.03219569023417632
  0.04511344329827217  0.05816270598547094  0.07000643522063670  0.08113323276348568
  0.09259981034585280  0.10421569105435335  0.11555227849546802  0.12733205668333583
  0.13956944316684530  0.15126726896601581  0.16214735666823515  0.17274944721869281
  0.18263125876658087  0.19181126848522698  0.20116613093263802  0.21076219372198204
  0.22096272490896082  0.23134427790648904  0.24180889361954305  0.25353208737160982
  0.26370421320295606  0.27502232932522352  0.28679056922786372  0.29848175111242636
  0.31135034887608098  0.32564210472497690  0.34011050158264833  0.35367412678049881
  0.36638565258087119  0.37908948902259781  0.39346182314384698  0.40550398735242821
  0.41667001404324866  0.42727649514716692  0.43760301753870934  0.44799232553847124
  0.45832725138522762  0.46881310205050630  0.47996635752179001  0.48831462121179386
  0.49764102556760492  0.50628533411226107  0.51422942028056118  0.52205896813783914
  0.52953900344381100  0.53721396149301237  0.54600901769773436  0.55711779125560412
  0.56917565808311710  0.58177977918533363  0.59567082441239938  0.60985074586449262
  0.62427973265559789  0.63483444969597802  0.64521757104273103  0.65530781346769817
  0.66527119466236684  0.67443626208790619  0.68391875127187696  0.69350469323882769
  0.70317456470787387  0.71187572648206443  0.71934259942000978  0.72724543469313152
  0.73611810420143797  0.74573515477257324  0.75571416689618309  0.76617040167747075
  0.77587606305724288  0.78488705809359360  0.79418571579719177  0.80351154035180072
  0.81175545682975991  0.81684902907691381  0.82169508834482852  0.82653063458558818
  0.83184203411981661  0.83801663939459115  0.85014523701935463  0.86151415467867776
  0.87131358450881313  0.88085087784610838  0.89110063653882055  0.90259504777653365
  0.91538892367381353  0.92944107203632798  0.94326798941579892  0.95494345872201014
  0.96571826359172486  0.97614193714701791  0.98767454336859450  1.00000000000000000
  0.00001531094377309  0.00002058147361548  0.00002906391282773  0.00004040509405077
  0.00005236422171792  0.00006701927611377  0.00008633243991066  0.00010470619924321
  0.00012521275202098  0.00015563156981926  0.00019766556030168  0.00024754123439523
  0.00030368455009047  0.00036977337527382  0.00044614496157782  0.00053309171323533
  0.00063169039250285  0.00074293683978972  0.00086967379180318  0.00100216662580334
  0.00113984496341055  0.00128199060167884  0.00145170510899267  0.00163854309773713
  0.00184030660364230  0.00205680927126036  0.00228779193604938  0.00254096210575130
  0.00280268591490950  0.00308043544753911  0.00332242712626569  0.00358773660960609
  0.00388988097628091  0.00419148065234126  0.00449810023538941  0.00479723418024568
  0.00510007143414730  0.00540056225700377  0.00574460862459204  0.00612814148817409
  0.00654823693483217  0.00693449028527515  0.00736097822857143  0.00779268406785095
  0.00820127878359049  0.00854203783092750  0.00888697647851719  0.00925572300250659
  0.00964015067485142  0.00999726638504665  0.01034507521108372  0.01073453371483428
  0.01118944742534923  0.01174157100563808  0.01247826511831493  0.01347368092174791
  0.01468391332970726  0.01568309601357552  0.01627982642905297  0.01661243131807744
  0.01692725360297532  0.01723827615304641  0.01755762006542837  0.01804499626717791
  0.01858619413276312  0.01914176496236849  0.01968300546702567  0.02012063511943463
  0.02059393270099616  0.02104139418381387  0.02157643722885091  0.02213536178054165
  0.02270194969775746  0.02330351394792207  0.02388545082079509  0.02466406310906726
  0.02564835050298614  0.02657962100727067  0.02755498992972803  0.02908857479491429
  0.03035800842555437  0.03135716716804618  0.03192757075250555  0.03255735282064794
  0.03338994182715842  0.03418708864112710  0.03624927773138017  0.03994144971519095
  0.04346295182969225  0.04724787803905765  0.05074136575606238  0.05378614249185301
  0.05559551238746125  0.05562640500414037  0.05569013429290263  1.00000000000000000
  0.00000748207770783  0.00001199252656173  0.00001952980111909  0.00002949739981749
  0.00004147309836572  0.00005650376066009  0.00007373199783897  0.00009118723849604
  0.00011038363846355  0.00013106780937971  0.00015304031950388  0.00017697492275383
  0.00020270934240390  0.00023009835777154  0.00025935125690382  0.00029128622912256
  0.00032311734684972  0.00035486742628446  0.00038638201327692  0.00041689363955040
  0.00044750188605254  0.00048115070636179  0.00051713760333055  0.00055710540611447
  0.00059919273494795  0.00064129662489782  0.00068413590673755  0.00072899536626245
  0.00077587028550805  0.00082662291953395  0.00087400686504122  0.00092302621525767
  0.00097179921544416  0.00102058995948721  0.00107342301122700  0.00112921532140833
  0.00119006624235521  0.00125383243283424  0.00131805208518223  0.00137608601434331
  0.00142754983494718  0.00148448072980621  0.00154381226666640  0.00160929178567621
  0.00167781227158664  0.00174473467261986  0.00181955073671375  0.00189501203707477
  0.00197336879434446  0.00204616082065385  0.00211405034340150  0.00218830542940650
  0.00226711333523899  0.00234293678761944  0.00240882139449171  0.00249921769735056
  0.00262099837124868  0.00275457720236070  0.00289634231081501  0.00304310478407926
  0.00318917195377730  0.00332853815201152  0.00346208065015465  0.00361114875227275
  0.00377973521430302  0.00395383513563949  0.00415714879104657  0.00438945742404457
  0.00466211658298295  0.00498569777065573  0.00532623048007737  0.00565999671946861
  0.00595232241604807  0.00625541405733438  0.00655433731949590  0.00687857127815607
  0.00726723507491830  0.00772791160539175  0.00828347139888581  0.00891916979626103
  0.00959753469288343  0.01032220912797697  0.01113548679985731  0.01213695675371734
  0.01340722092172733  0.01478088829005441  0.01650173545261521  0.01847360360663845
  0.02007122655899746  0.02220603341745012  0.02459264820171642  0.02676655173630435
  0.03203151048676957  0.06239190782150057  0.16422347996777750  1.00000000000000000
 -0.00483659778046208  0.02474240418496768  0.04931802111079232  0.07227728673466056
  0.09104564483126608  0.10558580549744440  0.11906915435169579  0.13185853519437926
  0.14561186588874245  0.16073297566695324  0.17677594845110825  0.19221263754157600
  0.20707216593642466  0.22189601989925167  0.23554766351436723  0.24749843792071799
  0.25874778593889552  0.26994025776310920  0.28148435591796178  0.29292329757172048
  0.30435633660914091  0.31594593606240184  0.32722801152333181  0.33590808739088829
  0.34183094879785914  0.34824656753569966  0.35465162872016714  0.36049700819234992
  0.36612244205341354  0.37596867710444981  0.38862195789059950  0.40101356586375925
  0.41247537509829024  0.42186408608935427  0.43011471816362878  0.43829909836465719
  0.44671732516360318  0.45583647991339321  0.46541556612650736  0.47450247451058203
  0.48270793540589979  0.49081007126899251  0.49925271686480216  0.50758273819862776
  0.51547717555556805  0.52340480894280073  0.53151957880164580  0.54009073905687011
  0.55085073859444589  0.56284112645426232  0.57376004874454256  0.58412695465146824
  0.59443441574484768  0.60506398014808849  0.61598323796360022  0.62675723754229484
  0.63707790506722872  0.64712225374488663  0.65651803690477428  0.66581465289102815
  0.67554879828581516  0.68513963834318581  0.69502260303552743  0.70392485972127028
  0.71299514404223951  0.72214815503132701  0.73138535555776296  0.74057349875180245
  0.74948622429387401  0.75825027813007861  0.76665608337054780  0.77549260352591320
  0.78476409272162384  0.79445722502155236  0.80446676900677505  0.81498508515335844
  0.82654897924827619  0.83809686044991150  0.84900742740471569  0.85945437314947937
  0.86897281104691682  0.87762560515254229  0.88514314338994482  0.89202411893696254
  0.89913262720318898  0.90703572182104442  0.91605796635893044  0.92595854915483422
  0.93589645622541229  0.94524403585184225  0.95420013626910150  0.96305018330754744
  0.97229810324594523  0.98166148926275076  0.99096557591992473  1.00000000000000000
 -0.00167760135647827  0.00789016576885373  0.01618054331895829  0.02419621952014937
  0.03214822020490839  0.04067958992379393  0.05065199385129062  0.06330548485827150
  0.07595796090639700  0.08814568081320782  0.09974797291420887  0.11116655548865255
  0.12296325553394809  0.13484976693066725  0.14662538812403642  0.15757944297541085
  0.16808307778092832  0.17886040242897011  0.18935234835254472  0.20012012742734511
  0.21057643807008308  0.22194130235933782  0.23339987726861541  0.24439089067511810
  0.25548339677797277  0.26725028142830687  0.27738376841200590  0.28665613380532201
  0.29529108468764348  0.30359972084174430  0.31294011958478390  0.32247442017007505
  0.33191497875995574  0.34086252133726774  0.34928625467263180  0.35768570425557139
  0.36685073030779980  0.37806506657686156  0.39053662853660531  0.40257648651805950
  0.41442695341020358  0.42694078045654710  0.44041395532385941  0.45324681383064180
  0.46449456309271164  0.47450272989432152  0.48288569301951606  0.48986274495708454
  0.49684277776657326  0.50412060866691799  0.51278163532837451  0.52180154211339669
  0.53025034730808318  0.53839186180824483  0.54647848587882675  0.55518085953897800
  0.56409109888080367  0.57239045210166373  0.58156925783547697  0.59460855121936151
  0.61009706563665034  0.62411830596751572  0.63629945622483652  0.64865735881500131
  0.66133929846980910  0.67743212946023301  0.69408561728374585  0.70847245475209408
  0.72257651450440741  0.73447240761686516  0.74570771998304686  0.75521112728113338
  0.76056926008737058  0.76588375277624243  0.77130640152332830  0.77662328102581946
  0.78179673784664772  0.78704713734207254  0.79610514516310593  0.80756701442344725
  0.81875723065446671  0.83010466573759123  0.84168268515789924  0.85344957094159646
  0.86440382661570569  0.87585145407533005  0.88855928989280963  0.90157717929224102
  0.91462548603635874  0.92641027791519004  0.93747803728369616  0.94817485795820622
  0.95947236132265279  0.97184231164964663  0.98511648041951583  1.00000000000000000
 -0.00239762121227551  0.01010840442973517  0.02000727585899210  0.03028169484448553
  0.04051036070721460  0.05165855546686215  0.06344447881307960  0.07514802845411094
  0.08629022430352304  0.09726606229504639  0.10833798878692930  0.11943627875451644
  0.12724879435472036  0.13410799227909367  0.14107606206298359  0.14870282169555227
  0.15575380145804679  0.16261296839875744  0.16966051454150785  0.17689450803229861
  0.18457842245093228  0.19283614041580452  0.20112775865417729  0.21001108647117178
  0.22133040129152651  0.23266489787980638  0.24393123447984352  0.25408024856621131
  0.26380683664642113  0.27323680904311110  0.28253078207741289  0.29188159409005615
  0.30117592767355827  0.31094318124137987  0.32157368566849359  0.33327429384068930
  0.34526759959786357  0.35688644061509844  0.36776795140496071  0.37837125356707640
  0.38916828642378642  0.39982089007070848  0.41058903675744907  0.42273139509062702
  0.43608629664968046  0.44788617104761802  0.45895290378264736  0.46945131399874951
  0.48015015644173503  0.49066912402849105  0.50247300259095806  0.51673437404622147
  0.53169466421944211  0.54548643230086824  0.55706763873114373  0.56796317185062994
  0.57897915858451332  0.59099789227786959  0.60334630074538620  0.61527717603621879
  0.62705454000926197  0.63859372491928545  0.65078041002513798  0.66323284414431427
  0.67689134336082168  0.68893657534776676  0.69893169689980517  0.70882323994817653
  0.71910912525961146  0.72995114134907002  0.74035323234862938  0.75039368823479946
  0.76056806725465309  0.77090313251130849  0.78184816965673665  0.79393603674939017
  0.80629202102529030  0.81883454051575644  0.83139443084820408  0.84440256508865208
  0.85753962361001479  0.87046789197395436  0.88269057812958607  0.89444398767400191
  0.90581224458711540  0.91744095640652956  0.92427503519577314  0.93100532729140140
  0.93762433850880933  0.94400447909255059  0.95025731783964373  0.95958904345647644
  0.97079623610735244  0.98122395133426887  0.99092904072452326  1.00000000000000000
 -0.00122741534413931  0.00576548623329405  0.01057143771083851  0.01427475433803895
  0.01739743330734197  0.02035678598323004  0.02227275979365969  0.02413077800322637
  0.02604496112752160  0.02781554344111574  0.02954884091075497  0.03124109366630255
  0.03289699500245855  0.03436897196091197  0.03580769698210193  0.03709049631286109
  0.03788758584689478  0.03856154361506686  0.03923658413009262  0.03995886354982613
  0.04073620561101609  0.04151025231013069  0.04207443452884302  0.04255999627647757
  0.04326784479234502  0.04442928363605779  0.04573205777234265  0.04698217697181696
  0.04808950150621792  0.04916391720308164  0.05019980838527116  0.05136531501561430
  0.05265183505139976  0.05393967104612881  0.05509802847943482  0.05613697919299850
  0.05714976727841564  0.05829060323434962  0.05971831849420906  0.06129330395420647
  0.06279647406991191  0.06457038972882247  0.06607808329177174  0.06747655719792933
  0.06879122910846790  0.07067873024648025  0.07308384791278005  0.07470124226668293
  0.07585326819084703  0.07696077525183444  0.07809229857091397  0.07976461909680704
  0.08199895540070240  0.08376936445606417  0.08553680158618840  0.08725942746211617
  0.08913994116878517  0.09147260842713251  0.09384199227323281  0.09583504107335290
  0.09769435754476175  0.09922751867645574  0.10049490182271864  0.10174052822781089
  0.10331410875216279  0.10534047284284793  0.10729190976147163  0.10901615483181518
  0.11056011779283084  0.11209957795035290  0.11390986767145010  0.11559037534130315
  0.11705785314329820  0.11850545973939920  0.12017087522142518  0.12189192473044677
  0.12356299282025189  0.12557027946297505  0.12765295333216090  0.12934579934852081
  0.13203849430588249  0.14365513769379645  0.14585226699105255  0.14825653909001532
  0.15079884195594073  0.15334114482186614  0.15634065391047225  0.15972312720373871
  0.16310560049700518  0.16559302739133935  0.16716373862011816  0.16873444984889696
  0.19392765464240289  0.22382319203156628  0.23436400819052522  1.00000000000000000
 -0.00187687569766216  0.00848626529147938  0.01835125025609578  0.02681887510274585
  0.03494856181235508  0.04329526632348445  0.05228217136293751  0.06213701666872493
  0.07159635883682415  0.08150435636001051  0.09237330160929745  0.10422688889185318
  0.11618670349665036  0.12791483905854112  0.13922288255609250  0.15005310697010948
  0.16063766621846393  0.17071205736215739  0.17998871481666939  0.18947975850039261
  0.19923233835364335  0.20899713864765032  0.21889365065388505  0.22779211769428795
  0.23469751477538423  0.24121649540576187  0.24808727716193424  0.25347073525405994
  0.25922869385378911  0.26496667252537004  0.27605039379710733  0.28766937844706753
  0.30000009722285775  0.31166648010053760  0.32162801455848400  0.33181089680552939
  0.34364209356581049  0.35610208106823882  0.36784574337122450  0.37881195064709972
  0.39107621799560122  0.40280495995816001  0.41414657214419004  0.42437627774470915
  0.43437824499097433  0.44631941620255422  0.45817739467404267  0.47008153690367110
  0.48220717557787834  0.49394798469500045  0.50565091383922911  0.51726493031506871
  0.52821701141779198  0.53955483198791243  0.55208437935113830  0.56513578131104569
  0.57623981585321027  0.58718265772525535  0.59826496533550866  0.60882323760962065
  0.62018294023389753  0.63250724481314635  0.64671451023591164  0.66190060524161320
  0.67608124824954374  0.69028728823035057  0.70216657546007910  0.71310999769379613
  0.72323400409752803  0.73472212987582508  0.74758519929427392  0.76064666617963572
  0.77363725920525794  0.78617106007470905  0.79809118083115416  0.80923265649099674
  0.81928910202226046  0.82889235273478912  0.83884696653473001  0.84869252891010349
  0.85795994494490868  0.86701683814353780  0.87645046973279539  0.88682585175527906
  0.89741565557692482  0.90317754560871633  0.91068191715235147  0.91883205275776270
  0.92745816764049749  0.93568100638226770  0.94365450260526917  0.95149171896607532
  0.96103575174948774  0.97484749978663265  0.98786458432267288  1.00000000000000000
 -0.00310952424955049  0.68530113371763490  0.73837570056297197  0.77348371739027355
  0.79978353775921762  0.82093227538569657  0.83774032159568856  0.85137051196802827
  0.86252465639955767  0.87203971410326231  0.88094604902178253  0.88942487715797192
  0.89697850238187449  0.90291993235218504  0.90835660074463798  0.91364532980709301
  0.91866928805799197  0.92288423267677833  0.92692193771304554  0.93074043071635126
  0.93435762343592632  0.93759716814407756  0.94039337378727539  0.94293834157832834
  0.94536004450697542  0.94763932968497877  0.94985229238420588  0.95202665715237822
  0.95404479795996533  0.95601894302881185  0.95779653622845684  0.95926204597452858
  0.96057373519464484  0.96181970189219290  0.96302943620321946  0.96417557279298116
  0.96527608056151504  0.96633607909681685  0.96739438773307695  0.96847106888761691
  0.96946907321168163  0.97043542524993487  0.97137069312527013  0.97228418418233697
  0.97316991035411482  0.97406367340098921  0.97494149778349004  0.97579074270784416
  0.97666021698482752  0.97751477013351595  0.97833596058137728  0.97911011902133460
  0.97983755532056549  0.98053833217644215  0.98122062683535505  0.98189338302264317
  0.98257527822856960  0.98324348636781322  0.98392313114336372  0.98458478132630933
  0.98524483194748991  0.98591387267055342  0.98658458316941322  0.98723665840546793
  0.98786097731980815  0.98842965470399802  0.98896160960193225  0.98945604140945176
  0.98991742323485454  0.99036425013475671  0.99079936939819879  0.99124282852633150
  0.99169124268291275  0.99212096495314983  0.99253629341740934  0.99295556494714943
  0.99337229319271758  0.99378342089837324  0.99419858702483810  0.99460677734130198
  0.99496710169864466  0.99521968278411987  0.99548157587664032  0.99575151989805144
  0.99603036799552902  0.99632384930575812  0.99664072033346074  0.99693850341084089
  0.99720245567160815  0.99744649810804142  0.99767370453816751  0.99788252430756474
  0.99824207185068659  0.99867329051133191  0.99917902991053265  1.00000000000000000
   2.6259016305791784E-008  -1.0000000000000000     
 F F F F F F F F F F F F F F F F F F F F F F F F F F F F F F F F F F F F F F F F F F F F F F F F F F F F F F F F F F F F F F F F
  <DiscreteSampler_grid>
  grouped_processes
  1 # 1 for a reference and 2 for a running grid.
  10 # Attribute 'min_bin_probing_points' of the grid.
  1 # Attribute 'grid_mode' of the grid. 1=='default',2=='initialization'
  0.0000000000000000 # Attribute 'small_contrib_threshold' of the grid.
  0.5000000000000000 # Attribute 'damping_power' of the grid.
 # binID   n_entries weight   weight_sqr   abs_weight
    10   10   3.024709497094605E+000   2.785985813477346E+001   3.024709497094605E+000
  </DiscreteSampler_grid>
