  0.00317247275793643  0.01140656284691595  0.02129737015550920  0.03181530203295074
  0.04251561086390920  0.05417427942526108  0.06338019046935099  0.06993981066633763
  0.07545557209780890  0.08048578216217697  0.08513449439940589  0.08969393487322525
  0.09923938654891744  0.10946483538956087  0.12084748071218296  0.13146079943721914
  0.14040398333875970  0.14863084427938372  0.15783126701588499  0.16931929448168320
  0.18248565957561627  0.19653574152816719  0.20997625473616316  0.22270853132703827
  0.23596925487118375  0.25038867310124086  0.26329855451785761  0.27442464850976817
  0.28493965776257707  0.29580371486473678  0.30768162778782115  0.31761426327121017
  0.32661370177645638  0.33658429999460276  0.34898539172646992  0.36038849538902085
  0.37075522951373296  0.38110270761317561  0.39219294666548288  0.40284400606483189
  0.41331651541411729  0.42103152235814678  0.42807300175570817  0.43520070675013856
  0.44278535364499133  0.45264882167260589  0.46588788801430164  0.48114121193937126
  0.49636185345543105  0.50908691300791842  0.51943321895649852  0.52934904327691767
  0.53857958735708478  0.54741359205841600  0.55662389654398803  0.56787223657496988
  0.58162133041115183  0.59433793408540136  0.60609273657341256  0.61683128940510290
  0.62615528892630379  0.63408843451501296  0.64085276867799712  0.64810610728874329
  0.65645155962612889  0.66622561831148641  0.67843821814537963  0.69120889679094066
  0.70401047356540736  0.71671879290705709  0.72919895782479127  0.74154532466955181
  0.75257103407695236  0.76227018435582727  0.77169425160918381  0.77939315480361371
  0.78741040464201939  0.79629335830915504  0.80555865541420080  0.81365064183670077
  0.82093673061940242  0.82772500207349298  0.83451905318135855  0.84265220160038978
  0.85288719485571041  0.86761198254613325  0.88103808433433839  0.89179166776388008
  0.90325105038795261  0.91643971766108789  0.92980116899923992  0.94336816664251344
  0.95831038381292577  0.97272943138759072  0.98689392517894070  1.00000000000000000
  0.00009894081831637  0.00010184686472572  0.00010416535449579  0.00010629646181227
  0.00010831975676269  0.00011058915124168  0.00011309319881971  0.00011631754085267
  0.00012008033695361  0.00012378096170086  0.00012756998795892  0.00013173340064971
  0.00013585885708480  0.00013989183181968  0.00014375852225903  0.00014755088968489
  0.00015138128348595  0.00015541967679514  0.00015965503260600  0.00016393177163946
  0.00016908002541951  0.00017373998095471  0.00017922169811158  0.00018533152033691
  0.00019214154374792  0.00020077439203250  0.00021004845323715  0.00021871195864742
  0.00022728445841686  0.00023646213827659  0.00024710371492792  0.00025893695705505
  0.00027303515088199  0.00028866590978574  0.00030473545067953  0.00031914438396497
  0.00033500291772537  0.00035088375225396  0.00036890523879317  0.00038644543372137
  0.00040641553113419  0.00042247415221457  0.00043900712242592  0.00045547828094957
  0.00047149240205525  0.00049260154500578  0.00051358348352168  0.00053833894540429
  0.00056594015044118  0.00059412964257777  0.00062445913950494  0.00066193427110171
  0.00070529035442319  0.00074723890539851  0.00079265334293982  0.00084089007855152
  0.00089135687329777  0.00094460632719114  0.00099935237889679  0.00106441618947898
  0.00114928892806513  0.00125643539385236  0.00137073721337022  0.00147806462485429
  0.00157805396092840  0.00169575888897009  0.00183407628656844  0.00199823414684064
  0.00218693873584697  0.00238011566818455  0.00257735411963483  0.00276867467437648
  0.00296242075050984  0.00316459838360253  0.00339930359241256  0.00360972659104910
  0.00376400798154886  0.00393948454693842  0.00412428559388454  0.00435955379365870
  0.00466664218150670  0.00523692420469418  0.00600927175112100  0.00706664288377548
  0.00826076883593782  0.00954517146963599  0.01121257348784236  0.01362733676744626
  0.01692440807592224  0.02132325585119035  0.02733056521806141  0.03637294902991124
  0.05243679006855341  0.09269203987324191  0.43973416296216533  1.00000000000000000
  0.00005679396001172  0.00007796623036536  0.00010009778796054  0.00013010078245916
  0.00015728378736159  0.00018572696529027  0.00022255994764556  0.00026424995683408
  0.00030254633955310  0.00034746821600723  0.00040087499231094  0.00047692300801131
  0.00056007830705532  0.00063689632668894  0.00072316379805213  0.00083960528132952
  0.00098119846324800  0.00113898820631543  0.00131246118984309  0.00150642094438509
  0.00172870890811188  0.00197064047264894  0.00221905077873874  0.00247746673776256
  0.00270473585365223  0.00293700946823947  0.00322673738861597  0.00359560651605536
  0.00399110801670803  0.00440388205894302  0.00481883216985547  0.00527620083615014
  0.00578003402416184  0.00632596798048157  0.00686728109068140  0.00743189960528945
  0.00802691411643645  0.00870970686431627  0.00949475207530425  0.01027768118126712
  0.01098153312881028  0.01165088812942424  0.01240817652631650  0.01325515999770141
  0.01418507269727282  0.01508870966887691  0.01584215636170113  0.01658517115634897
  0.01733559696563879  0.01828689795230781  0.01916984275038220  0.02008296247180673
  0.02091976516306810  0.02189804789241875  0.02299649832942038  0.02415825436672897
  0.02523935850617534  0.02656833943790306  0.02810099943394233  0.02941888081787031
  0.03073423195398678  0.03235869202684090  0.03373571390526575  0.03513436103326194
  0.03724043987122736  0.03932540770893720  0.04154015187403261  0.04348531219322856
  0.04577224617291038  0.04867446217280418  0.05243142789986428  0.05560332031289292
  0.05786092181576523  0.05940641983911244  0.06093068417513101  0.06234964033586436
  0.06403235416085000  0.06596512596062346  0.06777455682069228  0.06990591954483014
  0.07246333452331041  0.07537226416499715  0.07951567443447843  0.08231080010516395
  0.08396823552417405  0.08562567094318414  0.08728310636219423  0.08894054178120432
  0.09365525512644785  0.16277531678105533  0.23189537843566282  0.30101544009027031
  0.37013550174487780  0.43925556339948529  0.50837562505409273  1.00000000000000000
 -0.00108287195045723  0.00565044514982927  0.01182521009941198  0.01818386643700552
  0.02522161270930410  0.03284530724871674  0.04090710025500972  0.04762711121485296
  0.05371859015843274  0.05936173147858224  0.06540391193872834  0.07369235389895346
  0.08271410449935698  0.09114881258176898  0.09937737995178231  0.10755173691694490
  0.11633928145226378  0.12507643565475760  0.13522589719007663  0.14534488154960340
  0.15513725180250076  0.16486355570058478  0.17423624810322991  0.18388711043254083
  0.19417663973793242  0.20433510917013156  0.21418355547489229  0.22317246529665824
  0.23282271055762785  0.24056393143477831  0.24800645566353918  0.25509275926909264
  0.26244269978238605  0.27191946232341985  0.28322677272849311  0.29421901600466127
  0.30475509487929447  0.31419548857910934  0.32298146566147262  0.33209444241392333
  0.34108384085368271  0.35004738133044244  0.35910422037144768  0.36789690557042581
  0.37734387832082977  0.38800862312112189  0.40013857375321471  0.41194331422154962
  0.42294999033340530  0.43397165951966610  0.44355145921397271  0.45288326115739441
  0.46281214794190467  0.47446286370038021  0.48423181010422861  0.49277144973356213
  0.50120510238984095  0.51099271726576956  0.52182410245665911  0.53320084404560708
  0.54556811840586883  0.55890259651406482  0.57204905938714057  0.58381727554107588
  0.59406682208140682  0.60379443383969844  0.61270026970670843  0.62285546108788103
  0.63071160674689308  0.63505354968349970  0.63983701546641880  0.64564251343834156
  0.65140268538632529  0.65701475814095667  0.66374444143401323  0.67534523616753683
  0.68721303319865057  0.69850599928340174  0.71041005432735937  0.72403738681528607
  0.73609450878453053  0.74838898062112269  0.76107225475400953  0.77769133732364470
  0.79558525868344609  0.80943709526000462  0.82219318136149355  0.83639807225279361
  0.85601608125852735  0.87795140472682065  0.89951570263194269  0.91820429790524472
  0.93540802968523951  0.95309488676643261  0.97220323057381275  1.00000000000000000
 -0.00150092273368902  0.00624714269798563  0.01480335047772673  0.02501399983086884
  0.03701833120584559  0.04802599803583431  0.05929039499789834  0.06823887689575414
  0.07896107164066786  0.08939513383649669  0.10041430938892808  0.10914668626738301
  0.11456030526988989  0.11994228068019175  0.12529604633354674  0.13075704617486072
  0.13630468908596816  0.14613718157062253  0.16069213645570621  0.17488382665211416
  0.18727896610768871  0.19815666623740472  0.20879879903492879  0.21963837791471377
  0.22964727661432116  0.23898676839881544  0.24772334281400818  0.25695029372609718
  0.26816075228303743  0.28134239867576710  0.29477507894833105  0.30574981424456099
  0.31459564761591385  0.32260272282014207  0.33002981765182327  0.33883470794495540
  0.34747345593198548  0.35629438981119604  0.36603064655607026  0.37661271549565922
  0.38876119198723830  0.40124474925767567  0.41375395429440309  0.42615069729025840
  0.43861119247763564  0.45129713283509082  0.46355197613521570  0.47505323768956231
  0.48555945487403424  0.49583186210931451  0.50487725547760620  0.51338762274154270
  0.52238727150605757  0.53300378305665852  0.54566299628188386  0.55889748579846921
  0.57206854185304279  0.58386457031848271  0.59442820153796072  0.60428906695833473
  0.61278297600713028  0.62048633570531508  0.62822471320251672  0.63690765580973019
  0.64620936683347097  0.65655500387276111  0.66719719628436858  0.67940978609526415
  0.69307126195334112  0.70724133421532642  0.72139965571350373  0.73530919083258084
  0.74882350767762773  0.76116970081090984  0.77341574729211571  0.78522050368907481
  0.79812111155323551  0.81054963508019451  0.82040447286633345  0.83010774506749807
  0.84017103565505891  0.84990111656828737  0.86010298062431900  0.86875506561145455
  0.87720139491222349  0.88832658617194971  0.89944701285247319  0.90975257731485526
  0.91946483380984612  0.93055205286953047  0.94135342370415143  0.95168172038176102
  0.96297838856700924  0.97550505460609782  0.98833522696432097  1.00000000000000000
 -0.00222268503827165  0.00920466249605083  0.02004722011494934  0.03111988868815835
  0.04025867493301023  0.04879675730953336  0.05719503566702879  0.06755620464868448
  0.07920519784988175  0.09072510022270752  0.10112840046940251  0.11166898313645374
  0.12318672768763266  0.13409957584559443  0.14436297166986084  0.15448927157585449
  0.16479532532879718  0.17520567248630547  0.18589215176220519  0.19722997187454427
  0.20929649834144201  0.22203228878928580  0.23125717903157106  0.23703685026801560
  0.24214123995101902  0.24690970033271337  0.25127679683126936  0.25556301497371087
  0.26338198959294284  0.27170302726087930  0.28158160747703503  0.29431647672523353
  0.30660300138027941  0.31809525352017171  0.32946878596587953  0.34088104531674257
  0.35018772318145380  0.35967596344245006  0.36871125856101489  0.37859067586921213
  0.38963382844344241  0.40254660052670493  0.41426050776249768  0.42521365407356837
  0.43684926175698202  0.44715202301400692  0.45583402623717267  0.46326095965900160
  0.47029574366456856  0.47983433111453971  0.48942472154510219  0.49984478780490932
  0.50933503712751815  0.51936326053705417  0.53066664590385004  0.54442775602047555
  0.55599352435259619  0.56677752483554278  0.57832449711615497  0.59164567757489317
  0.60562702767999632  0.61611625002345494  0.62624730046071964  0.63543560033290436
  0.64583056270146555  0.65663716981819908  0.66809311061833887  0.67999661775939702
  0.69279633675725294  0.70549485923171429  0.71688079414189976  0.72788541471203483
  0.74022239136224788  0.75377252844221099  0.76673129730131617  0.77777063268294944
  0.78657434987785613  0.79471870552249746  0.80297787394166842  0.81118794903889158
  0.82430393075944675  0.83585336976998470  0.84488806297150165  0.85345992984439889
  0.86279514364116361  0.87421843485605744  0.88932061500606019  0.90230317839592322
  0.91291361597115528  0.92352119603377447  0.93437848347726493  0.94620624634208517
  0.95935419942473088  0.97265583832706104  0.98577912445062243  1.00000000000000000
  0.00229097755303555  0.00371711254141356  0.00510563927669814  0.00654051269389067
  0.00791893136802204  0.00918413535499507  0.01040880985111286  0.01161379295586905
  0.01282479555767658  0.01399667354435355  0.01513075311857435  0.01623648984961903
  0.01731406169846207  0.01840993309315762  0.01949345136411015  0.02055527814185300
  0.02159006676224627  0.02262214266084866  0.02368033312432558  0.02475687758171096
  0.02581374662914542  0.02687183924035559  0.02795613237807170  0.02900041381054384
  0.03011528454467846  0.03133385008740588  0.03254297458605029  0.03365592531091872
  0.03490297840924674  0.03606500029654962  0.03712855242953594  0.03827233084525294
  0.03948598247872587  0.04077261052054530  0.04239513557201886  0.04391037021384145
  0.04551612400010947  0.04713456629842471  0.04877595939683241  0.05037151362619520
  0.05202580037390222  0.05388057313309251  0.05596571311106892  0.05820449654401551
  0.06011782124743987  0.06177540921765749  0.06319631986934676  0.06469477396125224
  0.06588838834775321  0.06683592754415223  0.06752522339240914  0.06821535358443517
  0.06886734246448760  0.06945873317632117  0.07007839445916543  0.07089391089911459
  0.07164839296088280  0.07266845032410774  0.07389436272758593  0.07549654492723394
  0.07722059897980153  0.07898386817649179  0.08048620555056646  0.08207540081326534
  0.08365166084508049  0.08529376015824354  0.08684680506605537  0.08851327734778242
  0.09082008306865581  0.09363352561341526  0.09606969343498160  0.09905206874607803
  0.10254308142696389  0.10646871180820223  0.11047087935057871  0.11280628753660434
  0.11516484658502255  0.11758995858997050  0.11869976526938723  0.11954591596821607
  0.12039206666704488  0.12125311399545464  0.12216652951620739  0.12307994503696014
  0.12399336055771287  0.12558489294423636  0.12762006404547332  0.12965523514671026
  0.13169040624794723  0.14793356769791771  0.16727185781953677  0.18417811202209888
  0.20427595817506808  0.23268114926660183  0.29371163097294795  1.00000000000000000
 -0.00318391452194949  0.01981913305846427  0.03786072209229997  0.05554987750030409
  0.07283808570229572  0.08944134983512488  0.10454170548828975  0.11948447947136809
  0.13503103910726166  0.14946951964153421  0.16042620341736630  0.17146158022572389
  0.18156888734063684  0.19133433950269457  0.20086846706454670  0.21109332215383564
  0.22344581721513831  0.23595808938657373  0.24822882887433440  0.25994668011313832
  0.27090345630414564  0.27961715118754071  0.28771696975411615  0.29530074355017183
  0.30359126730950581  0.31339573779778940  0.32322028162030975  0.33264457963662913
  0.34155218773906643  0.35034340585170032  0.35980333769997913  0.36988592835798378
  0.37962974708255559  0.38873868944033546  0.39793670556659827  0.40770851934849872
  0.41809038229023920  0.42778029842759263  0.43732378062728411  0.44719567582683040
  0.45764039328508554  0.46929230082046824  0.48114004761908424  0.49134158594122512
  0.50044195710027173  0.51028031035227850  0.52083766183341584  0.52991697257696679
  0.53734379931524812  0.54389893267805500  0.55030694462631335  0.55935983431279368
  0.56939736572499744  0.58032535866537949  0.59076622882929286  0.60102733301196021
  0.61200898333797060  0.62179892572706519  0.63140071409851306  0.64046577950398598
  0.64878574733224836  0.65355546128645414  0.65707828715247718  0.66058112093685784
  0.66406897887590810  0.66779473806589895  0.67183443832606782  0.67792921356432745
  0.68879597456749309  0.69949370253669829  0.70935817750805730  0.71894785160951524
  0.72928919393696456  0.73999392605279524  0.75033718095018220  0.75953971114567254
  0.76861267571808167  0.77838607897294598  0.78864889148644124  0.79854448079459817
  0.80863446609227407  0.81962202323464384  0.83028317336265056  0.84113962800336728
  0.85152142401458308  0.86722245640864959  0.88032349944792010  0.89057645112139427
  0.90137048631023253  0.91389449836631964  0.92861677246149987  0.94370825902077193
  0.95823594694482261  0.97284745943403472  0.98719338727539774  1.00000000000000000
  0.05951877737924988  0.59298024252445769  0.60971892577580489  0.62696117957630504
  0.64211070017767169  0.65632118629575176  0.67023379579927644  0.68390035889578704
  0.69649939001101768  0.70774325518639958  0.71813392276575438  0.72816391173357975
  0.73756000116326192  0.74708033535880602  0.75620597304550630  0.76481402930957976
  0.77289045596399519  0.78052068317311885  0.78816998743703226  0.79540784894759387
  0.80218973577441366  0.80866187425958957  0.81502185191034526  0.82126928088035522
  0.82722810700159211  0.83298351999595377  0.83845772785462758  0.84397222120588344
  0.84944711355014291  0.85465264543656061  0.85925870848677410  0.86361389806893007
  0.86800528118402587  0.87240272497756521  0.87626578910502428  0.87966794343014487
  0.88292662962738955  0.88620053526551257  0.88965537472704914  0.89322808188834935
  0.89651615492501324  0.89961427292166640  0.90269854598103527  0.90591956725281342
  0.90894413803236129  0.91178869084853431  0.91435557075103802  0.91702969024323622
  0.91949846505765442  0.92191607817801446  0.92438314839041136  0.92678700784940860
  0.92882485736402742  0.93082143550905494  0.93277635623383859  0.93476012667880293
  0.93684359217297508  0.93894356215922170  0.94104914996179334  0.94323394456834808
  0.94547547305089463  0.94766534727733631  0.94970228069818896  0.95173267466354017
  0.95361219574677436  0.95550976843321478  0.95733484811737890  0.95894182551261919
  0.96044046119601689  0.96177167822420029  0.96299429200811049  0.96419566811788648
  0.96537773208161737  0.96659222638757158  0.96779228726604094  0.96893563398946703
  0.97005904584534552  0.97120603393292027  0.97236606490233557  0.97341210182036086
  0.97443671835025003  0.97548535979368545  0.97678290613994467  0.97833729568670080
  0.97965212989765715  0.98067698667819247  0.98168523337428715  0.98267460903550785
  0.98366007624701213  0.98462946381835803  0.98559885138970382  0.98702963261496712
  0.98871151562118864  0.99080554528334885  0.99382188732433596  1.00000000000000000
   5.4695666394705073E-009  -1.0000000000000000     
 F F F F F F F F F F F F F F F F F F F F F F F F F F F F F F F F F F F F F F F F F F F F F F F F F F F F F F F F F F F F F F F F
  <DiscreteSampler_grid>
  grouped_processes
  1 # 1 for a reference and 2 for a running grid.
  10 # Attribute 'min_bin_probing_points' of the grid.
  1 # Attribute 'grid_mode' of the grid. 1=='default',2=='initialization'
  0.0000000000000000 # Attribute 'small_contrib_threshold' of the grid.
  0.5000000000000000 # Attribute 'damping_power' of the grid.
 # binID   n_entries weight   weight_sqr   abs_weight
    10   10   3.963565882185341E+000   5.686097519648678E+001   3.963565882185341E+000
  </DiscreteSampler_grid>
