  0.00087777522712906  0.16944607028523068  0.17222547390379464  0.17500487752235858
  0.17778428114092254  0.18056368475948648  0.18334308837805044  0.18612249199661438
  0.18919099639614267  0.19254357233084926  0.19589614826555585  0.19924872420026243
  0.20260130013496899  0.20595387606967558  0.24384469177227625  0.27355840445573715
  0.27705476444662458  0.28055112443751201  0.28404748442839950  0.28754384441928693
  0.29104020441017436  0.29453656440106180  0.29803292439194917  0.30152928438283660
  0.30502564437372398  0.30852200436461141  0.31201836435549879  0.31551472434638622
  0.31901108433727360  0.32250744432816103  0.32600380431904841  0.32950016430993584
  0.33299652430082322  0.37639889445606040  0.37888318177673214  0.38136746909740388
  0.38385175641807562  0.38633604373874736  0.38882033105941910  0.39130461838009084
  0.39378890570076258  0.39627319302143432  0.39875748034210612  0.40124176766277786
  0.40372605498344966  0.40621034230412140  0.40869462962479319  0.41117891694546493
  0.41366320426613673  0.41614749158680847  0.41863177890748021  0.42111606622815195
  0.42360035354882369  0.42608464086949543  0.42856892819016718  0.43105321551083892
  0.43353750283151066  0.43602179015218240  0.48704612635095096  0.50992471593136002
  0.52102471497011471  0.53212471400886940  0.54227025915828098  0.54657043671307270
  0.55087061426786443  0.55517079182265616  0.55947096937744789  0.56379289817633860
  0.56816665826458201  0.57254041835282532  0.57691417844106863  0.58128793852931193
  0.58566169861755535  0.59003545870579877  0.59440921879404207  0.59878297888228549
  0.60315673897052891  0.64716232773525262  0.65026367115458916  0.65336501457392582
  0.65646635799326236  0.65956770141259902  0.66266904483193556  0.66577038825127222
  0.66848266322006766  0.67103679606892230  0.67359092891777683  0.67614506176663136
  0.67869919461548600  0.68125332746434053  0.68380746031319506  0.68636159316204970
  0.75531344890789098  0.86944907667157800  0.86944907667158799  1.00000000000000000
  0.00001890959181595  0.00006565742091141  0.00006655718636604  0.00006745695182066
  0.00006835671727529  0.00006925648272992  0.00007015624818454  0.00007105601363917
  0.00007195577909379  0.00007285554454842  0.00007375531000305  0.00007479362584769
  0.00007607007457904  0.00007734652331040  0.00007862297204175  0.00007989942077310
  0.00008117586950446  0.00008245231823581  0.00008372876696716  0.00008500521569852
  0.00014868270178390  0.00015996421296713  0.00017144633739249  0.00018439443535664
  0.00019769083838885  0.00021255172343931  0.00027121554779726  0.00058717114011380
  0.00059974454902583  0.00061231795793785  0.00062489136684988  0.00063746477576190
  0.00065003818467393  0.00066261159358595  0.00067538548368762  0.00068981632789742
  0.00070424717210722  0.00071867801631702  0.00073310886052682  0.00074753970473662
  0.00076197054894643  0.00077684911641673  0.00079341178975891  0.00080997446310109
  0.00082653713644328  0.00084309980978546  0.00085966248312764  0.00087622515646983
  0.00102206876919675  0.00104665071361532  0.00107123265803389  0.00109581460245246
  0.00112039654687103  0.00114497849128960  0.00116960772607219  0.00119782109388361
  0.00122603446169504  0.00125424782950646  0.00128246119731789  0.00131067456512931
  0.00133888793294074  0.00136236281404672  0.00138525678781939  0.00140815076159206
  0.00143104473536474  0.00145393870913741  0.00147683268291008  0.00149972665668275
  0.00152262063045542  0.00154700071080365  0.00157631384505263  0.00160562697930160
  0.00163494011355058  0.00166425324779955  0.00169356638204853  0.00172287951629751
  0.00175219265054648  0.00178063443616633  0.00180809128690532  0.00183554813764431
  0.00186300498838331  0.00189046183912230  0.00191791868986129  0.00194537554060028
  0.00197283239133928  0.00200028924207827  0.00202774609281726  0.00429065138956540
  0.00933597063757283  0.02037150596971847  0.02900115611975900  0.02900115611976900
  0.02900115611977900  0.02900115611978900  0.02900115611979900  1.00000000000000000
  0.00002221554435999  0.00002268465286978  0.00002315376137957  0.00002362286988936
  0.00002409197839914  0.00002456108690893  0.00002528551854406  0.00002610086664753
  0.00002691621475099  0.00002773156285445  0.00003545524166320  0.00007451244997743
  0.00007616412523761  0.00007781580049780  0.00007946747575798  0.00008111915101816
  0.00008277082627834  0.00008442250153853  0.00008618797852431  0.00008808365125171
  0.00008997932397910  0.00009187499670649  0.00009377066943388  0.00009566634216127
  0.00009756201488867  0.00009968698397962  0.00010186269925247  0.00010403841452533
  0.00010621412979819  0.00010838984507105  0.00011056556034390  0.00012898423218055
  0.00013127454848630  0.00013356486479204  0.00013585518109779  0.00013814549740354
  0.00014043581370928  0.00014272613001503  0.00014501644632077  0.00014730676262652
  0.00014982991012595  0.00015245856859324  0.00015508722706054  0.00015771588552784
  0.00016034454399513  0.00016297320246243  0.00016560186092973  0.00016823051939703
  0.00017100268768120  0.00017401967067187  0.00017703665366254  0.00018005363665322
  0.00018307061964389  0.00018608760263456  0.00018910458562523  0.00019212156861590
  0.00020391349267456  0.00029874535098252  0.00030583302161057  0.00031292069223861
  0.00032000836286666  0.00032709603349471  0.00033418370412275  0.00034170417107649
  0.00034983888389458  0.00035797359671267  0.00036610830953076  0.00037424302234885
  0.00038237773516694  0.00039083574636385  0.00040017217805001  0.00040950860973617
  0.00041884504142234  0.00042818147310850  0.00043751790479467  0.00049562468764723
  0.00114515245143207  0.00137612861731319  0.00141834012721224  0.00146055163711129
  0.00150276314701034  0.00154483859343159  0.00158584356331851  0.00162684853320544
  0.00166785350309237  0.00170885847297930  0.00174986344286623  0.00284211593427603
  0.00656999197369137  0.01518565126950835  0.02408672635910513  0.02408672635911513
  0.02408672635912513  0.02408672635913513  0.02408672635914513  1.00000000000000000
  0.14702242215474445  0.23933215099456867  0.24949763532247057  0.26062370527813333
  0.28136068578780876  0.40310751570917563  0.50069672895210748  0.50410959455293347
  0.50752246015375946  0.51093532575458545  0.51434819135541154  0.51776105695623753
  0.52117392255706352  0.52458678815788962  0.52799965375871560  0.53141251935954170
  0.53482538496036769  0.53823825056119379  0.54165111616201977  0.54506398176284576
  0.54847684736367186  0.55188971296449785  0.55530257856532383  0.55871544416614982
  0.56212830976697581  0.60590084170266223  0.60906048689600889  0.61222013208935555
  0.61537977728270221  0.61853942247604887  0.62169906766939564  0.62485871286274230
  0.62801835805608897  0.63117800324943563  0.63433764844278229  0.63749729363612906
  0.64065693882947572  0.64381658402282238  0.64654338705799075  0.64850639862520831
  0.65046941019242577  0.65243242175964333  0.65439543332686090  0.65635844489407835
  0.65832145646129592  0.66028446802851348  0.66224747959573105  0.66421049116294850
  0.66617350273016607  0.66856614007369675  0.67110292565044638  0.67363971122719601
  0.67617649680394565  0.67871328238069528  0.68125006795744480  0.68378685353419444
  0.68632363911094407  0.68886042468769371  0.69139721026444334  0.69393399584119297
  0.69647078141794250  0.69900756699469213  0.70154435257144176  0.70408113814819140
  0.70661792372494103  0.74775326745690618  0.81416566493331644  0.81772336807190371
  0.82128107121049099  0.82483877434907826  0.82839647748766554  0.83195418062625281
  0.83551188376484009  0.83906958690342737  0.84262729004201475  0.84618499318060203
  0.84974269631918931  0.85330039945777669  0.85685810259636397  0.86041580573495124
  0.86397350887353852  0.86753121201212580  0.87108891515071307  0.87464661828930035
  0.91914632748105152  0.92358673325881846  0.92802713903658529  0.93246754481435223
  0.93690795059211907  0.93826848090183934  0.93915518855275582  0.94004189620367229
  0.94092860385458876  0.94181531150550524  0.94239855209986367  1.00000000000000000
  0.08361047108968096  0.25234522079948807  0.25469044159897614  0.25703566239846426
  0.25938088319795233  0.26172610399744040  0.26407132479692846  0.26641654559641659
  0.26876176639590466  0.27116407288594685  0.27399851955578491  0.27683296622562303
  0.27966741289546110  0.28250185956529922  0.28533630623513728  0.28817075290497540
  0.29100519957481347  0.37282558884938682  0.47868973917968843  0.58337448730993924
  0.58694395084585305  0.59051341438176674  0.59408287791768055  0.59765234145359425
  0.60122180498950806  0.60479126852542175  0.60836073206133545  0.61193019559724915
  0.61549965913316285  0.61906912266907654  0.62263858620499024  0.62620804974090394
  0.62977751327681764  0.63334697681273133  0.63691644034864514  0.64048590388455884
  0.64405536742047254  0.68780043512899047  0.69057429781803958  0.69334816050708870
  0.69612202319613781  0.69889588588518692  0.70166974857423614  0.70444361126328525
  0.70721747395233436  0.70999133664138347  0.71276519933043270  0.71553906201948181
  0.71831292470853092  0.72108678739758014  0.72386065008662925  0.72663451277567848
  0.72940837546472759  0.73218223815377670  0.73495610084282581  0.73772996353187492
  0.74050382622092403  0.74327768890997326  0.74605155159902237  0.74882541428807148
  0.81103622179788604  0.91690037212818765  0.93951768403176028  0.94202283388187891
  0.94452798373199742  0.94703313358211605  0.94953828343223468  0.95204343328235330
  0.95454858313247193  0.95705373298259044  0.95923441531647713  0.96107632002629673
  0.96291822473611643  0.96476012944593603  0.96660203415575563  0.96844393886557523
  0.97028584357539494  0.97212774828521453  0.97396965299503413  0.97581155770485384
  0.97765346241467344  0.97942888493697777  0.98089825029862221  0.98236761566026665
  0.98383698102191108  0.98530634638355552  0.98677571174519996  0.98824507710684439
  0.98971444246848883  0.99118380783013327  0.99265317319177770  0.99412253855342225
  0.99559190391506669  0.99706126927671113  0.99853063463835556  1.00000000000000000
  0.08027255137761428  0.08619063387938046  0.08904793442542766  0.09190523497147486
  0.09476253551752206  0.09761983606356928  0.10047713660961648  0.10333443715566368
  0.10659708997192403  0.11002632762189425  0.11345556527186447  0.11688480292183469
  0.12031404057180491  0.12374327822177512  0.12692890197200796  0.12997360390101961
  0.13301830583003127  0.13606300775904293  0.13910770968805461  0.14215241161706627
  0.14519711354607792  0.14824181547508961  0.15128651740410129  0.15433121933311297
  0.15737592126212469  0.16042062319113637  0.16346532512014805  0.16651002704915974
  0.16955472897817142  0.17259943090718308  0.17564413283619473  0.17868883476520639
  0.18173353669421805  0.18477823862322970  0.20001009467999870  0.23239034820974291
  0.23667262001816544  0.24095489182658797  0.24523716363501050  0.24951943544343302
  0.25380170725185558  0.25808397906027808  0.26236625086870063  0.26664852267712313
  0.27093079448554569  0.27521306629396824  0.27949533810239080  0.28377760991081341
  0.28805988171923597  0.31027148661757742  0.42821737213722089  0.54616325765686435
  0.66410914317650771  0.75066401517780079  0.75310724674956364  0.75555047832132649
  0.75799370989308934  0.76043694146485219  0.76288017303661504  0.76532340460837789
  0.76776663618014074  0.77020986775190359  0.77229029456713638  0.77424642173083325
  0.77620254889453011  0.77815867605822697  0.78011480322192372  0.78207093038562059
  0.78402705754931745  0.78598318471301432  0.78793931187671118  0.78989543904040804
  0.79185156620410480  0.79380769336780166  0.79576382053149852  0.79771994769519528
  0.79967607485889214  0.80163220202258900  0.80358832918628575  0.80554445634998262
  0.80750058351367937  0.80945671067737623  0.81141283784107310  0.81396120053897891
  0.81725050914198971  0.82053981774500062  0.82382912634801153  0.82711843495102244
  0.83040774355403335  0.84637532601942012  0.88317762914374975  0.89397593443083134
  0.89750549825470016  0.89952504152409518  0.90011769930521635  1.00000000000000000
 -0.00403251489751955  0.00053418176490531  0.00106836352981063  0.00160254529471594
  0.00213672705962125  0.00267090882452657  0.00320509058943189  0.00373927235433720
  0.00427345411924251  0.00480763588414783  0.00534181764905314  0.00587599941395846
  0.00641018117886377  0.00694436294376908  0.00747854470867440  0.00801272647357971
  0.00854690823848503  0.00908109000339034  0.00961527176829565  0.01014945353320097
  0.01068363529810628  0.01121781706301160  0.01175199882791691  0.01228618059282222
  0.01282036235772754  0.01335454412263285  0.01388872588753817  0.01442290765244348
  0.01495708941734879  0.01549127118225411  0.01602545294715942  0.01655963471206474
  0.01709381647697005  0.01762799824187537  0.01816218000678068  0.01869636177168599
  0.01923054353659131  0.01976472530149662  0.02029890706640194  0.02083308883130726
  0.02136727059621257  0.02190145236111789  0.02243563412602321  0.02296981589092853
  0.02350399765583385  0.02403817942073917  0.02457236118564449  0.02510654295054981
  0.02564072471545513  0.02617490648036045  0.02670908824526577  0.02724327001017109
  0.02777745177507641  0.02831163353998173  0.02884581530488705  0.02937999706979237
  0.02991417883469769  0.03044836059960301  0.03098254236450833  0.03151672412941365
  0.03205090589431897  0.03258508765922429  0.03311926942412961  0.03365345118903493
  0.03418763295394025  0.03472181471884557  0.03525599648375088  0.03579017824865621
  0.03632436001356153  0.03685854177846685  0.03739272354337217  0.03792690530827749
  0.03846108707318281  0.03899526883808813  0.03952945060299345  0.04006363236789877
  0.04059781413280409  0.04113199589770941  0.04166617766261473  0.10151109372493618
  0.16141035414327404  0.22130961456161188  0.28120887497994973  0.34110813539828755
  0.40100739581662542  0.46090665623496330  0.52080591665330112  0.58070517707163904
  0.64060443748997686  0.65044516722361234  0.65044516722362233  0.65044516722363233
  0.65044516722364232  0.65044516722365231  0.65044516722366230  1.00000000000000000
  0.09384846289952600  0.09514716100702304  0.09644585911452007  0.09774455722201711
  0.09904325532951413  0.10034195343701117  0.10164065154450821  0.10293934965200524
  0.10434164907733492  0.10752525577979355  0.11070886248225219  0.11389246918471081
  0.11707607588716944  0.12025968258962806  0.12344328929208670  0.18909213428992513
  0.31268261595149066  0.32406932816727624  0.33545604038306187  0.34684275259884756
  0.35822946481463325  0.36961617703041882  0.41754183862708449  0.42203071111560564
  0.42651958360412678  0.43100845609264793  0.43549732858116907  0.43998620106969022
  0.44447507355821136  0.44896394604673251  0.45345281853525360  0.45794169102377474
  0.46243056351229594  0.46691943600081715  0.47140830848933829  0.47589718097785949
  0.48010149624265042  0.48354284132369735  0.48698418640474422  0.49042553148579116
  0.49386687656683803  0.49730822164788496  0.50074956672893189  0.50419091180997877
  0.50763225689102565  0.51107360197207252  0.51451494705311951  0.51795629213416639
  0.52139763721521326  0.52483898229626025  0.52828032737730712  0.53172167245835411
  0.53516301753940099  0.53860436262044797  0.55548075916756745  0.68090005393773456
  0.77155497433916365  0.77410549191836031  0.77665600949755698  0.77920652707675375
  0.78175704465595042  0.78430756223514708  0.78685807981434375  0.78940859739354041
  0.79195911497273719  0.79450963255193374  0.79706015013113041  0.79961066771032707
  0.80216118528952374  0.80471170286872040  0.80726222044791707  0.80981273802711373
  0.81236325560631040  0.81491377318550706  0.81746429076470373  0.82001480834390039
  0.82256532592309706  0.82511584350229372  0.82766636108149039  0.83021687866068705
  0.83276739623988372  0.87660023115301211  0.88018907875730146  0.88377792636159080
  0.88736677396588015  0.89095562157016950  0.89454446917445885  0.89774712697418335
  0.90073337182597191  0.90371961667776035  0.90670586152954891  0.90969210638133735
  0.91267835123312591  0.91566459608491446  0.94275266329447427  1.00000000000000000
  0.55555378993352256  0.73457717967247438  0.73998769267828202  0.74539820568408965
  0.75089862693471332  0.75691064666218233  0.76292266638965145  0.76893468611712046
  0.82368625031015297  0.87555062012280183  0.87719067192850264  0.87883072373420357
  0.88047077553990449  0.88211082734560531  0.88375087915130623  0.88539093095700705
  0.88703098276270798  0.88867103456840890  0.89031108637410972  0.89195113817981064
  0.89359118998551157  0.89523124179121238  0.89646515621121314  0.89746348176191981
  0.89846180731262648  0.89946013286333304  0.90045845841403971  0.90145678396474627
  0.90245510951545294  0.90345343506615949  0.90445176061686616  0.90545008616757283
  0.90644841171827939  0.90744673726898606  0.90844506281969262  0.90944338837039929
  0.91044171392110596  0.91144003947181251  0.91243836502251918  0.91343669057322574
  0.91443501612393241  0.91543334167463897  0.91643166722534564  0.91742999277605231
  0.91842831832675886  0.91942664387746542  0.92042496942817209  0.92142329497887865
  0.92242162052958532  0.92341994608029188  0.92441827163099854  0.92541659718170510
  0.92641492273241177  0.92741324828311833  0.92841157383382500  0.92940989938453156
  0.93040822493523823  0.93140655048594478  0.93240487603665145  0.93340320158735801
  0.93440152713806468  0.93539985268877124  0.93639817823947791  0.93739650379018447
  0.93849611958688273  0.93960745064153273  0.94071878169618273  0.94183011275083273
  0.94294144380548284  0.94405277486013284  0.94516410591478284  0.94627543696943284
  0.94738676802408295  0.94849809907873295  0.94960943013338295  0.95072076118803295
  0.95183209224268306  0.95294342329733306  0.95405475435198306  0.95516608540663317
  0.95627741646128317  0.95738874751593317  0.95855867635131342  0.96006055249458533
  0.96156242863785713  0.96306430478112903  0.96456618092440094  0.96606805706767285
  0.96756993321094475  0.96907180935421655  0.97057368549748846  0.97207556164076037
  0.97357743778403227  0.97507931392730407  0.97617614666620889  1.00000000000000000
   1.9043251385403478E-010  -1.0000000000000000     
 F F F F F F F F F F F F F F F F F F F F F F F F F F F F F F F F F F F F F F F F F F F F F F F F F F F F F F F F F F F F F F F F
  <DiscreteSampler_grid>
  grouped_processes
  1 # 1 for a reference and 2 for a running grid.
  10 # Attribute 'min_bin_probing_points' of the grid.
  1 # Attribute 'grid_mode' of the grid. 1=='default',2=='initialization'
  0.0000000000000000 # Attribute 'small_contrib_threshold' of the grid.
  0.5000000000000000 # Attribute 'damping_power' of the grid.
 # binID   n_entries weight   weight_sqr   abs_weight
    10   10   6.395695959474206E+001   1.928348826466060E+004   6.395695959474206E+001
  </DiscreteSampler_grid>
