  0.00195029845803398  0.01524671327340086  0.02967338879108197  0.04297569547024555
  0.05547470279200463  0.06759625740117577  0.07982647856644610  0.09176012541844381
  0.10201333080385792  0.11105767322114882  0.12017941735890157  0.12992506841717427
  0.13877718339265824  0.14621655019684904  0.15351780379213045  0.16100064493946381
  0.17059073119135401  0.18217727457209729  0.19399041908755260  0.20571287020058798
  0.21687029761516183  0.22693305726002558  0.23658230414672543  0.24651267374072011
  0.25720410018555084  0.26722620379446005  0.27598140774950475  0.28433005658506988
  0.29362686558040435  0.30446252369877574  0.31600275142387835  0.32781932008174086
  0.33956924823602502  0.35063747511928467  0.36039811227516289  0.36963955218029365
  0.37932664644113728  0.38976485140578576  0.39984275251551915  0.40899529119376937
  0.41746987513081985  0.42898292460822207  0.44037576033836690  0.45157660733078980
  0.46321315898854021  0.47582335604797621  0.48984663898717878  0.50335067651144805
  0.51710726640154792  0.52846769425170737  0.53906212201302950  0.54946832941883172
  0.56010022444105878  0.57172289729945802  0.58460227603122461  0.59670931077728140
  0.60867603385686886  0.61692502577975106  0.62550799262482271  0.63414155121791782
  0.64266211905166049  0.65441703602065859  0.66678342569008886  0.67848475482887716
  0.68927496107328956  0.69997833473237892  0.71104371892174922  0.72193663210546299
  0.73255121343946161  0.74281531979753035  0.75290501907754315  0.76320467665371527
  0.77358866253313907  0.78394142459792926  0.79404779841251705  0.80347524943378379
  0.81313770453301859  0.82305594214750022  0.83277603323170513  0.84229064374083762
  0.85187181285073910  0.86154265544211683  0.87138987089345565  0.88121431220632962
  0.89148287277313876  0.90118469525935074  0.90980644573243230  0.91775240583230433
  0.92666824335832232  0.93594739704895047  0.94423697130148310  0.95201782103255927
  0.96025982521428521  0.96982729075703300  0.98059364561882711  1.00000000000000000
  0.00001408912648988  0.00001585519655597  0.00001853210013291  0.00002169785665919
  0.00002831105089756  0.00004076345968051  0.00005480994432973  0.00007364174612347
  0.00010051220403153  0.00013084094795197  0.00016314423210516  0.00020483883740682
  0.00025778018879965  0.00031359193465290  0.00037173942157135  0.00043843238425643
  0.00051075868367275  0.00058825395426434  0.00067212905632472  0.00078269252681705
  0.00090592213853306  0.00104026689160119  0.00118826785346072  0.00132886267113337
  0.00146994810609447  0.00161653089144669  0.00177472299986334  0.00195003505202266
  0.00213160481727060  0.00231225176817147  0.00249519277681122  0.00267753153218153
  0.00285572879269858  0.00304365254624212  0.00325177997709771  0.00345566500214956
  0.00366017837001932  0.00387361283658122  0.00408888680161921  0.00430927163503021
  0.00453175475049022  0.00475427348176611  0.00498040574599491  0.00520840444872774
  0.00547557997660826  0.00576627548544610  0.00604252461761319  0.00632682679205542
  0.00661312623230717  0.00688810775901667  0.00718984497623283  0.00751496499672086
  0.00787246198551451  0.00822589914267539  0.00856469936439296  0.00890092124805880
  0.00924075284363248  0.00963850694221767  0.01019180730796665  0.01067521800368980
  0.01112559174926386  0.01153758652602601  0.01192886927315586  0.01234142658730916
  0.01283566737190317  0.01339677321787564  0.01404581724669398  0.01478927071048655
  0.01539100715471417  0.01600750848206166  0.01669927646485243  0.01743419159804420
  0.01831746079667515  0.01974628187069804  0.02069144600711711  0.02158586308957320
  0.02244764741958856  0.02332023010175493  0.02444989465325153  0.02531443409889132
  0.02617564934955785  0.02708152395504885  0.02802020561260706  0.02891867614255229
  0.02968278450396335  0.03083762164049722  0.03208244768392506  0.03349680648862418
  0.03574736458590201  0.03958015788635055  0.04141487637512992  0.04305249023374948
  0.04466995018849483  0.04817028420743720  0.05516575538537524  1.00000000000000000
  0.00000751680934791  0.00001075904941993  0.00001564521167698  0.00002251310476949
  0.00003152045418943  0.00004175822653734  0.00005340721766912  0.00006617382918336
  0.00007968579964584  0.00009326461059617  0.00010783362069702  0.00012246631156343
  0.00013780701940220  0.00015421069178972  0.00017146129091476  0.00019062867124210
  0.00020849297027912  0.00022773556600986  0.00024768053233969  0.00026832496227876
  0.00028885623132530  0.00030748709144461  0.00032592224085035  0.00034537584485776
  0.00036725261541324  0.00039084547110068  0.00041606807575062  0.00043994689304792
  0.00046501881067506  0.00049045992201511  0.00051589981478380  0.00054742811197097
  0.00057869403187759  0.00061206784174650  0.00064124427507897  0.00066716801597980
  0.00069424029706675  0.00072325873537662  0.00075214871172717  0.00078174844637012
  0.00081701853182109  0.00085069986393004  0.00088592591105564  0.00092821494137210
  0.00097648848214271  0.00102656228927598  0.00107848985650048  0.00113391141655176
  0.00119129306591372  0.00125005116934817  0.00131417679688564  0.00138228692784541
  0.00145738793166873  0.00154302032860529  0.00163284743270441  0.00171949743055409
  0.00180309034549134  0.00186887781640889  0.00194231407758655  0.00201433696186593
  0.00211056517487677  0.00221224215579324  0.00233484657011803  0.00244443177078942
  0.00255739320513441  0.00266811763241760  0.00280711226648689  0.00295920056191787
  0.00311763354354130  0.00326461502914515  0.00343274685145647  0.00363829173694036
  0.00386198217332068  0.00408247945380594  0.00432231166721234  0.00461647543763244
  0.00495750534713109  0.00535356802197742  0.00577831390193617  0.00621839617833217
  0.00666668111986549  0.00713930059754905  0.00763451666032319  0.00819878801991486
  0.00890846858143412  0.00966913555521373  0.01054819384981359  0.01151675353770615
  0.01291247082156422  0.01485805660806862  0.01733664447712049  0.02089099418757882
  0.02586233791184173  0.03266207454722551  0.13216133149546488  1.00000000000000000
 -0.00571336105519027  0.02717648297030751  0.05377280269764802  0.07861865417241447
  0.09691300957497198  0.11248816377400828  0.12556516508918489  0.13889012214701052
  0.15205555405135995  0.16455928452215962  0.17592265440492355  0.18769236700447431
  0.20007456000104240  0.21702308752627192  0.23258859736682383  0.24668135889375542
  0.25993998950752217  0.27287424483231942  0.28530441501992682  0.29754724428754908
  0.30964832427696831  0.32125937912401220  0.33274463226871498  0.34394571043866390
  0.35447961892852908  0.36512783427577428  0.37661048132003466  0.38913760942040193
  0.40057752602691793  0.41133749457848168  0.42200419045523380  0.43323389490302938
  0.44460859615613091  0.45513505132207688  0.46465111717268981  0.47378282920026582
  0.48245652781776788  0.49123951026681112  0.50033123221468723  0.50960541275971050
  0.51899320673743909  0.52862784783361716  0.53846336977486642  0.54802922017552647
  0.55718686129798911  0.56576344315617288  0.57441585761685743  0.58338933819216465
  0.59222055686260577  0.60099572456127459  0.60968300189663283  0.61828523756482201
  0.62699588284018015  0.63630717202794074  0.64537285515272580  0.65509061696448712
  0.66433245812710406  0.67282176634829771  0.68115659332754686  0.68977733615382797
  0.69832978533681245  0.70593851970075072  0.71317466293836429  0.72036856140241401
  0.72815225414786433  0.73719183277710387  0.74695420175802840  0.75744621963415582
  0.76818389962044642  0.77901510296238852  0.78999527410401538  0.80064116425644916
  0.81032677466937664  0.81978234102070813  0.83069566388602334  0.84143964719328457
  0.85311702548233126  0.86049577373587371  0.86945082866019885  0.87709741542820063
  0.88393289458489654  0.89093493947343294  0.89810946203462971  0.90555651167969253
  0.91255485054438912  0.92011840406961642  0.92842023989810096  0.93683239960470766
  0.94538007288815229  0.95419182769389965  0.96239518682533487  0.97019063979649733
  0.97801763972989741  0.98555926055811860  0.99267478821101951  1.00000000000000000
 -0.00252980737827443  0.00971144622932227  0.02016079047094777  0.02941836553572328
  0.03827596504556374  0.04717623213164613  0.05698680704733239  0.06865153213923993
  0.08043850534433170  0.09076048612801571  0.10122490234567122  0.11198610967999813
  0.12279061599633224  0.13218813403435714  0.13996478323082934  0.14834288205809318
  0.15754189927997486  0.16798184349196285  0.17794022799771850  0.18775616229140821
  0.19784362620587842  0.20846513706539208  0.21783757737922460  0.22779595893555063
  0.23798601297876415  0.24826742675738198  0.25849047005156123  0.26919899228750499
  0.28040536660846649  0.29144678147665237  0.30160415431462778  0.31123729301691944
  0.32118988493040890  0.33166476838599718  0.34113200847024672  0.34910380482560044
  0.35725032903494958  0.36575000763093735  0.37422239805078911  0.38450346409082603
  0.39451003637220960  0.40459526840850502  0.41466937883347610  0.42421940768427907
  0.43311303620703778  0.44255853414842106  0.45258657069651737  0.46340321500073944
  0.47406704075401912  0.48394499107321931  0.49369287520535571  0.50410859837527311
  0.51412068437369984  0.52440608994125437  0.53636158787378052  0.54968862733481549
  0.56305631979868065  0.57396730823011122  0.58439753978721876  0.59484998482566609
  0.60514356945968906  0.61533086889084110  0.62531566062992450  0.63627286124749549
  0.64828497396180906  0.66051157757112489  0.67346841165438898  0.68547494381613472
  0.69757339885496339  0.70928806343889361  0.71997300101665396  0.73047137395066009
  0.74139600446360188  0.75220949836303885  0.76299469961474853  0.77341526297454588
  0.78318704324239752  0.79274452685664343  0.80339594580604401  0.81503065003087616
  0.82737373042485618  0.83923894444949654  0.85075860110723633  0.86261903417205854
  0.87465266135566500  0.88647514774721392  0.89815686595766742  0.90880312405204255
  0.91899748302264306  0.92904474662071823  0.93953782424031340  0.95078801444500716
  0.96261031542579989  0.97550233625929805  0.98734097427853484  1.00000000000000000
 -0.00277596918892307  0.01076412176612926  0.02262089225253333  0.03504639254354066
  0.04703078787625281  0.05879025996400580  0.07101786855849831  0.08400725333642080
  0.09642051494357849  0.10855548936797359  0.11945433795078943  0.12927772802875115
  0.13877417706437081  0.14844329836050826  0.15802727673994107  0.16672296018520141
  0.17361830410604243  0.18060070547641066  0.18817620973471230  0.19664277563109817
  0.20714679360984450  0.21769373904242592  0.22863872121728554  0.23760648369784754
  0.24815540283130919  0.25855914474716979  0.26994176731886921  0.27876160909806352
  0.28725478785709679  0.29648943165223723  0.30770490030202069  0.32090393236953807
  0.33495656292924636  0.34968766779989352  0.36404721895928077  0.37695055212566803
  0.38834649709040692  0.40054202015352575  0.41264117871816486  0.42312204586738822
  0.43125021249326484  0.44021774125321161  0.45052051209315797  0.46123566166919722
  0.47214193672009791  0.48226591411369324  0.49195359527808108  0.50131996530310885
  0.50979159403720320  0.51778114867340530  0.52606839795503957  0.53532069234174429
  0.54557135384038846  0.55604202063716845  0.56721154828621156  0.57921027749904330
  0.59117771513455297  0.60302929072702149  0.61420283579898327  0.62469942751665009
  0.63513845993615270  0.64587429269717800  0.65762913586810079  0.67055868735863944
  0.68348194018625119  0.69576910141855486  0.70719288218744703  0.71889978543888755
  0.73037309668233064  0.74200422322130921  0.75395892865030201  0.76669404561609200
  0.77787869859991188  0.79013681950306902  0.80045921697903444  0.81132392134020959
  0.82341342833421949  0.83545826720416183  0.84719288745693533  0.85780604408172445
  0.86739825080845856  0.87670719780406781  0.88616180078329387  0.89599774699039203
  0.90504307590222610  0.91334467577054801  0.92115135109304613  0.92916229763604430
  0.93688806855470486  0.94556945167772921  0.95394303811942249  0.96216843640923222
  0.96988982481996933  0.97791077287856387  0.98891376490697247  1.00000000000000000
 -0.00079769766361122  0.00319760658213816  0.00581523850562946  0.00792507251007902
  0.00987279774946017  0.01164787223629297  0.01329072520769544  0.01493544033890552
  0.01652274620325075  0.01801298483394530  0.01941743184782861  0.02074576763004669
  0.02199950597243158  0.02325723282675608  0.02442847673833455  0.02552307055657803
  0.02660927059208881  0.02767514834957774  0.02873445544874113  0.02984620045533399
  0.03088350794239999  0.03187016794474963  0.03293566043743516  0.03408310732716255
  0.03531567981437259  0.03659358796005034  0.03782510324914457  0.03893063604807469
  0.03992803095099426  0.04089403375574473  0.04183248212219883  0.04290825825711590
  0.04399455868391267  0.04501295370995812  0.04595696265789357  0.04680295190441978
  0.04783149179209088  0.04882888448436243  0.04984771172276618  0.05096144661157118
  0.05216184708653230  0.05335127189154946  0.05436776037335590  0.05532981089488759
  0.05627256435398009  0.05724039385091091  0.05812743570371630  0.05899563042603520
  0.06002716680852113  0.06110170947826801  0.06235919928641883  0.06341331915399069
  0.06418417449251808  0.06489533710701388  0.06557096197597499  0.06787442691650306
  0.06957616481770303  0.07070593227809786  0.07193240523185086  0.07337180987339954
  0.07468795481272075  0.07571810563737889  0.07644552857709382  0.07720989096764169
  0.07799615747929078  0.07894559447816939  0.08005396050270712  0.08102521452614346
  0.08193374620220420  0.08332518811885041  0.08490782251775419  0.08612587844919781
  0.08713452661482897  0.08791950363547635  0.08871365992118672  0.08952908325014197
  0.09092778176109283  0.09192232994097324  0.09301735761888419  0.09418300187194438
  0.09552116578633556  0.09680145091827339  0.09878530659490259  0.10140677460904733
  0.10382808111130518  0.10576385025753926  0.10713231298882031  0.10859874823699335
  0.11133768869032573  0.11442445575071108  0.11697894366155968  0.11808711817580826
  0.11913025226521677  0.12003725690142808  0.21798312823382962  1.00000000000000000
 -0.00114498947639249  0.00488031048350161  0.01082788475274951  0.01646192417754160
  0.02418719706820734  0.03353561178010796  0.04277498930324163  0.05090731313530298
  0.05856161318890055  0.06657839756608622  0.07612094476311636  0.08560383623289321
  0.09481643979561460  0.10440821074121530  0.11328431582809274  0.12159958688134626
  0.12975984513070554  0.13863116333143236  0.14792623558494425  0.15734112860254942
  0.16632846659199899  0.17551430351640179  0.18468616908660682  0.19370111318449096
  0.20198526434501157  0.21144117070151791  0.22227220816374196  0.23297115244680400
  0.24322847762478714  0.25349573274491843  0.26440020064185304  0.27571746992354135
  0.28630619194162993  0.29672038507347798  0.30721486178372615  0.31756151812841149
  0.32826730063613169  0.34032012175829041  0.35408944660036057  0.36742582678140318
  0.38227279229621330  0.39671793413514489  0.41463066100426926  0.42683947716584336
  0.43796897821684083  0.44979170784598010  0.46210558377469391  0.47414855939012324
  0.48593953900197090  0.49798887548038390  0.51091094603945253  0.52175475325163745
  0.53080932776626999  0.53971134749822514  0.54950293361314251  0.56165099602592494
  0.57496646387182493  0.58796715100084762  0.60052408072781205  0.61243525661368248
  0.62518300740712029  0.63825164974919801  0.65208369863600479  0.66575626305115465
  0.67991800679832803  0.69417668700814539  0.70879591268284470  0.72227554647813008
  0.73269503742920239  0.74281245281771113  0.75157566742643644  0.75990550451161420
  0.76942226011944226  0.77901001961278882  0.79020181316583571  0.80122211948159372
  0.81252115952652715  0.82306296021413916  0.83289787252072678  0.84269856808436805
  0.85261461562365348  0.86297680395590204  0.87342949221906463  0.88282466776554880
  0.89110494234691928  0.89867346286847349  0.90698463711489286  0.91617570446862673
  0.92693939309495810  0.93800086654972259  0.94864272228686453  0.95856559428594212
  0.96871184843260294  0.97828108726167917  0.98917121873696900  1.00000000000000000
  0.10981275296636757  0.58369090767808463  0.62472864470586309  0.66391153203205788
  0.70083532094587564  0.72925539231749237  0.75291013024000186  0.77533461873920384
  0.79502324169683247  0.81264640856685966  0.82846748594186814  0.84200593433956361
  0.85378043341932697  0.86367171285853772  0.87265830982465886  0.88012628680850868
  0.88680500178319033  0.89306814721193206  0.89885174499262521  0.90394704007985316
  0.90890255978361922  0.91350290066938622  0.91769241132178703  0.92142179479747011
  0.92494697552531391  0.92835682281409027  0.93165281176658143  0.93480424802508699
  0.93773808150835580  0.94022959527582428  0.94264916374164265  0.94498727709879926
  0.94720876735602799  0.94937431064368316  0.95146149490267939  0.95343942074039789
  0.95535169663903352  0.95720208888714942  0.95887256868531268  0.96028566132929349
  0.96163891933287049  0.96295040797831333  0.96419117255440545  0.96538424529066080
  0.96655484071018904  0.96776750378793286  0.96895392076471965  0.97007823467178433
  0.97115096199593098  0.97217762459670365  0.97317942556737891  0.97419492064436530
  0.97518973482011573  0.97610146879550508  0.97700665325424829  0.97790294770384623
  0.97876634647463800  0.97959616067818445  0.98036841800445806  0.98109926137579018
  0.98182897729789576  0.98249038537920808  0.98314843451491563  0.98380344081135740
  0.98443144305569608  0.98500764921930428  0.98559122001621280  0.98613632576417853
  0.98668479055815761  0.98723799559511283  0.98777917553542838  0.98831814086602721
  0.98884833505020064  0.98936473090170063  0.98989015336681396  0.99043376467763111
  0.99093101223768654  0.99139410302297304  0.99183585522481688  0.99226005526053851
  0.99266632534532995  0.99308146522771423  0.99350121472529518  0.99391517100394311
  0.99430281315851676  0.99468498747666678  0.99506228552661491  0.99543355758621943
  0.99580255011087382  0.99618244871781703  0.99657574725555931  0.99699152800431901
  0.99746162740106514  0.99802764626174478  0.99885804756679830  1.00000000000000000
   1.6143735106466180E-007  -1.0000000000000000     
 F F F F F F F F F F F F F F F F F F F F F F F F F F F F F F F F F F F F F F F F F F F F F F F F F F F F F F F F F F F F F F F F
  <DiscreteSampler_grid>
  grouped_processes
  1 # 1 for a reference and 2 for a running grid.
  10 # Attribute 'min_bin_probing_points' of the grid.
  1 # Attribute 'grid_mode' of the grid. 1=='default',2=='initialization'
  0.0000000000000000 # Attribute 'small_contrib_threshold' of the grid.
  0.5000000000000000 # Attribute 'damping_power' of the grid.
 # binID   n_entries weight   weight_sqr   abs_weight
    10   10   1.502140266071207E+001   6.587958730555983E+002   1.502140266071207E+001
  </DiscreteSampler_grid>
