  0.00387841031348693  0.00913083312828032  0.01600082116073233  0.02515427094565404
  0.03608155424599965  0.04749880910423676  0.05979571388378974  0.07031121438677812
  0.07849351408754249  0.08679420089081652  0.09577983126022846  0.10296240284810687
  0.10878391848903864  0.11637545167334085  0.12581559242114770  0.13314978196984520
  0.14050002293956385  0.14743895080106009  0.15624439764352016  0.16471406319978280
  0.17483192935879452  0.18475025902336359  0.19290571935749790  0.20173206299162430
  0.21332134902340569  0.22656926046560463  0.23943532803554485  0.25138112853206984
  0.26392987096637688  0.27823124323075771  0.29345644355064776  0.30796632872954832
  0.31910067089674315  0.33138063940633250  0.34355351626228336  0.35408876933335637
  0.36218295830072977  0.36972566405148444  0.37820472396483917  0.38724025867387785
  0.39919823815703059  0.41136053920151289  0.42201647268367160  0.43147947388085522
  0.44042217208296375  0.44964641596583310  0.46114495010743844  0.47453587074738240
  0.48740936672544605  0.49959813630670441  0.51046431344007259  0.52093754565067119
  0.53238594908484327  0.54397630225558824  0.55470480268974998  0.56483803728254145
  0.57449629138242497  0.58371952242214009  0.59583439244606551  0.60780375336383974
  0.62125180246322820  0.63475445008143105  0.64725000359990070  0.65936336960877795
  0.67158520687010836  0.68536667292881981  0.70099385798608038  0.71529408856853294
  0.72631276499464215  0.73806764278837023  0.74970118701844435  0.76180692715467513
  0.77492016440466249  0.78803810236404603  0.80097457764518176  0.81279561618365581
  0.82230919275001646  0.83062353883866658  0.83873842522360709  0.84710179838177124
  0.85774248572700029  0.86947660565904406  0.88326454633756979  0.89758576003250712
  0.91104803567959769  0.92397886407097818  0.93468143508682899  0.94183049602243707
  0.94941298707276367  0.95742546180696853  0.96419780803215871  0.97187679639503965
  0.97960049663638205  0.98630587079336751  0.99189807186124646  1.00000000000000000
  0.00009000097207509  0.00009416268997279  0.00009744872739425  0.00010044717382347
  0.00010366950180262  0.00010767974928303  0.00011266891663027  0.00011924025233666
  0.00012807205211197  0.00014065248065389  0.00015258230998549  0.00016377031160357
  0.00017429224105285  0.00018467675427589  0.00019437907227514  0.00020392921423890
  0.00021507813560326  0.00022885005024610  0.00024564226738279  0.00026485638294280
  0.00028235613785772  0.00029945996835181  0.00031643312187901  0.00033354195626107
  0.00035872244555085  0.00038702343186288  0.00041741822713985  0.00044913363169199
  0.00048086038154386  0.00051570020904112  0.00055927670504308  0.00061193633050395
  0.00065776840900667  0.00070427258968077  0.00075302917992440  0.00083042886310731
  0.00091645197936638  0.00098969173029882  0.00106170001370531  0.00114484471130681
  0.00122576127126271  0.00129923717244433  0.00136969835353897  0.00147712701013436
  0.00160098949006988  0.00173332497991088  0.00190205476915814  0.00202607065909230
  0.00211769581312593  0.00219478568877149  0.00230522353864925  0.00242625468859502
  0.00252263008826954  0.00261674897677199  0.00272296642498600  0.00289669054010737
  0.00313008715445672  0.00341365364190452  0.00373866478869918  0.00413379270443693
  0.00451165667859167  0.00496968682488169  0.00544213228499938  0.00593515911904752
  0.00646295411430401  0.00702046670182470  0.00766937928744200  0.00840367405646106
  0.00922246099087023  0.01006029013029109  0.01087333900930739  0.01169194239205213
  0.01246208053923834  0.01329728440775214  0.01423083800046178  0.01545315228618030
  0.01709141986531118  0.01894888864661760  0.02114079479807644  0.02355749860678673
  0.02626689405587988  0.02911654766942511  0.03247526861264089  0.03638187884096290
  0.04085179969196674  0.04580232449139870  0.05110582221467416  0.05818857618685472
  0.06504377294013025  0.07375656033303767  0.08856287166930173  0.11957045269459207
  0.18119868329369032  0.23113050204519617  0.37343615147451042  1.00000000000000000
  0.00003281396022353  0.00011124393218182  0.00019169687463595  0.00030205737106770
  0.00049740740557290  0.00075501448975250  0.00114139137392682  0.00171346725694229
  0.00232107922809663  0.00300081929818079  0.00375052892124006  0.00441555041892621
  0.00499738966861335  0.00561851704244163  0.00642764015814705  0.00737846173122420
  0.00833535227934056  0.00916777381115438  0.01003866655715640  0.01096485583627436
  0.01200954126202270  0.01353064751584101  0.01495452232349868  0.01603025969562381
  0.01692399409060341  0.01771248750052531  0.01853843568226640  0.01953980321174533
  0.02075583660005476  0.02179613077403630  0.02270173857700550  0.02368870511065215
  0.02467310807322071  0.02586906262827628  0.02737347121232929  0.02900782074257184
  0.03086233368748338  0.03312465307286362  0.03559586702229794  0.03801687707142501
  0.04037068095502801  0.04290047392128889  0.04570880906822863  0.04929596762579616
  0.05333583807386713  0.05615340925457103  0.05772501067360424  0.05932087942937533
  0.06121715846172906  0.06307276348853878  0.06466335140111579  0.06637201359220359
  0.06816206746262805  0.06970212930549180  0.07117844577952653  0.07279623553267556
  0.07458785360635027  0.07637895349669151  0.07879775959244460  0.08155758158853459
  0.08492413668892104  0.08898935962264118  0.09372208413043691  0.09945980440840706
  0.10510211653005511  0.10975061515889953  0.11463909339155284  0.12016123747045851
  0.12571962070517081  0.13130670444745707  0.13827638048427041  0.14519548139516997
  0.15178596593444940  0.15695923646355078  0.16045911374657607  0.16450832486206143
  0.16903338119099356  0.17397611913800401  0.17854281685652887  0.18373391100138428
  0.18914829409684594  0.19453485829450287  0.20035278104548057  0.20708678909311135
  0.21421667583367643  0.22007333587088360  0.22733189731203213  0.23445238946658548
  0.24458072269398828  0.25386579501065809  0.26303307450890134  0.26969982343298832
  0.28147430974595328  0.29818068344633619  0.31620214724791268  1.00000000000000000
 -0.00890826379275927  0.02711276442594204  0.05134644051583406  0.07063186870156565
  0.09094625058943283  0.10894329151753901  0.12335219105608901  0.13608552635782037
  0.15285180462736031  0.17395337846290901  0.18749387831167297  0.19882509689873529
  0.20814549070285487  0.21562282065625091  0.22575174616772867  0.23483687181244678
  0.24535129882588666  0.25793766730596329  0.27103709240896101  0.28571137552548587
  0.30173985890823796  0.31885032013431525  0.33587597625466281  0.35116490305280257
  0.36013005085742439  0.36749012659738739  0.37468066472922323  0.38135658368763869
  0.38783105617518182  0.39433275675879198  0.39955611975931332  0.40499197117741942
  0.41069347203737039  0.41627701799718875  0.42329645174472663  0.43259095993116503
  0.44335083665125874  0.45362252888408294  0.46478904032349044  0.47573937181927556
  0.48283421942291110  0.48909765759113882  0.49562492107046602  0.50236373333784012
  0.50974586994349802  0.51615166564188897  0.52440847453784656  0.53515363011998263
  0.54725145584420443  0.55935113010309090  0.57008967642514907  0.58003276309655805
  0.58987010837753762  0.59860680257788978  0.60626314279060933  0.61386027034965718
  0.62175404128042955  0.63114019832033752  0.64060220827326153  0.65161875311590600
  0.66359394725104293  0.67607009047776134  0.68773651845155437  0.69826827250910117
  0.70715199807244844  0.71572092561697465  0.72471529992340467  0.73343869987469068
  0.74333325568862418  0.75548242255744691  0.76768307834384408  0.77876704817800912
  0.78862478828775073  0.79721528073425918  0.80550696485166373  0.81378568931595296
  0.82191287126020074  0.83029136862177000  0.83955344176139390  0.84917465577832085
  0.85745112481751651  0.86424806089471751  0.87009471660134108  0.87645764842084128
  0.88392511618879077  0.89228298629308000  0.90115444199901495  0.91250805098099230
  0.92311657093359267  0.93309486276755815  0.94335875003910352  0.95383180111968380
  0.96473021724156927  0.97625581869439626  0.98776766458356946  1.00000000000000000
 -0.00326602846959789  0.01213507106282769  0.02550395811194686  0.03742744692665770
  0.04686404851726828  0.05415492780240735  0.06150493997978199  0.07030334326368759
  0.07899304320593038  0.08733580613886739  0.09867917940159199  0.11152647831849301
  0.12575479484035193  0.13946790511501211  0.15238359405723192  0.16631899924883947
  0.18197056238503770  0.19813423647527489  0.21634414754258460  0.23278806950830164
  0.24777766787255165  0.25994397674579051  0.27160406403353032  0.28279975130712992
  0.29209825419893365  0.29983145449981363  0.30677327267407745  0.31599861177234828
  0.32889167866230928  0.34240331884148401  0.35530171385644249  0.36624756026925165
  0.37704028131278167  0.38850476316320937  0.39784541685147795  0.40615319075592643
  0.41592077757568241  0.42298996925979643  0.42962956839376598  0.43630375311921499
  0.44606799157046179  0.45765728049600729  0.46831365826225141  0.47684794001125663
  0.48401606349700443  0.49236232147430248  0.50296038899962359  0.51305934045426138
  0.52343329369525438  0.53401630133852496  0.54486111760046152  0.55831764232654624
  0.57282235939146142  0.58831113676617719  0.60420445150677360  0.61819887004256246
  0.62961895140784718  0.64022359958531827  0.65092549945040734  0.66170101030389328
  0.67122489903492999  0.67959521895956199  0.68708934372454011  0.69566589563330805
  0.70602809583437520  0.71688093988559265  0.72728653926806763  0.73800790999006149
  0.75066796817997661  0.76216332083997862  0.77651727485325039  0.78689065036607553
  0.79448305520638751  0.80238477262498142  0.81138248369011645  0.82300954382067137
  0.83632830768631516  0.84906106561107708  0.86057846157263818  0.87089146612360246
  0.87858880245635607  0.88562045144933699  0.89248894738951690  0.89909775756681243
  0.90597551969992574  0.91183334707825947  0.91741890741862964  0.92389028657922911
  0.93094095556970968  0.93654281933748629  0.94283647981866214  0.95158225924079753
  0.96136084817365342  0.97350590755376365  0.98683427938469148  1.00000000000000000
 -0.00315838603269412  0.01272707565525908  0.02467593520265541  0.03499639660078931
  0.04552418678099337  0.05613365419521951  0.06663667456844251  0.07797093612718417
  0.08960899054428845  0.10440867508883685  0.11600798374032464  0.12576236862357418
  0.13308931880376604  0.13866140174303979  0.14462027814537917  0.14990834583649829
  0.15434391217655707  0.16168469006292316  0.17034536118335661  0.17660060431167496
  0.18148023839633237  0.18716416419013623  0.19394183246863184  0.20429909780660552
  0.21881364388866326  0.23315866208192454  0.24466560430741385  0.25506066981996223
  0.26415199788939459  0.27365380060549571  0.28415966282292665  0.29560428344174350
  0.30733600022564267  0.32020450051787208  0.33228681735080601  0.34332289242041747
  0.35488634434659655  0.36672966603052698  0.37992418094179320  0.39217411149816350
  0.40000648704170577  0.40608139992328735  0.41283600249911556  0.42002471938338581
  0.42697271043985940  0.43472869780617046  0.44120349979220724  0.44638450345103853
  0.45074972834426774  0.45503518289077183  0.46084190408402076  0.46903029300232801
  0.47969520226992213  0.49241219976936068  0.50804149341905358  0.52147390674878447
  0.53456848355372844  0.54756385580192268  0.55910240573334169  0.57290612418078057
  0.58731826230756601  0.60146076220116784  0.61499896591020764  0.62685740607634677
  0.63567205772467361  0.64443095823712992  0.65302030924691967  0.66180692785069251
  0.67142948049011009  0.68057714917134360  0.69091827028225083  0.70100899355568358
  0.71103359781244646  0.72156250779770037  0.73382489015315089  0.74603482818730049
  0.75672389170671606  0.76774677227629129  0.77952468532719099  0.79446536625472508
  0.81002468528023575  0.82459348703361279  0.83853094398916150  0.85249743455651750
  0.86682416761699443  0.88114712035684051  0.89573958574086088  0.90982196543483573
  0.92305050149606838  0.93479306487986891  0.94537349593985986  0.95526630631136389
  0.96501272172056829  0.97558267156214229  0.98665708292005239  1.00000000000000000
  0.00263762500676850  0.00545144248752843  0.00865960161385904  0.01161754140213703
  0.01396320454573471  0.01590295809685345  0.01774698550107254  0.01957005739162159
  0.02131027875782629  0.02285959744669606  0.02438305474078844  0.02591934280900862
  0.02742615155532675  0.02893631866872347  0.03035797523362790  0.03180159929913050
  0.03334517254083601  0.03505966828046272  0.03694585561319817  0.03893110996999771
  0.04097501839184647  0.04235601468873910  0.04354639880886248  0.04528493188737872
  0.04678225080434301  0.04816067826890806  0.04953528184143156  0.05105912227308133
  0.05257750841809759  0.05405543941967610  0.05548899746570940  0.05699537350593994
  0.05857793836999382  0.06015859165692304  0.06165859570859657  0.06303611079261232
  0.06440901847103712  0.06607034482329653  0.06788346881796430  0.06938926447375039
  0.07093236175372962  0.07252139240868938  0.07435740993886550  0.07617037565263983
  0.07788218422963392  0.07960200620539959  0.08141742190083645  0.08344491270297992
  0.08560243239142859  0.08782119763765595  0.08987061495002513  0.09172274583930048
  0.09365527410568172  0.09602077798093812  0.09884133834693706  0.10124431408522791
  0.10316592614657513  0.10517898686099299  0.10818389009455345  0.11194891008679560
  0.11595880984680926  0.11940563776057139  0.12233551704841780  0.12558134827103601
  0.12938809535028986  0.13453708720464780  0.14207957116611469  0.14963174938050416
  0.15665758376068556  0.16351615457246443  0.17003939163853057  0.17616655597974418
  0.18124849157690273  0.18647924381192085  0.19186208842867181  0.19689312738743234
  0.20144017287501603  0.20577754074277441  0.20975464261786131  0.21390695275516181
  0.22362938369367699  0.23478453140246422  0.24838711385349951  0.26288806230044248
  0.27480013242914914  0.28078886159858446  0.28548854263044549  0.29008851392710572
  0.29502089654792046  0.30202796301829521  0.30897366636955997  0.31279093908338390
  0.32436774630145015  0.34684079537894830  0.38040718135358509  1.00000000000000000
 -0.00355765728811689  0.01646423108561076  0.03716884570320157  0.05938284509329175
  0.08277745254405118  0.10388173129200574  0.12261065469419204  0.13951805903252254
  0.15701428562075526  0.17558662261241384  0.18991416500149080  0.20199896456920219
  0.21281680636235920  0.22454772755159425  0.23890746148399813  0.25152280238238717
  0.26396791916762674  0.27772446979466409  0.29237830748672983  0.30407015660584125
  0.31418557353368343  0.32349270142417108  0.33224548101836299  0.34055076419903973
  0.34869384216430632  0.35584311914443784  0.36373962060826209  0.37050828951717024
  0.37603294125101189  0.38089200018748964  0.38606662845701639  0.39153173555835136
  0.39735033319023622  0.40190539823586213  0.40763628388959483  0.41408721442107621
  0.41968863024581327  0.42533958150025930  0.43121194991310435  0.43750348893457275
  0.44428286709493653  0.45033898998832500  0.45545921402961409  0.46039523844117525
  0.46554514971039396  0.47122252691567423  0.47810400586658602  0.48539947793779648
  0.49299152445718941  0.50111480400247999  0.50959513039876103  0.51781082144789714
  0.52566229952189170  0.53332652117586354  0.54026553347368189  0.54616192206933600
  0.55252291499645279  0.55899805269547009  0.56445534300233180  0.56907966950216660
  0.57365775425264498  0.57823411752529208  0.58299966689209382  0.58769034263612907
  0.59231374071925025  0.59599317628054838  0.59980019932288542  0.60385240998746470
  0.61113462323342316  0.62135363027541957  0.63058512442984693  0.64007046364074638
  0.65089995839343362  0.66248871284321642  0.67311225448528444  0.68239279423101629
  0.69199138862842491  0.70367732887805601  0.71520765255078933  0.72726197015515748
  0.73853707660328138  0.74987498489947979  0.76190040756622024  0.77312598679904021
  0.78443541051997201  0.79927797013259949  0.81864240834801616  0.83885397352868385
  0.85831254513333510  0.87832215699896943  0.89800626603938527  0.91995739321381298
  0.94385228435846935  0.96420816893403283  0.98263900901747236  1.00000000000000000
  0.33232408566623001  0.68197192454047395  0.71409573595283204  0.74472846043361451
  0.77840581583375323  0.80406116597048782  0.82341491082188578  0.84111983394760126
  0.85502186500163790  0.86610804928488083  0.87572921451794916  0.88295190275489976
  0.88988641092174992  0.89694991129107626  0.90412474082192584  0.91135044910159091
  0.91646341761097627  0.92149373634407017  0.92555187399133276  0.92975533550047218
  0.93319721242439135  0.93657578125646168  0.93961090251503743  0.94204738445745284
  0.94483823668766953  0.94750989919229778  0.94992966816820190  0.95219637846694594
  0.95397862831477442  0.95595849754207118  0.95796655064405845  0.95922091444113244
  0.96054719969786118  0.96172127650093053  0.96273669936724215  0.96378403269103963
  0.96474225425673310  0.96578815109047067  0.96682661240944856  0.96782963552812018
  0.96880382946593557  0.96975246658875924  0.97072150205682850  0.97174890602475095
  0.97279172749917153  0.97380251180838173  0.97476157651748385  0.97568113616379604
  0.97660330892135250  0.97747912180354735  0.97829380361166329  0.97901729022276429
  0.97970413428824898  0.98025523813274040  0.98085897204883388  0.98142006045092978
  0.98194421755800698  0.98246731817290078  0.98304292899262158  0.98362591793763166
  0.98420067201228245  0.98476026051031229  0.98532428768562641  0.98589022920378133
  0.98644036724352202  0.98695758305006465  0.98740931646326480  0.98785068349714666
  0.98822352651159151  0.98849813172082202  0.98878920034740081  0.98904358489601718
  0.98929113084059228  0.98955578205422856  0.98984328748906536  0.99013332213465644
  0.99042301859641002  0.99071603452960866  0.99099247006947977  0.99135449351591587
  0.99178092902347847  0.99212918153750373  0.99244997475889674  0.99276198805204663
  0.99308128837069853  0.99343335120825338  0.99380898857549294  0.99417966136932379
  0.99454695020309702  0.99492667780901878  0.99533135754837876  0.99578029817901381
  0.99624025410536032  0.99678698084389417  0.99773722463952508  1.00000000000000000
   6.8274191668320415E-008  -1.0000000000000000     
 F F F F F F F F F F F F F F F F F F F F F F F F F F F F F F F F F F F F F F F F F F F F F F F F F F F F F F F F F F F F F F F F
  <DiscreteSampler_grid>
  grouped_processes
  1 # 1 for a reference and 2 for a running grid.
  10 # Attribute 'min_bin_probing_points' of the grid.
  1 # Attribute 'grid_mode' of the grid. 1=='default',2=='initialization'
  0.0000000000000000 # Attribute 'small_contrib_threshold' of the grid.
  0.5000000000000000 # Attribute 'damping_power' of the grid.
 # binID   n_entries weight   weight_sqr   abs_weight
    10   10   6.325851659725116E+000   1.182154821633672E+002   6.325851659725116E+000
  </DiscreteSampler_grid>
