0.72372E-02 0.13185E-04 0.00000E+01 6060324 0 0 55558 0.76720E+07 0.00000E+01 0.72372E-02 0.00000E+01 0.00000E+01 0
1 0.0073955 0.00027651 5.2875 1.8318 0.0073955
2 0.0072302 0.00013728 3.7974 1.2001 0.0072302
3 0.0072865 8.7609e-05 3.4007 1.6847 0.0072865
4 0.0071301 0.00028877 5.7275 3.7766 0.0071301
5 0.0071661 0.00013008 3.6304 1.0023 0.0071661
6 0.0071854 8.1361e-05 3.2026 1.3876 0.0071854
7 0.0071443 0.0002434 4.8182 1.6756 0.0071443
8 0.0073127 0.00014649 4.0064 1.7689 0.0073127
9 0.0073358 8.0545e-05 3.1055 1.3322 0.0073358
10 0.0072376 0.00022761 4.4474 1.2047 0.0072376
11 0.0075145 0.00032833 8.7386 9.9525 0.0075145
12 0.0071901 8.2339e-05 3.239 1.5643 0.0071901
13 0.0076617 0.00033563 6.1952 3.5609 0.0076617
14 0.0071514 0.00013699 3.831 1.5423 0.0071514
15 0.007315 8.4138e-05 3.2533 1.3176 0.007315
16 0.0071773 0.00037476 7.3843 5.8592 0.0071773
17 0.0073591 0.00015059 4.0925 1.6833 0.0073591
18 0.0072239 8.3075e-05 3.2527 1.5748 0.0072239
19 0.0071618 0.00024378 4.8138 1.8499 0.0071618
20 0.0072496 0.00015066 4.1562 1.6037 0.0072496
21 0.0071895 8.4042e-05 3.3063 1.2273 0.0071895
22 0.0072338 0.00025652 5.0151 2.2198 0.0072338
23 0.0070756 0.00012667 3.5805 1.0521 0.0070756
24 0.0070846 7.8263e-05 3.1245 0.94485 0.0070846
25 0.0070669 0.00023184 4.6396 1.7368 0.0070669
26 0.007126 0.00013271 3.7246 2.0432 0.007126
27 0.007304 8.5116e-05 3.2961 1.237 0.0073039
28 0.007495 0.00029433 5.5536 3.6647 0.007495
29 0.007294 0.00014476 3.9694 1.655 0.007294
30 0.0071222 7.8604e-05 3.1216 1.1959 0.0071222
31 0.0068022 0.00024279 5.0478 1.9329 0.0068022
32 0.007429 0.0001488 4.0059 1.1386 0.007429
33 0.0073439 8.4559e-05 3.2567 1.1096 0.0073439
34 0.0067973 0.00022084 4.5946 1.5041 0.0067973
35 0.0072029 0.00014094 3.9134 1.2726 0.0072029
36 0.0070523 8.1992e-05 3.2884 1.1481 0.0070523
37 0.0070941 0.00025724 5.1281 1.8246 0.0070941
38 0.0070354 0.00012876 3.6604 0.93359 0.0070354
39 0.0071525 8.262e-05 3.2672 1.1363 0.0071525
40 0.0080272 0.00032165 5.6668 2.1642 0.0080272
41 0.0070433 0.00012413 3.5248 0.92552 0.0070433
42 0.007334 8.4731e-05 3.2677 1.4459 0.007334
43 0.0073908 0.00015216 4.1174 2.4624 0.0073908
44 0.0073555 0.00010403 4.0001 3.8157 0.0073555
45 0.0071622 6.1834e-05 3.4533 6.0506 0.0071622
46 0.0073685 0.00014755 4.0049 1.9445 0.0073685
47 0.0073256 9.2402e-05 3.5676 2.0283 0.0073256
48 0.0072638 5.2867e-05 2.9112 1.2299 0.0072638
49 0.0070696 0.00022287 4.4583 1.0942 0.0070696
50 0.007253 0.00013556 3.7381 1.7472 0.007253
51 0.0074155 7.8534e-05 2.9954 0.9688 0.0074155
52 0.0069404 0.00021231 4.3261 0.9122 0.0069404
53 0.0072846 0.00013911 3.8192 0.97519 0.0072846
54 0.0073247 8.9942e-05 3.4731 1.2535 0.0073247
55 0.0074463 0.0002654 5.0405 1.5247 0.0074463
56 0.0073536 0.00013898 3.78 1.0722 0.0073536
57 0.0072917 8.5416e-05 3.3133 1.4798 0.0072917
58 0.0070758 0.00023259 4.6488 1.2408 0.0070758
59 0.0072878 0.0001541 4.2289 2.2908 0.0072878
60 0.0072559 8.6613e-05 3.3763 1.5476 0.0072559
61 0.00674 0.00024246 5.0873 1.8723 0.00674
62 0.0071824 0.00014064 3.9164 1.5823 0.0071824
63 0.0072567 8.1286e-05 3.1683 0.76747 0.0072567
64 0.0071968 0.00025704 5.0509 1.8379 0.0071968
65 0.0073024 0.00013183 3.6107 1.14 0.0073024
66 0.0071338 7.7813e-05 3.0852 1.1673 0.0071338
67 0.0071893 0.00022707 4.4667 1.0331 0.0071893
68 0.0073825 0.00015353 4.1593 1.6673 0.0073825
69 0.0071974 8.1315e-05 3.1955 1.0266 0.0071974
70 0.0071753 0.00023706 4.6723 1.1828 0.0071753
71 0.0074608 0.0001524 4.0854 1.6345 0.0074608
72 0.0072116 8.064e-05 3.1627 1.264 0.0072116
73 0.0069978 0.00025211 5.0949 2.6625 0.0069978
74 0.0073732 0.00015122 4.1019 1.4409 0.0073732
75 0.0072592 8.1893e-05 3.1908 1.229 0.0072592
76 0.007077 0.00023703 4.7366 1.3277 0.007077
77 0.0074079 0.00015415 4.1617 1.8253 0.0074079
78 0.0072852 8.0192e-05 3.1134 1.4068 0.0072852
79 0.0070671 0.00021234 4.2492 1.2009 0.0070671
80 0.007026 0.00012867 3.6627 1.7225 0.007026
81 0.0073148 8.8169e-05 3.4093 2.4038 0.0073148
82 0.0070195 0.00021442 4.3199 1.0046 0.0070195
83 0.0074743 0.0001523 4.0753 1.6443 0.0074743
84 0.0071987 8.4637e-05 3.3255 1.1458 0.0071987
85 0.0071426 0.00027051 5.3561 2.0987 0.0071426
86 0.0072377 0.00013461 3.7196 1.4586 0.0072377
87 0.007288 8.3687e-05 3.2479 1.2138 0.007288
88 0.0087566 0.0014566 33.268 57.969 0.0087566
89 0.0073419 9.8786e-05 3.8057 1.801 0.0073419
90 0.0073144 5.7237e-05 3.1301 2.1351 0.0073144
91 0.0074195 0.00025665 4.8919 1.7655 0.0074195
92 0.007414 0.00014554 3.926 1.3719 0.007414
93 0.007307 8.3531e-05 3.2334 1.15 0.007307
94 0.0070601 0.00026204 5.249 2.7901 0.0070601
95 0.007086 0.00012723 3.5911 1.0196 0.007086
96 0.007151 8.0175e-05 3.1712 1.2299 0.007151
97 0.0072388 0.00025746 5.0298 1.9569 0.0072388
98 0.0073234 0.00014387 3.929 1.3165 0.0073234
99 0.0071693 8.0964e-05 3.1942 0.92936 0.0071693
100 0.0070205 0.00021767 4.3847 1.1124 0.0070205
101 0.0074616 0.00016177 4.336 2.499 0.0074616
102 0.0073092 8.0952e-05 3.1326 0.99047 0.0073092
103 0.0066053 0.00021842 4.6764 1.553 0.0066053
104 0.007094 0.00013456 3.7936 1.2539 0.007094
105 0.0071911 8.7921e-05 3.4581 2.9831 0.0071911
106 0.0068458 0.00021627 4.4678 1.2159 0.0068458
107 0.0072781 0.00014278 3.9236 1.1253 0.0072781
108 0.0072179 8.4344e-05 3.3051 1.1595 0.0072179
<lo_statistics>
<cumulated_time> 322.76869 </cumulated_time>
</lo_statistics>