  0.00171581056674888  0.01286551473033041  0.02446869038032427  0.03726370236057445
  0.05238839069168900  0.06701356674578909  0.07955922851792491  0.09138772857675025
  0.10324490848089686  0.11531714729731192  0.13176406469998275  0.14949243545871993
  0.16514061569045049  0.17825226643965542  0.18905593028710296  0.19853782840417689
  0.20787933065126785  0.21742590793893768  0.22749041083611515  0.23895205763671240
  0.25249688327811348  0.26612755237844926  0.27804859444995728  0.28750376473041156
  0.29480019375131022  0.30186743861437426  0.30862921684519723  0.31831652173200431
  0.32769567488583201  0.33777763233417940  0.34790469690470738  0.36149336642049901
  0.37547214874285795  0.38653299568922761  0.39596361907986910  0.40525415091535516
  0.41462484110847475  0.42411106441436863  0.43400708185507003  0.44375178716048874
  0.45223601410832431  0.45968769352670868  0.46487850166847206  0.46900473058736364
  0.47309448949620464  0.48038025169877052  0.49361432637889679  0.50416342010656434
  0.51467469856375692  0.52556631519456698  0.53744608475997302  0.54985661830598076
  0.56217392142608713  0.57282237103115541  0.58325574956741788  0.59404956397211617
  0.60667337744985184  0.61918197206095438  0.63147121235012738  0.64321365068755065
  0.65429006658067290  0.66583428683606105  0.67731739737297625  0.68908750553599285
  0.69996677176487176  0.71252690157145859  0.72636941995788429  0.74149281211359130
  0.75648102442287946  0.76883536927915308  0.77881715196003209  0.78751977814068053
  0.79636074779552479  0.80642064316385687  0.81944350390478982  0.83378470325790066
  0.84826603146743029  0.86239471356388664  0.87432544681906477  0.88524220918958829
  0.89529748119300689  0.90632755850529789  0.91736373222164524  0.92603249587706027
  0.93311430913359850  0.93913303105859591  0.94657462899355882  0.95518807793258831
  0.96420097097334645  0.97229252619534590  0.97878361001596181  0.98384113395877204
  0.98779528491062873  0.98991510870513422  0.99127644382440583  1.00000000000000000
  0.00000951116206985  0.00001123151392263  0.00001348581178644  0.00001716498522717
  0.00002145204768441  0.00002645781210258  0.00003348036000521  0.00004289296614721
  0.00005279788338921  0.00006036660519221  0.00006652277865161  0.00007259510013319
  0.00007851794694753  0.00008421803148868  0.00009028711466205  0.00009659338444257
  0.00010442359134209  0.00011372199963584  0.00012359125983269  0.00013424984896770
  0.00014605080727970  0.00015811786995476  0.00016945007302569  0.00018001080623289
  0.00018944498342498  0.00019940989940276  0.00021105512448132  0.00022394371478129
  0.00023708071319605  0.00025047605055881  0.00026248967538683  0.00027374983525848
  0.00028560737016549  0.00029892793047318  0.00031487924503735  0.00033259686168686
  0.00035311268993094  0.00037887390709179  0.00040476099782327  0.00043306670742498
  0.00046024112857654  0.00048813961436317  0.00051481366103287  0.00054147320587713
  0.00056855101273495  0.00059567948530890  0.00062731975442413  0.00065772936230603
  0.00069144954369505  0.00072710319334966  0.00076586412628436  0.00081166078395481
  0.00086180090109082  0.00091580903255508  0.00097668102995667  0.00103970080657031
  0.00110858501759581  0.00118303039689024  0.00125954375218567  0.00133124493373831
  0.00140592591425685  0.00147529162499420  0.00154168005719017  0.00161478304663902
  0.00170756697305219  0.00183742549477190  0.00199990146458764  0.00220394717103181
  0.00244837451151799  0.00269457422014078  0.00293027554206117  0.00312739100776626
  0.00331326921260214  0.00349126406197556  0.00371424575941053  0.00393215370969461
  0.00413346901156892  0.00436797849721114  0.00467331441005881  0.00502222075133450
  0.00542874164189534  0.00588869247157085  0.00643704632311369  0.00709603818447503
  0.00833312889542566  0.00973077184754164  0.01156288903237845  0.01408791670886324
  0.01754413361012094  0.02415062834254906  0.03005981618058583  0.03821409812208686
  0.05675526673673055  0.10158021578748103  0.27462845850165768  1.00000000000000000
  0.00000732991714686  0.00000764269556216  0.00000797569171313  0.00000834322713487
  0.00000874661270890  0.00000912734119602  0.00000956526054518  0.00001007824182278
  0.00001063062760088  0.00001120442996037  0.00001184118045821  0.00001254443813193
  0.00001329110490235  0.00001422701022992  0.00001551876734212  0.00001687340070486
  0.00001823046380745  0.00001962881495341  0.00002111547638794  0.00002272753523131
  0.00002452488506197  0.00002642800276397  0.00002854025928592  0.00003089782318934
  0.00003357206432234  0.00003649373081893  0.00003965385159993  0.00004302053087525
  0.00004685600719676  0.00005142684223435  0.00005581323264748  0.00005869763841577
  0.00006104466052193  0.00006287034499628  0.00006473827977646  0.00006710537590959
  0.00007097889905657  0.00007647531806883  0.00008219595336293  0.00008813784100958
  0.00009460589254551  0.00010284898602741  0.00011318806539588  0.00012495998193865
  0.00013814701606856  0.00015111601467508  0.00016408499924946  0.00017734977269493
  0.00019189763459381  0.00020837395952207  0.00022764380616391  0.00025000471542740
  0.00027445065624775  0.00029895421723217  0.00032271459729438  0.00035240792651189
  0.00038658619047186  0.00042250930335887  0.00046529277432919  0.00051555609635284
  0.00056366021124067  0.00061080791189489  0.00066176668550455  0.00071249884440431
  0.00076705337314785  0.00083394298634504  0.00091739034806688  0.00102310523390220
  0.00115881706873683  0.00132127495128571  0.00149875924306424  0.00162499927052997
  0.00174087952345667  0.00186958371546337  0.00200461572796020  0.00215095047748398
  0.00231809146963915  0.00265558521385282  0.00317216229588448  0.00359370678065043
  0.00388888602239034  0.00419773700206251  0.00450279827333906  0.00501047243989792
  0.00565354079695241  0.00633471107593879  0.00730893474278189  0.00907473364600564
  0.01156990204088252  0.01373581055820154  0.01636796760917230  0.02014119434777850
  0.02359749880207333  0.03649481153340191  0.04630098940352172  1.00000000000000000
 -0.00370204032467284  0.01637998347079876  0.02699470497106568  0.03865847783899452
  0.04986513439139398  0.06289710232342591  0.07844709992675125  0.09799951335100511
  0.11236525882140090  0.12442239644135977  0.13670877830384973  0.15212018411469774
  0.15937545985719589  0.16703452222605084  0.17448295393772448  0.18229346012991057
  0.19160067313950632  0.20622327535181489  0.22067510124255946  0.23194937056068754
  0.24230406803018054  0.25392623469054298  0.26569229350252166  0.27974183549858023
  0.29486608416801269  0.30983111670777930  0.32494358144238528  0.33723769378680851
  0.34666655076479330  0.35455827393515671  0.36239435049766600  0.36997351136110374
  0.37682021307304575  0.38483730317139947  0.39649324499764454  0.41082904554712535
  0.42585411207922919  0.43912496635465426  0.45260875454947286  0.46767092886540712
  0.47903465104452375  0.48869181658653144  0.49771298550496612  0.50777247149885019
  0.52087157077288837  0.53425078404221571  0.54618150786590536  0.55715866973355255
  0.56802151465269579  0.58106467534848327  0.59692061835053556  0.61242375625909584
  0.62575290313705922  0.63639483292980792  0.64577613186183735  0.65471902333584420
  0.66351421564682900  0.67295170683909256  0.68236964955566548  0.69323944865861808
  0.70417202427939729  0.71490805077479513  0.72585588463961803  0.73589404824972360
  0.74532423017989502  0.75469459243675818  0.76437216390028273  0.77506664684544191
  0.78631499829514895  0.79628669484421355  0.80596106103005150  0.81412097799044914
  0.82260983963639667  0.83111046260672050  0.83924889556785176  0.84840328820217203
  0.85904482347161515  0.87104650192763755  0.88249822271691247  0.89411090251209879
  0.90387270493314542  0.91250059958690999  0.92041656209612810  0.92781505678988296
  0.93610138282410305  0.94513186941719030  0.95332445176245006  0.95978856320152539
  0.96479256499488075  0.97067618865387018  0.97760975499675917  0.98295968094231978
  0.98677893916284398  0.99014309778765375  0.99410429994493965  1.00000000000000000
 -0.00202063373011361  0.00971413554997028  0.02002838874505408  0.02870020889339925
  0.03716951289488793  0.04697208864840974  0.05912289837904499  0.07175549238782269
  0.08513324378138955  0.09845150798215098  0.11162814913126801  0.12263790197979810
  0.12920137820642597  0.13418134324967787  0.13992244436913401  0.14589149966079926
  0.15291784340370698  0.16262418166878892  0.17224200366205494  0.18041380732381160
  0.18956069058987496  0.20148333533101320  0.21524430551173071  0.22844180310984805
  0.23949921721370229  0.25006792473059697  0.26066302412844528  0.27219408362865583
  0.28414545030273436  0.29554902267881000  0.30671166639238456  0.31764025487820419
  0.32787133957070630  0.33958493392391409  0.35160453987140788  0.36216809805655736
  0.37217079815931109  0.38354456883136212  0.39740544450412768  0.41133435847707134
  0.42547452050799667  0.43946688552363722  0.45350469473481475  0.46666833863647939
  0.47896232748089534  0.49031854755221432  0.50201954905516044  0.51439781909731619
  0.52590852444808878  0.53708644395076133  0.54638588628002671  0.55462231363222791
  0.56239687279166650  0.56973203881333545  0.57692576828101216  0.58389141574006698
  0.59025571796012999  0.59783650523293619  0.60681776378941843  0.61844764082888970
  0.63079447979204761  0.64197200977147750  0.65275602862984605  0.66268522194154189
  0.67418925422732423  0.68669575562610297  0.70212063571213568  0.71606454260827845
  0.73011584365337345  0.74237293420859973  0.75364143348559121  0.76398498818966909
  0.77399966366593775  0.78610242989989165  0.79808285815855784  0.80599063738029297
  0.81157612356029574  0.81712843882589492  0.82294622426021680  0.82882805777040702
  0.83714771344050287  0.85084636773338940  0.86513651256635993  0.87783451524059131
  0.88914985554116277  0.90141802425873163  0.91316298259113493  0.92399438837312819
  0.93568144065362713  0.94572212649073828  0.95659509472152204  0.96428431943743753
  0.97204967546974452  0.98014406603756332  0.98838857638565003  1.00000000000000000
 -0.00311480233486945  0.01199766611478895  0.02714050501471434  0.03814966098814697
  0.04810106172476559  0.05778242201351278  0.06781596932435513  0.07802623864131716
  0.08855157284059771  0.09981288442988102  0.11082926112561102  0.12112360378389660
  0.12776840179173582  0.13302723768581023  0.13896743686031851  0.14547853761830010
  0.15214196754507414  0.15875538710123593  0.16556020263089777  0.17406707375973854
  0.18420225507967225  0.19491249492806134  0.20655757297385971  0.21946550103820939
  0.23223172117970006  0.24597101503095276  0.26561536717753803  0.28277121473353539
  0.29311622418457656  0.30141155466012592  0.30922063243428211  0.31866741689281153
  0.33002866770132666  0.34145625147532477  0.35300020117765057  0.36609493928786269
  0.37948671569710274  0.39295319755049468  0.40587559678621637  0.41978351941403941
  0.43298757217066686  0.44539985236506963  0.45589924218160038  0.46399678022650809
  0.47292454505484993  0.48039278559271203  0.48810203415491182  0.49719626482427709
  0.50717414934815663  0.51564146904767183  0.52416393748122192  0.53473680936089785
  0.54582694612289029  0.55714710727925554  0.56869306128843555  0.58114656173163926
  0.59186352305786605  0.60292815767113583  0.61483049939687329  0.62687559116541369
  0.63805633550110163  0.64863770290648060  0.65805179097319377  0.66680152613673405
  0.67761750478252591  0.68920346473346017  0.70171180711609438  0.71340387366445057
  0.72181158802215328  0.73069594296951590  0.73757455092046609  0.74365650073022149
  0.75104693192860328  0.75929289552760060  0.76750918075717023  0.77700343333952959
  0.78856561148220039  0.80028844356833595  0.81214522551836865  0.82234701370995034
  0.83214754524773105  0.84123669691903913  0.85125988468007874  0.86228309748088228
  0.87442755499033398  0.88653027413489760  0.89855863064165831  0.91181377638916350
  0.92624758658417483  0.93944192878474497  0.95085402253639839  0.96142111552885501
  0.97148481788319363  0.98244759111134594  0.99144733096045035  1.00000000000000000
  0.00008134182071176  0.00083668360685016  0.00210964800882413  0.00343697627315677
  0.00478024981188032  0.00633854945900258  0.00796413397027977  0.00965580042429462
  0.01136904618301780  0.01308108643383938  0.01478770507181029  0.01646235143291415
  0.01805974781521939  0.01961292729952623  0.02138500293725200  0.02336404110926733
  0.02537794594253388  0.02736734315379416  0.02921497451305391  0.03104879217407239
  0.03287188332628371  0.03467824252078415  0.03642529394970357  0.03809049818429260
  0.03974246112262674  0.04147883504841952  0.04334698650276596  0.04505759311866459
  0.04635045251017771  0.04767856256634170  0.04909855133304943  0.05050368281197313
  0.05269101412317397  0.05472829344811081  0.05664422486902239  0.05858122842116215
  0.06013132809625513  0.06185251253041516  0.06367147485597732  0.06558968870137181
  0.06756195674476277  0.06957435309558799  0.07118342750567420  0.07274004183629873
  0.07429329288059520  0.07591549509041148  0.07743978172262975  0.07937133870422647
  0.08171374726020608  0.08384295047655954  0.08570551927632761  0.08787966088130181
  0.09027436813976385  0.09271665817295865  0.09536301470448828  0.09775000630751697
  0.10023097332159973  0.10276960416701100  0.10552738699331868  0.10811694401663906
  0.11044135901661734  0.11245562063759666  0.11444624560349431  0.11664967135835801
  0.11943573290487292  0.12297253140295256  0.12553036549903571  0.12757694721117405
  0.12953932167989798  0.13173705939787905  0.13438986367778996  0.13760883919910319
  0.14050352987712109  0.14272403204100062  0.14474306700576595  0.14764300069839845
  0.15105188052086110  0.15436925698557161  0.15823691069961721  0.15979046279358411
  0.16181699643546071  0.16559525933430869  0.17323067267991113  0.18591106862427739
  0.20054562998400535  0.21518740814225631  0.22886382036694794  0.23922574814080885
  0.24737049028125593  0.25529019738163727  0.26939217641279650  0.30450290250899753
  0.39499425156318857  0.43167451326258832  0.73187368104449912  1.00000000000000000
 -0.00180462030792884  0.01037037213320984  0.01869203170472204  0.02978177596709426
  0.04176919133605174  0.05337501404322434  0.06827397566853213  0.08616304814085318
  0.10373508165391883  0.12258588372137860  0.14003052237028260  0.15615554791820202
  0.16907117218455689  0.18335306112371574  0.19867626301243690  0.21018139283855450
  0.22116981596919638  0.23216057741189386  0.24168853838169832  0.24944523271222277
  0.25738136037689963  0.26534330376684362  0.27437837485486655  0.28471523686868394
  0.29531417742564681  0.30662242902435199  0.31838570447869741  0.33082030163241183
  0.34375051571292137  0.35681862078612991  0.36988539333878573  0.38254164447712424
  0.39415825314376490  0.40378083785679075  0.41137800410005232  0.41786889967671081
  0.42435348463775024  0.43137760760982763  0.43864644843505202  0.44402528555717435
  0.44848059643698107  0.45302443177730628  0.45803005569376104  0.46305071161907735
  0.46774057243221001  0.47218217956350578  0.47663621236984538  0.48213182980102076
  0.48903213509236670  0.49651026446238788  0.50369555621600959  0.51085783177134458
  0.51854400551910407  0.52701877547466280  0.53627095801495306  0.54578312129652473
  0.55475705880626924  0.56288806007093828  0.57036508421761900  0.57740787133436033
  0.58487670960754690  0.59273772214902642  0.60114839916065255  0.61060447794395201
  0.62073196539791531  0.63109349758062805  0.64209636023052885  0.65387617430307288
  0.66620913153728378  0.67866025121186824  0.69097630187288195  0.70314361694069494
  0.71505602573786520  0.72704297845061094  0.73772683242393022  0.74714631633463680
  0.75685456944736484  0.76620321045580897  0.77545198634865486  0.78375990442257937
  0.79207337809052714  0.80136627816495698  0.81410728764550000  0.82575807567835369
  0.83990226758276509  0.85368683694114056  0.86710182105770350  0.87987944983278055
  0.89398767606935714  0.90680497941313365  0.91975492568069672  0.93295741194022308
  0.94845075426400949  0.96615525992783990  0.98382715592753822  1.00000000000000000
  0.50032051139780975  0.67112132488985210  0.73044097189710622  0.77359712315012019
  0.80602477442523901  0.83169092482997464  0.85107357781144777  0.86772883305216764
  0.88103304525683479  0.89200211483601655  0.90131204211322791  0.90987962806437428
  0.91822932971288640  0.92607567214708519  0.93272603689952283  0.93810188518038340
  0.94294646786665715  0.94771797605777097  0.95203154720446337  0.95633916282928544
  0.95914391359215923  0.96110720254449034  0.96306272645063928  0.96520199622654346
  0.96717945385909687  0.96898061594733131  0.97066648230093178  0.97229817391348183
  0.97376035971343666  0.97507622566089525  0.97628466373084344  0.97740454347577144
  0.97853240586139434  0.97959392790124966  0.98050580332990933  0.98133776860157096
  0.98219431250492539  0.98306254940499449  0.98387749651751888  0.98465452397710707
  0.98542822952239328  0.98627128774740214  0.98712537633484310  0.98790422321976057
  0.98859547464600928  0.98923426585427943  0.98977895337772270  0.99032240391402915
  0.99081946438198398  0.99127866009917365  0.99171109171584360  0.99211892470770824
  0.99249925717247567  0.99288439886847280  0.99325196502093793  0.99357730818607881
  0.99387197042145548  0.99414842253747882  0.99441517699477622  0.99468166961050886
  0.99495495560293035  0.99522175204084484  0.99548477488199194  0.99571121380774452
  0.99593706160989293  0.99616917517245418  0.99639776627011478  0.99660701078486680
  0.99682346415240097  0.99703586719265858  0.99723681708231082  0.99741772715160792
  0.99756627445033397  0.99768963995473881  0.99780403140595297  0.99792149835886168
  0.99804464214359601  0.99816942844876899  0.99828804126628967  0.99839093540814683
  0.99847686024075966  0.99855955236791250  0.99864197469346838  0.99872613886492045
  0.99881597476757311  0.99891617431437840  0.99903116121533098  0.99913357892567911
  0.99923075233305303  0.99932463088681833  0.99940831275469111  0.99950126299357278
  0.99959952796450402  0.99970296395041380  0.99982958945484068  1.00000000000000000
   1.1961216467319946E-007  -1.0000000000000000     
 F F F F F F F F F F F F F F F F F F F F F F F F F F F F F F F F F F F F F F F F F F F F F F F F F F F F F F F F F F F F F F F F
  <DiscreteSampler_grid>
  grouped_processes
  1 # 1 for a reference and 2 for a running grid.
  10 # Attribute 'min_bin_probing_points' of the grid.
  1 # Attribute 'grid_mode' of the grid. 1=='default',2=='initialization'
  0.0000000000000000 # Attribute 'small_contrib_threshold' of the grid.
  0.5000000000000000 # Attribute 'damping_power' of the grid.
 # binID   n_entries weight   weight_sqr   abs_weight
    10   10   1.539883250359688E+001   9.020993711150004E+002   1.539883250359688E+001
  </DiscreteSampler_grid>
