  0.00384090289434666  0.00873014717513472  0.01633632904806681  0.02552341183370674
  0.03559480402328889  0.04545068478710234  0.05532057032852779  0.06532196985381018
  0.07579857975004363  0.08592361863149339  0.09581599771110329  0.10613392953395935
  0.11727387537170936  0.12829035030177396  0.13837808969579821  0.14824176792789059
  0.15866621443736073  0.16969633263710024  0.18039365058785806  0.19019983307990188
  0.19950560305547627  0.20923050876393276  0.21921523899071255  0.22891374010392870
  0.23879320121497646  0.24919247604624201  0.26019985494217462  0.27142439757485692
  0.28246753535307262  0.29337508665437023  0.30383346367202191  0.31414897750127196
  0.32448552562916222  0.33471338697459990  0.34476835094641312  0.35501522626642096
  0.36543179287477912  0.37598370281111598  0.38690698188243711  0.39772045804556794
  0.40756618677286482  0.41728308356371763  0.42745278979566526  0.43843376215875729
  0.44975310743057212  0.46084231761398559  0.47173187535063038  0.48267426594523105
  0.49359671578085712  0.50444731307457469  0.51514653988858028  0.52583704231630524
  0.53693486854648442  0.54873881112031619  0.56101711176719293  0.57303262098978891
  0.58438183968474877  0.59521214841952741  0.60599213382076178  0.61689043662560838
  0.62783803290961726  0.63912239644658397  0.65111649144690342  0.66348015955694939
  0.67570092709509488  0.68703525027216428  0.69701744336745541  0.70669487357852256
  0.71689932454202154  0.72748124384225998  0.73764567576637985  0.74722023414156002
  0.75699698459896914  0.76685897153300864  0.77730503389840588  0.78848344316023744
  0.80005666709053647  0.81130333259313159  0.82208982353606119  0.83309757333058221
  0.84472692132024030  0.85625116304252391  0.86688206369581600  0.87686565805726668
  0.88707595451553711  0.89802070607853868  0.90961749740119757  0.92114227551393113
  0.93262120806956883  0.94488458680497722  0.95825483570721781  0.96929508524285424
  0.97876130582353205  0.98633920537924313  0.99211789834845265  1.00000000000000000
  0.00244675386676365  0.00493559134348344  0.00552243334957010  0.00611390835778229
  0.00663075956151002  0.00710088030106074  0.00756430566134810  0.00804375689186331
  0.00852254050318951  0.00897533164198121  0.00938881794238554  0.00980825392996463
  0.01024963629257937  0.01071461154135778  0.01119800998729853  0.01167770136757685
  0.01214885573876897  0.01262978537755928  0.01313667288507211  0.01367287290997677
  0.01423820078398538  0.01481130876926320  0.01535666889534971  0.01588332847419660
  0.01642151299249966  0.01696495845442413  0.01750786535794055  0.01804749105373485
  0.01859219855911906  0.01916389388143744  0.01979039895787989  0.02040689311486835
  0.02103331344791386  0.02165896135549219  0.02229932684621324  0.02294728266843242
  0.02359860528148890  0.02422820019420871  0.02484664613740988  0.02547505646295310
  0.02610803461745693  0.02674472751835906  0.02742818466051240  0.02816575616448782
  0.02897157910643099  0.02985007116996974  0.03082289759957263  0.03171417621281473
  0.03262047947802279  0.03353658648774303  0.03450225003539459  0.03546503594603287
  0.03645488212929567  0.03752673231138908  0.03856532605615554  0.03980631705725923
  0.04119150191579203  0.04258954279296758  0.04397566011298579  0.04527038068152172
  0.04646996868991955  0.04758970133409121  0.04862485879025919  0.04966070992892249
  0.05077769437588113  0.05203455192667173  0.05348067507695539  0.05492573620024295
  0.05634714332613249  0.05789515905036250  0.05965674203723693  0.06162366703927386
  0.06393234502206960  0.06631641204694910  0.06867891382295999  0.07157572214840752
  0.07463345384067852  0.07730118715718362  0.07975973688852954  0.08250456199118127
  0.08605538646332096  0.09046841683506664  0.09468589611167891  0.09831922739778268
  0.10188990494029891  0.10580093056972124  0.11012183544846510  0.11538634120770819
  0.12284620654833198  0.13439963167193789  0.14598192007277452  0.15602176457467282
  0.16601496860536874  0.18562835681360473  0.28507619954811114  1.00000000000000000
  0.00007969601711112  0.00008242692279794  0.00008507952083545  0.00008777444670194
  0.00009067570615226  0.00009402520148823  0.00009717367971593  0.00010055684509145
  0.00010401197606024  0.00010753888433214  0.00011119230756924  0.00011519946923978
  0.00011969109063848  0.00012449946405170  0.00012941597627709  0.00013430493820805
  0.00013941031515799  0.00014503825698226  0.00015114827408764  0.00015731430023536
  0.00016486751629789  0.00017187681787186  0.00018016650737900  0.00018856347451686
  0.00019730671781592  0.00020630914566173  0.00021556156344308  0.00022553078948374
  0.00023639030813438  0.00024747783853086  0.00025905896681632  0.00027150961390822
  0.00028490786122276  0.00030030596003860  0.00031595499804766  0.00033245238937698
  0.00035014976301583  0.00036888573092066  0.00038803542043168  0.00040787393299640
  0.00042949911183457  0.00045363335252226  0.00047910379534327  0.00050648391550772
  0.00053570771625571  0.00056780923205552  0.00060244503506211  0.00063934866882939
  0.00068006738687937  0.00072580639763711  0.00077544106410127  0.00082833312165711
  0.00088445181816254  0.00094315732418370  0.00101016610616592  0.00108397697103889
  0.00116704054253068  0.00125259736921469  0.00134057507887227  0.00143491139280705
  0.00153779752918488  0.00165503262407320  0.00179367442557093  0.00195521265345709
  0.00212650467322871  0.00230310326648311  0.00249486103978162  0.00270572283979572
  0.00295002380122134  0.00321728121216461  0.00348244747166924  0.00377478043403395
  0.00409574219856882  0.00449730097709109  0.00492628540989969  0.00542652116724724
  0.00596620841507725  0.00662311647186166  0.00727575013169454  0.00801968910398750
  0.00890799401919239  0.00990356776584521  0.01106762423156886  0.01233219691844695
  0.01379927695268268  0.01568594875949309  0.01821674848840587  0.02107674583807220
  0.02458974182091924  0.02871233447589655  0.03449668454990757  0.04521147054250850
  0.06463108104449787  0.09620575168345244  0.68498100967879838  1.00000000000000000
 -0.00144368957009072  0.00782002316350774  0.01627468859987126  0.02426232940055720
  0.03208533591127961  0.04009149418978140  0.04816103921291306  0.05601100050959017
  0.06375297082315683  0.07111684824850731  0.07845520461000727  0.08585285855641103
  0.09332463899925637  0.10104642177556343  0.10882907815288219  0.11681792347239252
  0.12472342965730805  0.13221678259011238  0.13967170942451332  0.14694056071980166
  0.15478411712297063  0.16238065574326238  0.17013898609807040  0.17775982485393996
  0.18556323718250819  0.19335047524778942  0.20084403627604813  0.20825583461567929
  0.21611850413273878  0.22424101179187164  0.23244924038294795  0.24068972492345750
  0.24876263975166790  0.25686499688092712  0.26516356769335447  0.27377059287203220
  0.28255043827697585  0.29166527026259120  0.30103782240829102  0.31031396453332172
  0.31906341586365899  0.32753364142192226  0.33633559309529920  0.34554948295896420
  0.35479592869057636  0.36322760841160212  0.37142455080643311  0.37941756853582581
  0.38723576451581443  0.39544338522191630  0.40404231452949757  0.41249762458910877
  0.42146602814592021  0.42995445990271969  0.43880414978706889  0.44832191521883269
  0.45847380366173829  0.46851804491337795  0.47896383278005700  0.49019981193057799
  0.50127896120736104  0.51287587093365339  0.52457318047998658  0.53721968177939028
  0.54885819854896689  0.55970474283684857  0.57010211877983441  0.58061635752125829
  0.59142300100033962  0.60235052641534814  0.61390136494344461  0.62560447788228957
  0.63830173992130412  0.65111520546785562  0.66586427888632116  0.68018744614905358
  0.69474355627019679  0.70855826285759860  0.72161603986505474  0.73452141620421285
  0.74827982068567134  0.76282627026872130  0.77941968298354714  0.79717002003902671
  0.81392758949825994  0.83022197522695651  0.84652889331296033  0.86274471813220666
  0.87868025680768813  0.89445509566315529  0.90920847726287246  0.92501682516647765
  0.94275882473194494  0.96276918468783501  0.98287846321203076  1.00000000000000000
 -0.00335845805883079  0.01144772231450798  0.02407805688456881  0.03556530621978888
  0.04681473844632029  0.05768849462328751  0.06777614452274372  0.07766635601730916
  0.08767929033999157  0.09837578724376231  0.10892898808005033  0.11909051066690149
  0.12932444101540494  0.13968780579629098  0.14989969209153178  0.16012359608495227
  0.17056127735810669  0.18155053758890577  0.19229559944448282  0.20260480196255345
  0.21314380422928239  0.22387601783792974  0.23449153795556665  0.24465791642230700
  0.25474727078821208  0.26493351875016125  0.27466237698649010  0.28353577304625177
  0.29239188894341350  0.30133868627362770  0.31134483732642210  0.32137780805457333
  0.33098463945748607  0.34132097472168282  0.35255471758898638  0.36355652909217651
  0.37435625460821720  0.38503993780056617  0.39620841140119606  0.40808090604953567
  0.42011811694267509  0.43181537588317515  0.44272284712570897  0.45292022144354888
  0.46303221108979048  0.47313940189342252  0.48492891570542901  0.49686989879559312
  0.50815912317986800  0.51859942133934811  0.52901689605170255  0.54035977403119995
  0.55161490209048081  0.56224514256156599  0.57373854158218607  0.58468873330248783
  0.59617820164434310  0.60718038058289536  0.61799249696782932  0.62836383437107690
  0.63812355461353498  0.64750748911564071  0.65713365631397147  0.66632922175534104
  0.67578848278248116  0.68500131732457037  0.69486274699299644  0.70532520681554067
  0.71658853832323699  0.72797948066621698  0.73905577261293598  0.75000116942842809
  0.76096295281898729  0.77221981392356476  0.78389630775925923  0.79559338209763064
  0.80635134685862542  0.81661144007344866  0.82665266267927073  0.83684667866790796
  0.84683628372545972  0.85688977328693505  0.86698523795222926  0.87719921045568727
  0.88750272797851493  0.89817504238827728  0.90945201983459789  0.92112392855219083
  0.93236751065848544  0.94244656897978996  0.95216183825198597  0.96167565620243101
  0.97127521827289631  0.98081520940231703  0.99042790222795696  1.00000000000000000
 -0.00238098802104411  0.00669270806179372  0.01496779231040592  0.02296681132629518
  0.03120349584140735  0.03982237802239556  0.04976783266138738  0.06062030690703646
  0.07182752565816067  0.08363180755384880  0.09671030596736177  0.11079410207271070
  0.12459494459451281  0.13785768342975810  0.15100746728549397  0.16517768016668810
  0.18024432782841301  0.19502048046718420  0.20953775472844968  0.22423563093159224
  0.23943738597735678  0.25575395486132907  0.27227847115344750  0.28772116684297783
  0.30267366734803713  0.31728055199922173  0.33191018479267714  0.34707489019586696
  0.36239107614205923  0.37730368402985742  0.39169968474986810  0.40619474680777873
  0.42095488723751728  0.43556346300550425  0.45090718803561186  0.46610854330836965
  0.48105654440733769  0.49632147626823897  0.51120646736511088  0.52557098338525288
  0.53939164301909426  0.55382374505309029  0.56854601118501891  0.58373151375288257
  0.59829399576791042  0.61200162133828229  0.62575368021846878  0.63919606120928996
  0.65249304747737924  0.66476788037220014  0.67646436581155722  0.68800752361412587
  0.69931749149041644  0.71049455550122886  0.72168223151876498  0.73264104641203120
  0.74309654707157957  0.75276355069331746  0.76202534514935472  0.77130903563525965
  0.78095170152174875  0.79082796193660754  0.79993977582436226  0.80877905627174052
  0.81772963244866370  0.82689210390057144  0.83592370725550902  0.84436479428740940
  0.85262771969319207  0.86064494104336298  0.86844152808899067  0.87588532475540881
  0.88286999485086015  0.88954135285655656  0.89596668204763852  0.90220924070554775
  0.90845316564416134  0.91466507173027756  0.92059367324385177  0.92628435781041607
  0.93182634757471661  0.93742660799121347  0.94279881913481556  0.94782164863525897
  0.95276617588918600  0.95771047788588881  0.96233812024311571  0.96655866384286127
  0.97082428039868851  0.97495019115742398  0.97923605552391579  0.98377458945139407
  0.98837031674391562  0.99260296859672936  0.99644919260553011  1.00000000000000000
 -0.00231001387747216  0.01114790164819893  0.02223381605054508  0.03276156525644297
  0.04259087247516357  0.05237694271811143  0.06228898514331018  0.07210952749431988
  0.08217285724616008  0.09224689407370412  0.10216444249723086  0.11294784087169499
  0.12386540608920757  0.13511765438214088  0.14604349500677935  0.15656140021117140
  0.16663549641123915  0.17760007339772699  0.18893857064340652  0.20028695371525262
  0.21044911114330139  0.22028710389452591  0.23016354242072701  0.24021110454292724
  0.24931296926756602  0.25869651258948567  0.26778232860971335  0.27753159955837903
  0.28817779307617170  0.29901489808411474  0.31032773995047563  0.32136001203163905
  0.33199696655175581  0.34288382381103694  0.35397685687312969  0.36513264072668350
  0.37520675094976508  0.38526200542763028  0.39483491703291473  0.40415553709457791
  0.41364398063581781  0.42303446936078309  0.43266074612081068  0.44224908822410575
  0.45241348399678016  0.46284182133463947  0.47437606273316812  0.48591827349859251
  0.49701151189021353  0.50774445424492431  0.51752470082899060  0.52702310252950946
  0.53679898891903310  0.54742432903030880  0.55868103197642971  0.57002700711551146
  0.58110220004894286  0.59199727290724957  0.60269362966066331  0.61280576008236853
  0.62299866006305116  0.63229386514153119  0.64142825135471837  0.65090140076045422
  0.66139427068240209  0.67330209384978790  0.68532837807585101  0.69663449282404999
  0.70730571753641103  0.71842045498067730  0.72939883243540815  0.74012991874114775
  0.75054387639217635  0.76124822480193499  0.77223044079006797  0.78343354303300983
  0.79478307432404627  0.80628566814107749  0.81782489798029190  0.82997646826760940
  0.84116794921187488  0.85259385807068533  0.86331726514969365  0.87357206773246809
  0.88376011930047060  0.89472600311654282  0.90555289411857587  0.91616010547624815
  0.92689168108013720  0.93854256897456878  0.94954274058371535  0.96046284555190820
  0.97069463029016700  0.98112069025926218  0.99063105946249397  1.00000000000000000
 -0.00246816648138918  0.00979236821422096  0.02015160486355255  0.03085064984228353
  0.04213739248838182  0.05235621100697478  0.06239792521927406  0.07166570168527045
  0.08116912821037907  0.09075564469230396  0.10027745143406423  0.10991013371879284
  0.11993062182227343  0.13075237765577782  0.14217121379336928  0.15349417721440600
  0.16437994300435871  0.17574963230275786  0.18662269645662935  0.19679298136332007
  0.20606226464792177  0.21593947684448536  0.22625137102264054  0.23654466283809733
  0.24674431665625080  0.25677692093778054  0.26674383199486740  0.27657942636789601
  0.28638795426446151  0.29560038787293541  0.30414673138514370  0.31248292848215514
  0.32186620658058401  0.33151784911866822  0.34176542985100217  0.35185763218572141
  0.36259934720226694  0.37400975379872975  0.38565818534502228  0.39763225023612531
  0.40950211870007741  0.42101585307758926  0.43294863263475514  0.44251918092067949
  0.45222847437394009  0.46195717230226530  0.47196056205498171  0.48195870419729581
  0.49208494756847154  0.50334944755983457  0.51555525977139049  0.52739804493444786
  0.53884899803755393  0.54996961186293025  0.56112808434193140  0.57291705836717233
  0.58426616174499768  0.59455495889851040  0.60474832406166223  0.61482730226737781
  0.62501316901766346  0.63559010511190250  0.64604994547336880  0.65697664888952612
  0.66757306627471480  0.67811881194423351  0.68867406522123964  0.69878721728214099
  0.70869636980070028  0.71857448779575606  0.72859642584682671  0.73876898481585429
  0.74871896510142943  0.75881756833239145  0.76931740994866649  0.78071917163831450
  0.79267594309019418  0.80427558692757961  0.81579653646885419  0.82700025485516238
  0.83819772839317697  0.84945089457041856  0.86068263180067262  0.87169601873556368
  0.88252618213701683  0.89360430486568065  0.90437383963831441  0.91514823913818188
  0.92549685370560497  0.93571035429105842  0.94602953253686384  0.95682958497210724
  0.96807161227464200  0.97906499522241819  0.98978474433742625  1.00000000000000000
  0.08096328935861452  0.58077605000901045  0.60313935810833341  0.62722404495624928
  0.64876207097169958  0.66733493152841306  0.68598823359518968  0.70166734025796085
  0.71550794445375421  0.72841707987242266  0.74067670771078797  0.75227897557343892
  0.76261820621870846  0.77265706750585084  0.78221763522613463  0.79129369812870642
  0.79913169538582962  0.80631437988172416  0.81316035739293047  0.81961461444040395
  0.82561945194840736  0.83118698877590602  0.83644058007712796  0.84155746818642119
  0.84662842659070325  0.85174001185609383  0.85674342083338240  0.86164377368072620
  0.86642224712131355  0.87061338209572126  0.87460791180931752  0.87810018746449681
  0.88152471273220889  0.88490388789640428  0.88806805608958839  0.89118997239996400
  0.89443938787893096  0.89758415806009606  0.90053806829810379  0.90337640563061172
  0.90612777338141159  0.90888030382423657  0.91159876460873779  0.91425434481802970
  0.91673182284808807  0.91906429872161977  0.92134170543779803  0.92354111953411455
  0.92567849141979885  0.92781587437411106  0.92997328650857980  0.93219114437663209
  0.93439463217256846  0.93646241980724287  0.93836762144394092  0.94013198284341892
  0.94184533831079809  0.94351237239814167  0.94516369844879611  0.94679756261421222
  0.94840311597321436  0.95003247416433556  0.95157270084776613  0.95306272558397587
  0.95451163015266982  0.95590437825913277  0.95723872543490696  0.95860165662394337
  0.95998917597854749  0.96140880826723407  0.96283856743027407  0.96424077576090284
  0.96560003353266199  0.96689286953643383  0.96814991283425378  0.96937767134821728
  0.97057859848568340  0.97175840785002310  0.97290956190608524  0.97406184801806073
  0.97522146786834296  0.97637662389595881  0.97757178981261716  0.97876117048508005
  0.97992913636458800  0.98107379652146176  0.98219690605690502  0.98336798336438558
  0.98459199183385337  0.98589089664984642  0.98731851091152356  0.98881588638562157
  0.99045232741201972  0.99233167917212017  0.99499327976748531  1.00000000000000000
   1.6219655606535395E-009  -1.0000000000000000     
 F F F F F F F F F F F F F F F F F F F F F F F F F F F F F F F F F F F F F F F F F F F F F F F F F F F F F F F F F F F F F F F F
  <DiscreteSampler_grid>
  grouped_processes
  1 # 1 for a reference and 2 for a running grid.
  10 # Attribute 'min_bin_probing_points' of the grid.
  1 # Attribute 'grid_mode' of the grid. 1=='default',2=='initialization'
  0.0000000000000000 # Attribute 'small_contrib_threshold' of the grid.
  0.5000000000000000 # Attribute 'damping_power' of the grid.
 # binID   n_entries weight   weight_sqr   abs_weight
    10   10   2.549229128992942E-001   1.986639549781234E-001   2.549229128992942E-001
  </DiscreteSampler_grid>
