  0.00211099017408653  0.01536423628491321  0.02845201492601631  0.04047187276797357
  0.05386195037604333  0.06664506832208025  0.07929934751975545  0.09252916506532220
  0.10554940658344060  0.11652903474148099  0.12661321876055828  0.13369388907616161
  0.13843802388302115  0.14364271344133736  0.14935885053651674  0.15538959500548394
  0.16111073303207149  0.17368634741024036  0.18777957941944429  0.19706073142103891
  0.20523894225386360  0.21419103492147679  0.22480166301297264  0.23553724130870113
  0.24592734861503340  0.25709541359336541  0.26910563525752501  0.27971542556653028
  0.28974823615580186  0.29908987851210667  0.30686690483363471  0.31750093054896161
  0.32967038417008571  0.34191311810480829  0.35290105588388831  0.36374141447123326
  0.37387609392573917  0.38338774189994862  0.39282140028144819  0.40313291610363999
  0.41425226179857760  0.42503647690986729  0.43571226343491937  0.44680381412727244
  0.45899302877817483  0.47034385138768781  0.47896852271222334  0.48569563915019515
  0.49227223716579444  0.49879240675336561  0.50542744101895642  0.51315161641516760
  0.52277442190279211  0.53331953083286154  0.54445511737488006  0.55720625269179636
  0.57253809230393293  0.58725390654567977  0.60123548662998705  0.61252192842530973
  0.62161455531744092  0.63025436358299525  0.63911572731052857  0.65033869507466491
  0.66120308936188821  0.67155952154029608  0.68242191548849229  0.69472641983652217
  0.70776363149900745  0.71979873235287362  0.73048250629427469  0.74081030427971817
  0.75203727484144822  0.76289969096701693  0.77332616900440598  0.78381552966037982
  0.79485332898358541  0.80753962824812053  0.81823882141124660  0.82853263138852107
  0.83711704556978539  0.84567866975677364  0.85323331529531532  0.86192242153761467
  0.87047302526286552  0.87908893909853347  0.88746160136331464  0.89724251001493671
  0.90844515718574614  0.92002161794375936  0.93213327246538680  0.94536546162625246
  0.95958435714086487  0.97039894124244386  0.98172664540728560  1.00000000000000000
  0.00000793941338119  0.00002367145675304  0.00003910263713557  0.00005791162996028
  0.00008156676571212  0.00010751661807866  0.00013901939074613  0.00017662833628895
  0.00022895847115206  0.00029273111572796  0.00035923792088188  0.00043206115135087
  0.00052837583118185  0.00064523925233182  0.00076796323753812  0.00089669166652256
  0.00105206259546045  0.00126435473457248  0.00150377401245969  0.00176864199420500
  0.00207368169795710  0.00242927222739735  0.00279449539095372  0.00313334372250303
  0.00347513016993221  0.00382529126645207  0.00418075359659045  0.00454510575622175
  0.00499478710442785  0.00549233398903535  0.00598722787121980  0.00647064898144953
  0.00693195143475845  0.00738640172526734  0.00783860935113099  0.00836160655607304
  0.00894350781798398  0.00954716077075187  0.01010558497647951  0.01060772998620288
  0.01109321450727814  0.01157263649361324  0.01213033753390867  0.01272137662939397
  0.01332254950047677  0.01391095114246740  0.01450428636652581  0.01520763780851892
  0.01601271847911095  0.01676620301523544  0.01744035286919975  0.01801662307098009
  0.01856849847135835  0.01915236360177861  0.01972857811135548  0.02049739125760768
  0.02125489488625392  0.02154450702998724  0.02178255956705299  0.02198707138224377
  0.02221755863621676  0.02249667240166128  0.02279218063858874  0.02329601701656910
  0.02390381161063789  0.02460942931662907  0.02533430068577566  0.02605035695936388
  0.02665921159313725  0.02705422178412787  0.02848142656678548  0.03011721923348096
  0.03177170910065492  0.03375808302365179  0.03637259091973637  0.03901671477950160
  0.04167298050167369  0.04431999691919399  0.04713415844803297  0.04988917488531307
  0.05257693019020854  0.05538244250916830  0.05823427886715205  0.06046113455051672
  0.06285154723866115  0.06535258070263286  0.06795948348975235  0.07043411660301692
  0.07583403013487236  0.08057754922954877  0.08510922645974239  0.09293838489562502
  0.09977289882874982  0.12320925703273904  0.25892895339985234  1.00000000000000000
  0.00000733688564296  0.00001529910611869  0.00002482613652358  0.00003526336822793
  0.00004689965727035  0.00006201186462048  0.00007469010364634  0.00008800096601197
  0.00009925138459683  0.00011056229020068  0.00012207298035809  0.00013641238911985
  0.00015694566634033  0.00017674568148989  0.00019401785571932  0.00021088600204744
  0.00023001785003313  0.00025125818896539  0.00027446098916623  0.00029880411909229
  0.00032548722845987  0.00035296615434503  0.00038221018347154  0.00041237146398772
  0.00044248678148064  0.00047684159103652  0.00051128175471920  0.00054535814325671
  0.00058034863832481  0.00061695116064763  0.00065068700905175  0.00068924274012882
  0.00073135192641236  0.00077576032002197  0.00082243837485030  0.00087847820032323
  0.00093505799678730  0.00098769747025489  0.00104066186963330  0.00109320646276696
  0.00114653721328392  0.00120720346004257  0.00125440571185224  0.00130167690038782
  0.00135107512816419  0.00141022903398207  0.00146678947386332  0.00152921024237812
  0.00160167478191712  0.00168183217007328  0.00176759088466567  0.00183635571101862
  0.00190264810020280  0.00197536680435607  0.00206002189306707  0.00217025346628235
  0.00230889635857373  0.00244090332596663  0.00256583196189071  0.00271800552925491
  0.00289027611885595  0.00305805631423853  0.00321924756170600  0.00338707037742456
  0.00360618107982429  0.00389276892697310  0.00417488799647151  0.00444963369912337
  0.00468658840678475  0.00491170575429166  0.00514875125532388  0.00540929169629615
  0.00584324605098967  0.00630407706971980  0.00687454813070165  0.00741919845024930
  0.00808829788146753  0.00884062931706884  0.00949540550595075  0.01014555881053865
  0.01098073663412121  0.01244038175673757  0.01436847304725569  0.01699047794487967
  0.01940964820911888  0.02137526476069214  0.02385384586317058  0.02564864888910398
  0.02664461185449868  0.02804551596424828  0.03015280160287803  0.03270965676596851
  0.03910140252362716  0.04587023507214874  0.16703751683997259  1.00000000000000000
 -0.00470435925578458  0.01956398705454685  0.03781048866393755  0.05950106329376736
  0.08315534044338303  0.10314817829229182  0.11768585458910878  0.12965073658588105
  0.13976361554777517  0.14931945127144616  0.16013953513487844  0.17124469936555656
  0.18353035091996353  0.19632391684703213  0.21031528541012609  0.22372024993364673
  0.23773272148732971  0.25166057957070781  0.26454301313216078  0.27675927186959526
  0.28991501495625061  0.30770986533179628  0.32527002119227172  0.34114381838987151
  0.35559472520888796  0.36889607401415692  0.37933858419319222  0.38747363983470900
  0.39542438832266291  0.40449023820624969  0.41593498332349937  0.43022046379644469
  0.44521047986554113  0.46016830982863821  0.47320257221858947  0.48479607381254003
  0.49334370018170565  0.49938733627519516  0.50646328916503003  0.51378641925253898
  0.52085765561524056  0.52922214627895237  0.54019052223263320  0.55006410106634562
  0.55923484803235468  0.56851402244591676  0.57811543711456503  0.58706762059238193
  0.59527101835173779  0.60452539381129278  0.61634561178941205  0.62877745620217984
  0.64133244588859117  0.65439012180995104  0.66757216288443488  0.67984477933612564
  0.69143111059518880  0.70250150879452278  0.71235724923251442  0.72172214692535952
  0.73033472086161633  0.73834240833965314  0.74670311527002542  0.75558957793262593
  0.76639027994826026  0.77767957929713094  0.78467790877787436  0.78947778298778526
  0.79428026911871286  0.79918421457035871  0.80382827528207101  0.80799095845577584
  0.81377402343918148  0.82205369345281398  0.83107000949054222  0.84119217498306620
  0.85215368163368821  0.86176166388702713  0.86931824091844545  0.87635264716995254
  0.88398366243052762  0.89258447768291926  0.90101290173726689  0.90837370342497004
  0.91476219203470066  0.92191135407475111  0.92932344570536973  0.93620008234686980
  0.94246288876212347  0.94966450043154005  0.95792624366025392  0.96669834304916791
  0.97585262226978453  0.98437681268576149  0.99259596529779937  1.00000000000000000
 -0.00170050993167023  0.00685646624969381  0.01618894275375939  0.02602919694954900
  0.03575438597734329  0.04498605345004041  0.05428670338735812  0.06341149209815293
  0.07235634808376754  0.08175751278261359  0.09073280671390700  0.10001433137735309
  0.10985632008963440  0.12095157488423974  0.13069657248529545  0.14047431453906126
  0.15062286318483656  0.16223765385761249  0.17390090454560511  0.18464703346417094
  0.19604193748362439  0.20595466160096215  0.21462238685778259  0.22295299916036154
  0.23171070220004231  0.24136877735457185  0.25214432292522643  0.26328721841610125
  0.27466993744122886  0.28694229250015874  0.29960199497049550  0.31153317732156410
  0.32372921327147330  0.33681147686142521  0.35117579553814665  0.36386881276065142
  0.37623082809247083  0.38800424496133956  0.39888565057166248  0.40891752566499051
  0.41944321842323207  0.43009675670745684  0.43983400607623502  0.44923593648573246
  0.45804855882126444  0.46763196940357038  0.47827460226389618  0.49103462161235673
  0.49890352904567853  0.50577095129125627  0.51138146828094844  0.51715737299969511
  0.52549667304330261  0.53631348011398716  0.54638697844184558  0.55601932331236037
  0.56581373130991974  0.57646970725584190  0.58833643700050720  0.60096288386041852
  0.61379505870006434  0.62602571781903404  0.63761967263315589  0.64970628759072424
  0.66336010425304215  0.67785337916864374  0.69209911835432547  0.70553143860215728
  0.71835425921121665  0.73066327573061007  0.74281940688218517  0.75467503503961586
  0.76342193093827937  0.77134436865535549  0.77946978434961656  0.78974248687445969
  0.80226762230389659  0.81479347221839427  0.82675525039356013  0.83703760248539316
  0.84652271319722971  0.85661798155813651  0.86806389657361838  0.88109561859814822
  0.89406898497193477  0.90550347657598995  0.91585431267299366  0.92434640799723011
  0.93277980260930693  0.94203022675290327  0.95066973465900395  0.95837957165541254
  0.96765136900200632  0.97884365365529036  0.98972567799216782  1.00000000000000000
 -0.00312867359837635  0.01005411978101400  0.02196099799610131  0.03327408412236484
  0.04367138680106025  0.05258659803231119  0.06084862117414963  0.06922782998630199
  0.07632486477113495  0.08200313843494578  0.08829274536198918  0.09448001601795769
  0.10028724391216336  0.10877234393690731  0.12043575055556868  0.13279931925774591
  0.14703716996854288  0.16211335337028013  0.17529807737467554  0.18606082564989196
  0.19690874256008828  0.20909491039552808  0.22107764835936292  0.23227390918331886
  0.24316490044617980  0.25317838642011764  0.26373688449447963  0.27547210159747026
  0.28866316243097723  0.30152583061455707  0.31465363028305537  0.32492474400894544
  0.33520142095338545  0.34590254286588484  0.35646755223236010  0.36744915026269021
  0.37913182390945982  0.39173980867175151  0.40607371547973620  0.42045140946670473
  0.43362443852922339  0.44254223136428383  0.45061043537840145  0.45934323739744021
  0.46901193148708664  0.48065482031922957  0.49088944749208230  0.49990300246058084
  0.50951311136895217  0.51957155942672817  0.52924798876094892  0.53772160426301385
  0.54628753748543368  0.55585529991963700  0.56665326409579952  0.57709004968488065
  0.58782925637490135  0.60015645637988857  0.61333559513056668  0.62597903977852365
  0.63758409635361546  0.64882885883148067  0.66073767331432598  0.66956802307705898
  0.67434367186146316  0.67885537650498518  0.68360198421454998  0.68880232568864885
  0.69457459409432509  0.70441593062319274  0.71712316559460676  0.72946145780270510
  0.74154801034220375  0.75403410781716218  0.76596308031637417  0.77692250439205057
  0.78718077821563825  0.79713903156231669  0.80763245849246657  0.81867527921392458
  0.82794258137175070  0.83817865584520368  0.84904577001904868  0.86132491611192930
  0.87545119168718932  0.89199522796478647  0.90723030966068963  0.91984634456485526
  0.93120097621117603  0.94270806334586332  0.95257986547245166  0.96140449480836720
  0.96951062165392665  0.97910051416181509  0.98816569405410348  1.00000000000000000
 -0.00188891220858141  0.01015828937395497  0.01701238774484796  0.02187626819580667
  0.02576318775350147  0.02944207802569463  0.03314393379234273  0.03694312038795707
  0.04036139303132025  0.04310941485128227  0.04561412797277727  0.04804204134966431
  0.05031927706573228  0.05267257487560361  0.05511301600171031  0.05708015325604086
  0.05884821667448985  0.06052710547584266  0.06212271887218720  0.06361848186784602
  0.06529129497774221  0.06719357492841523  0.06912446041299203  0.07090703769444751
  0.07290933469263298  0.07504434485559050  0.07653306677209808  0.07770658337382164
  0.07899661041399458  0.08049130871751907  0.08241685266354100  0.08487136679955468
  0.08753633815482958  0.08949687600401841  0.09138138799560665  0.09305048554681819
  0.09464027879242318  0.09660741466664978  0.09895963563570913  0.10102805098531258
  0.10269061608305853  0.10467171289487744  0.10691349517391753  0.10907630382179015
  0.11113700261263422  0.11363519726804724  0.11578328580181885  0.11754178662800652
  0.11933787614050449  0.12126691339093838  0.12332607262256114  0.12554460360468506
  0.12795369378602017  0.13075600140715421  0.13348584416962275  0.13593804103733936
  0.13828251850872006  0.14129882041862060  0.14881048376940437  0.15518322636670542
  0.15984123265489472  0.16317434917108406  0.16639836465760779  0.17656178482151347
  0.18746740559604474  0.19138884407644011  0.19754093000745737  0.20556484296040836
  0.20838949281232561  0.20988381222185035  0.21085026702356841  0.21237775757299948
  0.21347669734097732  0.21448476962421512  0.21541304263139491  0.21710825868400771
  0.21763428911413918  0.21798636530599572  0.22127203074801741  0.22843211740455435
  0.24268165530910424  0.25646817906999553  0.26932664944007573  0.28064257706198759
  0.29027470205795014  0.29990807611190534  0.31013186725548991  0.32035565839907454
  0.33083151104612885  0.34143184864062287  0.35253312331997644  0.36432742309994409
  0.40091192708847456  0.47507618029221166  0.54924043349594698  1.00000000000000000
 -0.00264711152603636  0.01027854106596984  0.02061371784571888  0.03058072812052008
  0.04231744695736869  0.05380429749122809  0.06353482280802558  0.07259567665894781
  0.08140167244096198  0.09047750806357639  0.09896513485151991  0.10706438165273256
  0.11565330090513309  0.12389168425320228  0.13152266361399331  0.13879209560435385
  0.14675417202994018  0.15530408457185538  0.16451572041760026  0.17422705639159514
  0.18323580383169236  0.19177854209381137  0.20076482244027050  0.20952927243601979
  0.21923493302901872  0.22894305494862277  0.24043922142018703  0.25292182459668461
  0.26547535759098195  0.27861003986327776  0.29232582995905682  0.30823794657194914
  0.32391515540237675  0.33638808911131374  0.34839436712035504  0.36126940943138286
  0.37477746703410669  0.38869364195614264  0.40216299490134422  0.41694937762292683
  0.43288356792421262  0.44679545978746271  0.46139558632950517  0.47740023597663200
  0.49650761256406628  0.51435558776729895  0.53025471211514830  0.54591900715410935
  0.55606298822803490  0.56428862322920348  0.57479033596598794  0.58569663287222284
  0.59671778023872069  0.60831752016948892  0.62021625023274973  0.62944761793805482
  0.63842213085542709  0.64962014437049109  0.66164540081736190  0.67639844499529989
  0.69102379403086034  0.70468294945629917  0.71560978412896370  0.72623673463669347
  0.73752377742559094  0.74948095899207290  0.76154740175941427  0.77312984948875463
  0.78477675310425876  0.79565332202207806  0.80564854963007326  0.81521081916617799
  0.82445658999840088  0.83417956621077272  0.84397912851903367  0.85348258724294113
  0.86190291184344225  0.86897529305379473  0.87504974360294541  0.88082282703457648
  0.88635104822801436  0.89073525766280792  0.89396852604424670  0.89771628253338032
  0.90228441257589298  0.90724017457285888  0.91203840309767736  0.91637148958268022
  0.92501217159575266  0.93380978005941406  0.94338223747685901  0.95284156969872380
  0.96191683746729983  0.97248605772392460  0.98395137719900927  1.00000000000000000
  0.16454266102252760  0.73203313876241327  0.79598814299962017  0.83681164120858420
  0.86705893292323899  0.88852078381909694  0.90513188376155307  0.91811390639484824
  0.92753023597844608  0.93534729806021799  0.94195485662655187  0.94762051357663224
  0.95252153314206001  0.95691010709204538  0.95996658115966105  0.96232687968461106
  0.96440022571489115  0.96625095208058154  0.96811983334183072  0.96988242213325548
  0.97155168246651225  0.97315192279799279  0.97468797358996684  0.97615724356959255
  0.97749842920061669  0.97876257075611672  0.97977234116942002  0.98078469117526856
  0.98176030352426058  0.98266831471913152  0.98350604943404762  0.98432871040687420
  0.98515189516265755  0.98593711567535613  0.98667303865082534  0.98734926526169309
  0.98796590552330943  0.98853782369749210  0.98907412391929428  0.98955273524217735
  0.98998860789856369  0.99041222964502240  0.99083172996941271  0.99127528394810127
  0.99171083879386435  0.99214229498045681  0.99254706817641825  0.99290866481423701
  0.99324420555657500  0.99357297627989838  0.99388332097548104  0.99416509917320772
  0.99442392648000899  0.99466649890696612  0.99489652746206270  0.99512801376090143
  0.99535686253201949  0.99557077944071248  0.99577530946213333  0.99597066717380278
  0.99614819860159887  0.99631802144969639  0.99647271254539760  0.99661317542718963
  0.99675708382422945  0.99689187313007310  0.99700725621934205  0.99710574449359257
  0.99720531823624914  0.99730773103523485  0.99740851788497475  0.99750811967353437
  0.99760753697365379  0.99770880524664030  0.99781477340995595  0.99794007609841984
  0.99805745688801140  0.99816848614880316  0.99827506009513545  0.99838637801950525
  0.99850145456461115  0.99861858192583730  0.99872650388981954  0.99883162021961502
  0.99893475499644058  0.99903245145078634  0.99912196476945581  0.99919045580173949
  0.99927085156895390  0.99935547470928121  0.99944488754763217  0.99954669662107276
  0.99964674473487714  0.99974051699077304  0.99984597751638793  1.00000000000000000
   3.3250967913125417E-008  -1.0000000000000000     
 F F F F F F F F F F F F F F F F F F F F F F F F F F F F F F F F F F F F F F F F F F F F F F F F F F F F F F F F F F F F F F F F
  <DiscreteSampler_grid>
  grouped_processes
  1 # 1 for a reference and 2 for a running grid.
  10 # Attribute 'min_bin_probing_points' of the grid.
  1 # Attribute 'grid_mode' of the grid. 1=='default',2=='initialization'
  0.0000000000000000 # Attribute 'small_contrib_threshold' of the grid.
  0.5000000000000000 # Attribute 'damping_power' of the grid.
 # binID   n_entries weight   weight_sqr   abs_weight
    10   10   7.110820442487956E+001   4.183388623163964E+004   7.110820442487956E+001
  </DiscreteSampler_grid>
