  0.00397738510528660  0.00822833668813992  0.01519284560990135  0.02391850778895084
  0.03356988792805232  0.04401207397735687  0.05406844119472318  0.06398228220413051
  0.07361586394068143  0.08266123531234348  0.09207987445856665  0.10253810660642898
  0.11415985082850637  0.12536737696781489  0.13549491293875149  0.14528606029355526
  0.15557285046546260  0.16669170712929801  0.17945917372312772  0.19230737374809126
  0.20662010029311284  0.21952676008319089  0.23242384502852600  0.24317863931808900
  0.25354144661533062  0.26316243314039228  0.27384058344328183  0.28388245440494209
  0.29374017326948615  0.30371167241564229  0.31470157617580702  0.32702173556785957
  0.33805137775496508  0.35011621342454036  0.36147136744418551  0.37260055796721087
  0.38163529525306239  0.38999628941171793  0.39891599485832951  0.40859431361164938
  0.41919597018910482  0.43045291899209598  0.44127813408845734  0.45183003354225204
  0.46246154220526259  0.47368300647621897  0.48625287478714296  0.49888301605456942
  0.50987353554379511  0.52042585403801589  0.53150319818774672  0.54195504474863798
  0.55134173966698485  0.56063663906302696  0.57051831840326128  0.58054526171502141
  0.59042391355129320  0.60039395514874971  0.61041527149703956  0.62111154900750265
  0.63124250219419553  0.64093879149334254  0.65108114804245332  0.66128018918539277
  0.67093366710297764  0.67988355870312445  0.68905963562616346  0.69945359736769563
  0.70914216112865314  0.72026386210864868  0.73210730406410929  0.74659459495966851
  0.75862135825355403  0.77017113016021399  0.78143973623065788  0.79059899198344130
  0.79920197304332241  0.80761231468579386  0.81748371933567121  0.82894694374177369
  0.83849953733856197  0.84747583577553742  0.85714083310572686  0.86704053003230686
  0.88151478654366444  0.89830241124470889  0.91351111408180541  0.92781953073446488
  0.93812220375961686  0.94703336537175098  0.95632770175991488  0.96611209156430267
  0.97694837261909884  0.98584555397261253  0.99231901419572932  1.00000000000000000
  0.00020856900687887  0.00061466963832532  0.00082801835578625  0.00103720637523638
  0.00122844276447237  0.00141854125205006  0.00162219545984977  0.00183264851724062
  0.00202302592269915  0.00220183996695671  0.00239670278899993  0.00261957253348336
  0.00285375443515173  0.00308025491414651  0.00331493138294395  0.00356465778345033
  0.00381832310723999  0.00406854863008429  0.00429782427326165  0.00451369176706897
  0.00472032678842038  0.00494574991556899  0.00521679929436327  0.00555067890226476
  0.00587300100560389  0.00616247327649766  0.00650811466795753  0.00684337904329880
  0.00719842770617853  0.00754716060540750  0.00786684153908996  0.00824029824224552
  0.00866961773131226  0.00913778945403811  0.00962366670254652  0.01010834672464161
  0.01070572222761463  0.01131969278814942  0.01194362770864930  0.01251529411188537
  0.01306698783312000  0.01361964839514803  0.01419472579782765  0.01481917588699875
  0.01543674460220918  0.01592682876840994  0.01648191805901385  0.01701281724919804
  0.01754186335687860  0.01792965832065132  0.01857998935709564  0.01922048157781783
  0.01986529742169386  0.02055911769827519  0.02131244098160332  0.02213783575250158
  0.02303332223580393  0.02392041975890600  0.02476797508768718  0.02562139621094273
  0.02644870756743422  0.02725653492343964  0.02816460438530567  0.02918367866562976
  0.03020470250378545  0.03118180865132154  0.03235437645456367  0.03399164059229408
  0.03560104837178302  0.03706440630318333  0.03847017997663859  0.03986168794056904
  0.04122664093674687  0.04319271084823709  0.04550153823672719  0.04779843803230700
  0.04962077431972110  0.05134127875043840  0.05344761588749376  0.05533654656193597
  0.05706297468849122  0.05861994193590066  0.06050724032588271  0.06245497457636146
  0.06530346119976481  0.06973266728605092  0.07568941082056291  0.08651823006337883
  0.10711954592560481  0.12507201917877195  0.14657800428057599  0.18109357392020267
  0.22367679729492834  0.28426992527042971  0.65150461685630556  1.00000000000000000
  0.00000799028539953  0.00000838568969737  0.00000867220504056  0.00000893426805598
  0.00000924108916236  0.00000955151105964  0.00000988181604025  0.00001024769866225
  0.00001063477301091  0.00001106982530053  0.00001159215105509  0.00001217437465881
  0.00001277266049819  0.00001340882489360  0.00001408355633468  0.00001481374498666
  0.00001555922018982  0.00001639818841194  0.00001732261020391  0.00001822428060696
  0.00001914740339420  0.00002010352639751  0.00002110976081967  0.00002236677342821
  0.00002381182086847  0.00002539587611904  0.00002701216354167  0.00002862017230689
  0.00003046753272382  0.00003282799747137  0.00003553727988018  0.00003818859571923
  0.00004129082512143  0.00004429929515671  0.00004759630496766  0.00005135342079827
  0.00005503835625342  0.00005827279198709  0.00006160807210704  0.00006530101286920
  0.00006919411088028  0.00007347683567213  0.00007854271575937  0.00008442189405764
  0.00009205505895148  0.00010159887550846  0.00011110969184411  0.00012056086454699
  0.00013046064413388  0.00014097048246281  0.00015397719119909  0.00016966768987388
  0.00018750251421771  0.00020761448932571  0.00022969643114323  0.00025308630175897
  0.00027868956688572  0.00030641533320389  0.00033234521730511  0.00035603499698697
  0.00037890829005405  0.00040234735719261  0.00042981742549629  0.00046705278723337
  0.00051633986064753  0.00058229532238143  0.00065939406684752  0.00074243851643594
  0.00083595108451447  0.00094664951893304  0.00108536428128128  0.00123711529887205
  0.00138866077901037  0.00154252476981818  0.00173784125216533  0.00196024554741274
  0.00218215163066181  0.00239684032600603  0.00266910943307176  0.00304628823547524
  0.00347755205401974  0.00393239052173241  0.00442751397856238  0.00508858517131138
  0.00602654294856062  0.00712788060383692  0.00805222566471879  0.00884787839498844
  0.00999890532347437  0.01227956146906233  0.01651089048745950  0.02227927478871902
  0.03707875241884559  0.05850916049039873  0.23966329904610364  1.00000000000000000
 -0.00582907290746093  0.01788786269396139  0.03808309778526183  0.05749562215542767
  0.07592937936434538  0.09278664634572417  0.10917125970347755  0.12603598496866764
  0.14244690730977705  0.15813690570908581  0.17434018657987971  0.18901031467852134
  0.20096680662193231  0.21089853826278013  0.22012290510343213  0.23013020978915361
  0.24283529503942244  0.25534452395132584  0.26831520539583359  0.28062926141206218
  0.29391242234754050  0.30614308390435091  0.31741381759782772  0.32813608300684549
  0.34000425730095452  0.35234380267763654  0.36541782064466144  0.37947040926795100
  0.39285379563994893  0.40419839384084544  0.41476854088507709  0.42457302246225104
  0.43491233825106401  0.44375420372303775  0.45014103984114606  0.45660385758161404
  0.46462658575583160  0.47322340766413423  0.48165291054352216  0.49006399014972846
  0.49935701753036860  0.50798039406386031  0.51589711253847403  0.52376663911055477
  0.53109151933904986  0.53954203809763068  0.54800984232150352  0.55782423447675444
  0.56786164948092333  0.57846352517085797  0.58962769516282265  0.60145948298630991
  0.61423710788189823  0.62703193774614019  0.63845831083493854  0.64837605861520797
  0.65866323957385875  0.66788966751016698  0.67714828875630195  0.68631521474651569
  0.69531118905086564  0.70433899606925210  0.71312879803810403  0.72215759898225462
  0.73085775698410682  0.73948614399335511  0.74773777765031058  0.75576268343360220
  0.76357482128270027  0.77148514086995490  0.78042041252254013  0.78873031245549319
  0.79603613960219410  0.80290421835065084  0.81040020076955832  0.81984724371576323
  0.82978996137356920  0.84010898495819653  0.85064526980123645  0.86129478344741173
  0.87207135997486918  0.88254660305293409  0.89289683093681371  0.90315829574603579
  0.91342745398892489  0.92354962366835103  0.93346386355478295  0.94257140267806394
  0.94968834060577223  0.95612209979902607  0.96252010942932853  0.96907084524936915
  0.97646426098508088  0.98349907681837090  0.99134472554018838  1.00000000000000000
 -0.00199840857835712  0.01020461351522587  0.01871414339004041  0.02691429735097884
  0.03545228250566410  0.04420909079057971  0.05280887024095691  0.06105716207733793
  0.06934909356903447  0.07865474375718966  0.08741781020427042  0.09724505832825758
  0.10885177300661969  0.12136330608453927  0.13409923950901331  0.14727568081357162
  0.16088390070285905  0.17435159352067561  0.18699528928902770  0.19859457120330140
  0.20907202107826300  0.21857163075591901  0.22881059392904346  0.23926504027053092
  0.25079335840587075  0.26053544890428454  0.26903656950086258  0.27731703120040091
  0.28631701522444158  0.29615736035542095  0.30640679389817355  0.31699092667300249
  0.32853505695721530  0.33981575615015108  0.35030186996294366  0.36130306830966386
  0.37210167335849420  0.38306082518659723  0.39372150789215410  0.40530244337452792
  0.41755670320734767  0.42874558131843793  0.43863803520316624  0.44832842871208411
  0.45816676732075845  0.46753854122620758  0.47545997661608802  0.48277939650714685
  0.49144674768197705  0.50200804539064914  0.51326586110854344  0.52393837480181760
  0.53415135472421171  0.54410287389040790  0.55511021268192118  0.56628508212318018
  0.57849952887129663  0.59110186170782442  0.60160215631712632  0.61061727149131440
  0.61954838050600025  0.62942216745585422  0.64152882859613902  0.65428287987746625
  0.66691395959241961  0.67924342708258156  0.69025655009770459  0.70015348788966747
  0.70992007142323532  0.71967605970381943  0.72890301947202896  0.73759909093812470
  0.74631631659167708  0.75794406053400110  0.76963369029613105  0.78100923408921108
  0.79107937968820108  0.80151090915185097  0.81230113635233903  0.82379262844232293
  0.83715710198958648  0.85192215327990239  0.86567503281099245  0.87697249146884426
  0.88706161517298743  0.89628924707789026  0.90578012775690853  0.91568339961074685
  0.92609231911481948  0.93642570725980390  0.94654754123534879  0.95657664625125949
  0.96725746557680659  0.97802989768188042  0.98890877976568237  1.00000000000000000
 -0.00256836508176088  0.01447079819646006  0.03060521890296650  0.05191727433191848
  0.07848798757275567  0.10980899470256475  0.13723162497914015  0.16253888700133845
  0.19091738264319047  0.22429235559291072  0.25964081965672531  0.28993197792585451
  0.32220166922641708  0.35451770785265180  0.38330911326004158  0.41021357854708201
  0.43667425656734865  0.46151505277372723  0.48434005971654936  0.50719633274857823
  0.52703160734763199  0.54589012166735640  0.56328641117417533  0.58011107527528205
  0.59679297299798972  0.61274617979258383  0.62811282244327749  0.64256366375132234
  0.65611329243418226  0.66796993789037473  0.67953686339452879  0.69123266348933077
  0.70315829361977267  0.71561496883773312  0.72806325296046481  0.73943793856210949
  0.74973826698403878  0.75980063130186726  0.76946008819826128  0.77776855226325803
  0.78551430809958966  0.79343365590934012  0.80209224526958156  0.81221146557520718
  0.81903562085375081  0.82621556163511467  0.83264954541869651  0.83962991472350512
  0.84653956462628377  0.85317175636677578  0.85931825937379713  0.86495794252999503
  0.87077733653220635  0.87611997959220611  0.88118588087270211  0.88625654374234453
  0.89099132607235176  0.89557691116744875  0.90008490873642577  0.90393358717354555
  0.90761381080533310  0.91125543742965109  0.91478411098601164  0.91869109991630216
  0.92252046622510286  0.92626945653978010  0.92976891552820684  0.93292947770650436
  0.93602683865273151  0.93919928348450532  0.94270623444994694  0.94640726938428876
  0.95017212834882359  0.95394412619363855  0.95769984538362651  0.96130041395262134
  0.96489966095765478  0.96835482299153752  0.97154823293664172  0.97432391912217542
  0.97655579540189197  0.97859619914306717  0.98050960746226490  0.98240040908555781
  0.98416934733324490  0.98585555556676474  0.98746906799856093  0.98896746368809541
  0.99042487292226022  0.99182762456392670  0.99318056392191323  0.99452728184131389
  0.99589762766220635  0.99729437994855552  0.99866426248648821  1.00000000000000000
 -0.00247193157487946  0.00982017343114273  0.02015951751467552  0.03104863342476567
  0.04206067720234249  0.05258533047557697  0.06357305243279857  0.07420498039885483
  0.08470040467246388  0.09462847327507325  0.10492421822847615  0.11683366022593226
  0.12815575279307281  0.13612588834058895  0.14368147107319551  0.15224493569435354
  0.16188632457920885  0.17112838108224912  0.18041073434394347  0.19026655461728628
  0.20162462262712649  0.21235975961265191  0.22080689226478961  0.22972388354203641
  0.23963660472949133  0.25160782341820975  0.26463519022796467  0.27771886662157003
  0.29040179677420086  0.30176811708188683  0.31286874797127173  0.32488304081527003
  0.33743185396231717  0.34848889154246920  0.35939031844200470  0.37027585580467054
  0.38066224624441963  0.39047279579323613  0.39947032585860376  0.40821823893211528
  0.41896571264136168  0.42748562222143133  0.43542710892156872  0.44378795063293258
  0.45562100557514040  0.46507157223075396  0.47407180594899995  0.48262986779176975
  0.49232105665649900  0.50236046641445664  0.51196538350959975  0.52047705126575805
  0.52888458600892185  0.53762010479822475  0.54722515925071724  0.55734197499136273
  0.56795909157749025  0.57879008114497921  0.59000008267478676  0.60091621930728756
  0.61119364837425172  0.62177020440328434  0.63158819572134794  0.64249290671887960
  0.65384761943178293  0.66595076488299010  0.67790798146281306  0.69039189493147812
  0.70314594448681511  0.71601463645044083  0.72855808617820073  0.74055822481670674
  0.75351753757261086  0.76715222533653527  0.77902007854891986  0.78907451449334864
  0.79891551355025614  0.80976635185646773  0.81914911573341553  0.82820336482913215
  0.83665797877902170  0.84672151630053183  0.85817637612233222  0.86863624298774689
  0.87721452418747170  0.88530599966303158  0.89495770610752823  0.90706657125620593
  0.91940133593842988  0.92909107128162560  0.93887747143546552  0.94855973269058036
  0.96069470545970881  0.97300878215818165  0.98602089659279657  1.00000000000000000
 -0.00293067859451999  0.01093544796009409  0.02197610285334934  0.03347372412090271
  0.04472491423257421  0.05587024842449992  0.06744955453562564  0.07656035348345062
  0.08492649928309774  0.09360454571550952  0.10290058700451911  0.11385501537420825
  0.12641044710345981  0.13853213714697540  0.15185780063047769  0.16672026604411355
  0.18069206727402884  0.19419108860658213  0.20650373218655543  0.21686502797652979
  0.22574647717727506  0.23423830457934094  0.24251720303698446  0.25095263407855867
  0.25992798649902826  0.27093247967042927  0.28279799358315699  0.29455108352208392
  0.30427406705734494  0.31468647155919666  0.32452231441031920  0.33438917356436182
  0.34457951657378522  0.35549954731936101  0.36662635591671644  0.37621698203308646
  0.38558308426226823  0.39510904496618104  0.40602948283328444  0.41779504923940702
  0.42867475115166842  0.43897557816495564  0.44926052834401842  0.46019912743010732
  0.47030487709528129  0.47859098039693060  0.48659622311459116  0.49522379373326419
  0.50490584717941878  0.51605867564709729  0.52827916626655369  0.54101332615700692
  0.55321840017352153  0.56485204914123077  0.57672624389796479  0.58727540907104403
  0.59764893863919899  0.60745883183035632  0.61831969569344958  0.62723414207591099
  0.63683543411554799  0.64648938040217818  0.65791995214032351  0.67066275467663994
  0.68240824811185352  0.69365996320796364  0.70430848132482726  0.71508762350211141
  0.72638662043860114  0.73831721605769729  0.74806921861483999  0.75763921122445110
  0.76724296531347536  0.77718740277462384  0.78867820527233656  0.80051332421508847
  0.81218742053761772  0.82454172433405115  0.83707271853415566  0.84927808751235057
  0.85866741558761661  0.86725808700452245  0.87644697144344519  0.88616718747054546
  0.89649056475965028  0.90749690141950234  0.91715506616619003  0.92541725514113671
  0.93341134110241430  0.94182857557856992  0.95105191102906406  0.96103905572646153
  0.97150678320912676  0.98164358169749311  0.99131109977218046  1.00000000000000000
  0.05549664953705494  0.48178450579597121  0.66077056578113746  0.69838333364123362
  0.74717556300572419  0.78355856291840964  0.81074565052525338  0.83297643519830344
  0.85197113828188320  0.86709567887128769  0.87911913646077233  0.88979668159195979
  0.89971573836373164  0.90842112918590945  0.91612432277442835  0.92253866094806791
  0.92844485334117866  0.93398612638859091  0.93890680822442685  0.94294763840425866
  0.94673363013395462  0.95025617016131536  0.95345045978373044  0.95648174809882469
  0.95913427734532253  0.96114441989032828  0.96313479105287825  0.96489196647121189
  0.96659187657164902  0.96824172689425136  0.96985033560699130  0.97139156953538297
  0.97283590236381112  0.97429875528673648  0.97566362332731871  0.97698554096186474
  0.97818378029208009  0.97932405369305964  0.98037309087701241  0.98137949183723816
  0.98228068443646632  0.98312940989255970  0.98398407766502616  0.98479432436696734
  0.98550784664801805  0.98611985664024249  0.98672141600316199  0.98730033227081326
  0.98784693847660465  0.98837056257176326  0.98892062997665486  0.98950948030513486
  0.99009263259454117  0.99060518064264680  0.99104720401625290  0.99146138228296554
  0.99184631762140263  0.99221690964088471  0.99261006655725870  0.99300548767067076
  0.99338168243014524  0.99375174070549832  0.99409574690581926  0.99440765365203376
  0.99468342390655651  0.99493157527296250  0.99516940657597808  0.99540566135596731
  0.99564374380341769  0.99589122882488956  0.99613208162378375  0.99635876383495137
  0.99657960971306803  0.99677391417807681  0.99696263029184640  0.99714300146871093
  0.99730994328698630  0.99746397935915876  0.99761385162654470  0.99776062965435042
  0.99790454452231148  0.99804919432398553  0.99818754437116186  0.99831992981850803
  0.99845888494300417  0.99859757738670485  0.99873572685495815  0.99886595519381871
  0.99898851199351546  0.99909891647907734  0.99921400424345796  0.99933182593981018
  0.99946326333526814  0.99960447994479351  0.99977433282256989  1.00000000000000000
   1.0803038390474585E-006  -1.0000000000000000     
 F F F F F F F F F F F F F F F F F F F F F F F F F F F F F F F F F F F F F F F F F F F F F F F F F F F F F F F F F F F F F F F F
  <DiscreteSampler_grid>
  grouped_processes
  1 # 1 for a reference and 2 for a running grid.
  10 # Attribute 'min_bin_probing_points' of the grid.
  1 # Attribute 'grid_mode' of the grid. 1=='default',2=='initialization'
  0.0000000000000000 # Attribute 'small_contrib_threshold' of the grid.
  0.5000000000000000 # Attribute 'damping_power' of the grid.
 # binID   n_entries weight   weight_sqr   abs_weight
    10   10   3.294332855475137E+002   7.701999710716862E+005   3.294332855475137E+002
  </DiscreteSampler_grid>
