  0.00524047047331780  0.00739039278710892  0.00954031510090003  0.01169023741469115
  0.01384015972848226  0.01599008204227337  0.01814000435606449  0.02028992666985560
  0.02335722954148036  0.02673483795415254  0.03011244636682472  0.03349005477949690
  0.03686766319216908  0.04024527160484125  0.09442230858507773  0.11259099787567108
  0.12202449862100807  0.13145799936634506  0.14089150011168206  0.15032500085701911
  0.15975850160235622  0.19105085016229700  0.28213902307678124  0.29880268299487445
  0.30677230622570750  0.31474192945654056  0.32271155268737362  0.33068117591820667
  0.33865079914903984  0.34662042237987295  0.35900564253114797  0.45009381544563209
  0.50271916258985871  0.50873352862779209  0.51474789466572535  0.52076226070365872
  0.52677662674159209  0.53279099277952546  0.53880535881745883  0.54481972485539221
  0.55083409089332547  0.55684845693125884  0.56799499002000775  0.58416876857324329
  0.58517336845145362  0.58617796832966396  0.58718256820787429  0.58818716808608462
  0.58919176796429495  0.59019636784250529  0.59120096772071562  0.59220556759892595
  0.59321016747713629  0.59421476735534662  0.59521936723355695  0.59622396711176728
  0.59722856698997751  0.59823316686818784  0.59923776674639817  0.60024236662460850
  0.60124696650281884  0.60225156638102917  0.60325616625923950  0.60423900404030262
  0.60501127317359216  0.60578354230688169  0.60655581144017112  0.60732808057346066
  0.60810034970675009  0.60887261884003963  0.60964488797332916  0.61041715710661859
  0.61118942623990813  0.61196169537319767  0.61273396450648709  0.61350623363977663
  0.61427850277306617  0.61505077190635560  0.61582304103964514  0.61659531017293467
  0.61736757930622410  0.61813984843951364  0.61891211757280318  0.61968438670609260
  0.62045665583938214  0.62122892497267157  0.62200119410596111  0.62277346323925065
  0.62354573237254007  0.62431800150582961  0.63564730834205230  0.72673548125653664
  0.81782365417102076  0.90891182708550511  0.96919346067007239  1.00000000000000000
  0.00023037706455817  0.00023320781258227  0.00023603856060637  0.00023886930863048
  0.00024170005665458  0.00024854255935725  0.00025626462567934  0.00026398669200144
  0.00029120719808541  0.00049072342606763  0.00073729113597050  0.00074747899579580
  0.00075766685562109  0.00076785471544639  0.00077804257527168  0.00078823043509698
  0.00079841829492227  0.00080860615474757  0.00081879401457286  0.00082988213784698
  0.00084126610817601  0.00085265007850505  0.00086403404883409  0.00087541801916312
  0.00088680198949216  0.00089818595982119  0.00090956993015023  0.00092133115545223
  0.00093405166620470  0.00094677217695717  0.00095949268770965  0.00097221319846212
  0.00098493370921460  0.00099765421996707  0.00101037473071955  0.00102309524147202
  0.00156787649143764  0.00264370092089034  0.00445282836251084  0.00503996975210867
  0.00526598384175181  0.00550031404097954  0.00575286342176837  0.00600541280255721
  0.00628148109778291  0.00656368115813103  0.00781511253451304  0.01315373918617979
  0.01651583715080873  0.01662880963477607  0.01674178211874341  0.01685475460271075
  0.01696772708667809  0.01708069957064543  0.01719367205461278  0.01730664453858012
  0.01741961702254746  0.01753258950651480  0.01764556199048214  0.01775853447444949
  0.01787150695841683  0.01798447944238417  0.01809745192635151  0.01821042441031885
  0.01832339689428620  0.01842925615655959  0.01852723059456556  0.01862520503257153
  0.01872317947057751  0.01882115390858348  0.01891912834658945  0.01901710278459542
  0.01911507722260139  0.01921305166060737  0.01931102609861334  0.01940900053661931
  0.01950697497462528  0.01960494941263126  0.01970292385063723  0.01980089828864320
  0.01989887272664917  0.01999684716465514  0.02009482160266111  0.02019279604066709
  0.02029077047867306  0.02038874491667903  0.02048671935468500  0.02593343167796755
  0.04371935532796387  0.07044065649169506  0.07123950604753554  0.07123950604754554
  0.07123950604755555  0.07123950604756556  0.07123950604757556  1.00000000000000000
  0.00012269772325020  0.00012885146384704  0.00013327276623408  0.00013769406862112
  0.00014289634754211  0.00014844003404041  0.00015398372053872  0.00023653610290672
  0.00034020783322271  0.00034656135429016  0.00035291487535760  0.00035926839642505
  0.00036562191749250  0.00037197543855994  0.00037841437793866  0.00038551383715355
  0.00039261329636844  0.00039971275558333  0.00040681221479822  0.00041391167401312
  0.00042101113322801  0.00042883577203232  0.00043676874661584  0.00044470172119936
  0.00045263469578288  0.00046056767036640  0.00046850064494992  0.00065879027293120
  0.00069341841617946  0.00072804655942771  0.00076592167182962  0.00080461534862217
  0.00084589137480832  0.00088912790103476  0.00110983740154176  0.00193922032333129
  0.00312943100073662  0.00324533393956101  0.00336123687838541  0.00347713981720981
  0.00360662469663195  0.00373613527483494  0.00386564585303793  0.00400801664878748
  0.00415273247770953  0.00429744830663157  0.00640367971575922  0.00848049273114600
  0.00853838635696757  0.00859627998278914  0.00865417360861070  0.00871206723443227
  0.00876996086025384  0.00882785448607541  0.00888574811189697  0.00894364173771854
  0.00900153536354011  0.00905942898936168  0.00911732261518324  0.00917521624100481
  0.00923310986682638  0.00929100349264795  0.00934889711846951  0.00940679074429108
  0.00946181103036960  0.00951174062424164  0.00956167021811368  0.00961159981198572
  0.00966152940585775  0.00971145899972979  0.00976138859360183  0.00981131818747386
  0.00986124778134590  0.00991117737521794  0.00996110696908997  0.01001103656296201
  0.01006096615683405  0.01011089575070608  0.01016082534457812  0.01021075493845016
  0.01026068453232220  0.01031061412619423  0.01036054372006627  0.01041047331393831
  0.01046040290781034  0.01051033250168238  0.01151466443051124  0.02011909114552794
  0.03515293021899839  0.05846161150402519  0.05889600972462501  0.05889600972463501
  0.05889600972464501  0.05889600972465501  0.05889600972466501  1.00000000000000000
  0.06788748105367023  0.31343494901978958  0.31436989803957921  0.31530484705936879
  0.31623979607915836  0.31717474509894800  0.31810969411873757  0.31904464313852715
  0.31997959215831678  0.32091454117810636  0.32184949019789594  0.32278443921768557
  0.32371938823747515  0.32465433725726472  0.32558928627705436  0.32652423529684393
  0.32745918431663351  0.32839413333642314  0.32932908235621272  0.33026403137600230
  0.33119898039579193  0.33213392941558151  0.33306887843537109  0.33419683626924906
  0.33540092023842616  0.33660500420760325  0.33780908817678035  0.33901317214595739
  0.34021725611513448  0.34142134008431158  0.34262542405348867  0.34382950802266576
  0.34503359199184286  0.34623767596101995  0.34744175993019705  0.34864584389937414
  0.34984992786855124  0.35105401183772833  0.35225809580690542  0.35346217977608252
  0.39408575997530820  0.49029517027130121  0.54518332675017434  0.55272907907031033
  0.56027483139044643  0.56782058371058253  0.57536633603071852  0.58291208835085462
  0.59045784067099072  0.59800359299112693  0.62179601512414084  0.64765401883686835
  0.65008109381231605  0.65250816878776363  0.65493524376321133  0.65736231873865891
  0.65978939371410661  0.66221646868955419  0.66464354366500189  0.66707061864044948
  0.66949769361589717  0.67192476859134476  0.67435184356679234  0.67677891854223993
  0.67920599351768762  0.68163306849313521  0.68406014346858279  0.68648721844403049
  0.68891429341947807  0.69134136839492566  0.69376844337037324  0.69619551834582094
  0.69862259332126853  0.70104966829671611  0.70347674327216370  0.70590381824761139
  0.70833089322305898  0.80444601749893463  0.85686007038663059  0.86243412263706198
  0.86800817488749338  0.87358222713792488  0.87915627938835628  0.88473033163878778
  0.89030438388921918  0.89587843613965057  0.90145248839008207  0.90702654064051358
  0.91260059289094508  0.93798782644961598  0.94702267537078355  0.95605752429195123
  0.96306890731209716  0.96939897729453706  0.97435832420984902  1.00000000000000000
  0.05971675713857016  0.06343348937356925  0.06436697874713851  0.06530046812070778
  0.06623395749427702  0.06716744686784629  0.06810093624141554  0.06903442561498480
  0.06996791498855405  0.07090140436212330  0.07183489373569256  0.07276838310926183
  0.07370187248283108  0.07463536185640034  0.07556885122996959  0.07650234060353885
  0.07743582997710810  0.07836931935067735  0.07930280872424661  0.08023629809781586
  0.08116978747138512  0.08210327684495437  0.08303676621852364  0.08415794462149270
  0.08536651578419814  0.08657508694690358  0.08778365810960902  0.08899222927231445
  0.09020080043501988  0.09140937159772532  0.09261794276043075  0.09382651392313619
  0.09503508508584163  0.09624365624854705  0.09745222741125249  0.09866079857395793
  0.09986936973666335  0.10107794089936879  0.10228651206207423  0.10349508322477965
  0.15001247819811506  0.25010241294759145  0.25340950550142671  0.25671659805526198
  0.26002369060909725  0.26333078316293257  0.26663787571676784  0.26994496827060310
  0.27325206082443843  0.27655915337827369  0.27986624593210901  0.28317333848594434
  0.28648043103977966  0.28978752359361498  0.29309461614745025  0.29640170870128552
  0.29970880125512078  0.30301589380895610  0.30632298636279137  0.30963007891662664
  0.32613995697067721  0.39810477478291312  0.40510320613118928  0.41210163747946538
  0.41910006882774153  0.42609850017601758  0.43309693152429368  0.44009536287256973
  0.44709379422084577  0.45409222556912188  0.48126137192396545  0.49216648269117930
  0.50307159345839314  0.51397670422560704  0.52488181499282094  0.53578692576003495
  0.54592198190807228  0.55515606523812300  0.56439014856817371  0.57362423189822442
  0.58285831522827514  0.59209239855832596  0.60132648188837678  0.67561292494387337
  0.77125053753113837  0.77665695668114798  0.78206337583115759  0.78746979498116720
  0.79272438999982953  0.79745218766929860  0.80217998533876766  0.80690778300823685
  0.81163558067770591  0.89681714571926940  0.92145455280939748  1.00000000000000000
  0.25345027049382529  0.37569158652304135  0.37638317304608265  0.37707475956912395
  0.37776634609216531  0.37845793261520660  0.37914951913824796  0.37984110566128926
  0.38053269218433061  0.38122427870737191  0.38191586523041327  0.38260745175345456
  0.38329903827649592  0.38399062479953722  0.38468221132257857  0.38537379784561987
  0.38606538436866122  0.38675697089170252  0.38744855741474382  0.38814014393778518
  0.38883173046082647  0.38952331698386783  0.39021490350690913  0.39090649002995048
  0.39159807655299178  0.39228966307603313  0.39298124959907443  0.39367283612211573
  0.39436442264515709  0.39505600916819839  0.39574759569123974  0.39662092072236543
  0.39751996475974960  0.39841900879713371  0.39931805283451788  0.40021709687190199
  0.40111614090928616  0.40201518494667027  0.40291422898405443  0.40381327302143855
  0.40471231705882271  0.40561136109620682  0.40651040513359094  0.40740944917097510
  0.40830849320835921  0.40920753724574338  0.41010658128312749  0.41100562532051166
  0.41190466935789577  0.41280371339527994  0.41370275743266405  0.41460180147004821
  0.41550084550743233  0.41639988954481649  0.47350962949139597  0.50564347880391414
  0.51403827765475385  0.52140173050209127  0.52438444671670015  0.52736716293130914
  0.53034987914591802  0.53333259536052691  0.53631531157513579  0.53929802778974467
  0.54228074400435355  0.54526346021896244  0.54824617643357132  0.55122889264818020
  0.55421160886278908  0.55719432507739786  0.56017704129200674  0.56316641875712092
  0.56617925000595437  0.56919208125478782  0.57220491250362138  0.57521774375245482
  0.57823057500128827  0.58124340625012172  0.60809267047233406  0.66861988539984529
  0.67571430239424013  0.68280871938863497  0.68917264451605387  0.69411054057724741
  0.69904843663844096  0.70398633269963451  0.70885610235830288  0.71322469109532505
  0.71759327983234722  0.72196186856936928  0.72633045730639145  0.75751857859744576
  0.83834571906496447  0.91917285953248318  0.95368504921595254  1.00000000000000000
  0.00658747692686852  0.00847543881225898  0.01036340069764943  0.01225136258303988
  0.01413932446843033  0.01602728635382078  0.01791524823921124  0.01980321012460169
  0.02218602234078913  0.02516306844322179  0.02814011454565446  0.03111716064808713
  0.03409420675051980  0.03707125285295247  0.04004829895538514  0.04407901729115637
  0.04936480020425149  0.05465058311734661  0.05993636603044172  0.06522214894353684
  0.07050793185663196  0.07579371476972707  0.08107949768282219  0.08782664440487992
  0.09566011406258115  0.10349358372028238  0.11132705337798354  0.11916052303568468
  0.12699399269338585  0.13482746235108700  0.14266093200878813  0.20347415670390590
  0.30034629172634214  0.39721842674877816  0.49409056177121441  0.59096269679365054
  0.68783483181608673  0.72986991157889036  0.73109649544465949  0.73232307931042850
  0.73354966317619752  0.73477624704196665  0.73600283090773566  0.73722941477350468
  0.73845599863927380  0.73968258250504282  0.74090916637081194  0.74213575023658096
  0.74336233410234998  0.74458891796811910  0.74581550183388812  0.74704208569965724
  0.74826866956542626  0.74949525343119527  0.75072183729696440  0.75194842116273342
  0.75317500502850243  0.75440158889427156  0.75562817276004057  0.75685475662580970
  0.75808134049157871  0.75930792435734773  0.76053450822311686  0.76176109208888587
  0.76298767595465500  0.76421425982042401  0.76544084368619303  0.76666742755196216
  0.76789401141773117  0.76912059528350030  0.77034717914926931  0.77157376301503833
  0.77280034688080745  0.77402693074657647  0.77525351461234560  0.77648009847811461
  0.77770668234388374  0.77893326620965275  0.78015985007542188  0.78138643394119089
  0.78261301780696002  0.78383960167272904  0.78506618553849816  0.78629276940426718
  0.78751935327003630  0.78874593713580532  0.78997252100157445  0.79119910486734346
  0.85161208919971787  0.88177246879261895  0.89070041922359089  0.89928607283022044
  0.90740875848327351  0.91553144413632670  0.93154001633326211  1.00000000000000000
  0.00164091189702351  0.01056230189491079  0.01948369189279807  0.02977779245887237
  0.04031657456114044  0.12588835949134017  0.22248472625070648  0.31908109301007270
  0.41567745976943904  0.51227382652880527  0.54396061631196491  0.54725787186393526
  0.55055512741590562  0.55385238296787598  0.55714963851984622  0.56044689407181658
  0.56374414962378694  0.56704140517575730  0.57033866072772754  0.57363591627969790
  0.57693317183166826  0.58023042738363861  0.58352768293560886  0.58682493848757922
  0.59012219403954969  0.59341944959152004  0.59671670514349040  0.60001396069546076
  0.60331121624743111  0.67570176621804867  0.71285751861952240  0.71968971169483498
  0.72652190477014755  0.72992153464195553  0.73115317369065480  0.73238481273935419
  0.73361645178805346  0.73484809083675284  0.73607972988545223  0.73731136893415150
  0.73854300798285089  0.73977464703155016  0.74100628608024954  0.74223792512894893
  0.74346956417764820  0.74470120322634759  0.74593284227504686  0.74716448132374624
  0.74839612037244552  0.74962775942114490  0.75084195024250699  0.75204858352394788
  0.75325521680538876  0.75446185008682976  0.75566848336827064  0.75687511664971152
  0.75808174993115252  0.75928838321259340  0.76049501649403428  0.76170164977547528
  0.76290828305691616  0.76411491633835704  0.76532154961979804  0.76652818290123892
  0.76773481618267980  0.76894144946412080  0.77014808274556168  0.77135916260744286
  0.77257608658708488  0.77379301056672700  0.77500993454636902  0.77622685852601103
  0.77744378250565305  0.77866070648529506  0.77987763046493708  0.78109455444457920
  0.78231147842422122  0.78352840240386323  0.78474532638350525  0.78596225036314726
  0.78717917434278939  0.78839609832243140  0.78961302230207342  0.79082994628171543
  0.79332692410892802  0.79864093776392842  0.80395495141892892  0.80926896507392931
  0.85036369217593588  0.93837705846032760  0.94733267504608198  0.95628829163183648
  0.96284943684714031  0.96870198778662409  0.97329229513804116  1.00000000000000000
  0.56202888091405223  0.56982173361800970  0.57714346723601939  0.58457580655604024
  0.59261301744674455  0.60065022833744885  0.62800796221313093  0.63745184137774913
  0.64689572054236744  0.65633959970698574  0.66578347887160416  0.67522735803622236
  0.68467123720084055  0.74731463561501443  0.83270726664618200  0.87651102935778569
  0.87950478988577097  0.88249855041375624  0.88549231094174152  0.88848607146972680
  0.89147983199771208  0.89447359252569736  0.89746735305368264  0.90046111358166803
  0.90345487410965331  0.90644863463763858  0.90944239516562386  0.91243615569360925
  0.91542991622159453  0.91728806976179200  0.91834687532941250  0.91940568089703301
  0.92046448646465351  0.92152329203227401  0.92258209759989462  0.92364090316751513
  0.92469970873513563  0.92575851430275613  0.92681731987037663  0.92787612543799725
  0.92893493100561775  0.92999373657323825  0.93105254214085875  0.93211134770847925
  0.93317015327609976  0.93422895884372037  0.93528776441134087  0.93634656997896137
  0.93740537554658188  0.93854071305049858  0.93968356137632858  0.94082640970215869
  0.94196925802798870  0.94311210635381881  0.94425495467964882  0.94539780300547893
  0.94654065133130894  0.94768349965713905  0.94882634798296905  0.94996919630879917
  0.95111204463462917  0.95225489296045918  0.95339774128628929  0.95454058961211929
  0.95568343793794941  0.95682628626377941  0.95796913458960953  0.95904636493708717
  0.96009290370541178  0.96113944247373639  0.96218598124206101  0.96323252001038573
  0.96427905877871034  0.96532559754703495  0.96637213631535968  0.96741867508368429
  0.96846521385200890  0.96951175262033351  0.97055829138865823  0.97160483015698285
  0.97265136892530746  0.97369790769363207  0.97474444646195679  0.97579098523028140
  0.97683752399860602  0.97788406276693063  0.97893060153525535  0.98100541925343809
  0.98337974184675836  0.98575406444007863  0.98812838703339889  0.99050270962671905
  0.99287703222003931  0.99525135481335958  0.99762567740667984  1.00000000000000000
   2.0176013813959340E-011  -1.0000000000000000     
 F F F F F F F F F F F F F F F F F F F F F F F F F F F F F F F F F F F F F F F F F F F F F F F F F F F F F F F F F F F F F F F F
  <DiscreteSampler_grid>
  grouped_processes
  1 # 1 for a reference and 2 for a running grid.
  10 # Attribute 'min_bin_probing_points' of the grid.
  1 # Attribute 'grid_mode' of the grid. 1=='default',2=='initialization'
  0.0000000000000000 # Attribute 'small_contrib_threshold' of the grid.
  0.5000000000000000 # Attribute 'damping_power' of the grid.
 # binID   n_entries weight   weight_sqr   abs_weight
    10   10   1.463205873572427E+003   2.114598416133525E+007   1.463205873572427E+003
  </DiscreteSampler_grid>
