  0.00315216945687718  0.01249935068868714  0.02461631962409520  0.03653132530328294
  0.04918695321542815  0.06094661609594247  0.07104349354496467  0.08134139397774692
  0.09207130617219314  0.10341167344658642  0.11508102227026147  0.12684572385281534
  0.13937790618061688  0.15164743018478175  0.16395318141077314  0.17685800010714647
  0.18695100789223662  0.19400085990009830  0.20037178476947595  0.20695735099627696
  0.21447301498961027  0.22371117433427337  0.23253262401408156  0.24068627802632597
  0.24965478689443599  0.25912075492738712  0.26877257706644081  0.27799499477173450
  0.28724744782953671  0.29788155968654961  0.31128807464210168  0.32621072204439183
  0.34022042045803164  0.35271374787154586  0.36434929509394254  0.37516728460060711
  0.38453144392657723  0.39349994538512739  0.40292690545848386  0.41385910688957794
  0.42639024006740966  0.43913989228474970  0.45065700533414238  0.46150149506473048
  0.47128343491814811  0.48134889499686678  0.49141306376352162  0.50135936284992955
  0.51168481209891303  0.52257615590681095  0.53498904879888454  0.54839695797919796
  0.56158987982905306  0.57288523447215611  0.58270031100882680  0.59273008752808576
  0.60294074460082492  0.61448367127620040  0.62625310970546111  0.63779052291781246
  0.64729741422401910  0.65351526510591751  0.66078519580598760  0.66888918870281999
  0.67681297803594054  0.68498338187243113  0.69288130926674096  0.70071943797613612
  0.70892197538498103  0.71819617721631945  0.72786515581734912  0.73772865094794404
  0.74808954651722515  0.75836966749232915  0.76882454561673852  0.77950668648218091
  0.79139419924081744  0.80296495507898435  0.81480582953903480  0.82702746743676914
  0.83913186157223485  0.85134645313257151  0.86342830460701314  0.87561159084016205
  0.88733251042384376  0.89939345148676553  0.91218132362038529  0.92208355525142394
  0.93062786240280193  0.93927170862113118  0.94870295431014084  0.95908826756441878
  0.96813622034851265  0.97732881868243426  0.98769970704084331  1.00000000000000000
  0.00001659786320962  0.00002267486722513  0.00003034351760653  0.00003523480624975
  0.00004083103925892  0.00004715724883420  0.00005554062585856  0.00006389955359679
  0.00007596450789899  0.00009113203959821  0.00010790325645076  0.00013055991673500
  0.00016424620360308  0.00019864367490783  0.00024220583924524  0.00029949171056322
  0.00036466304581829  0.00044003876528399  0.00051931858130634  0.00060584690460275
  0.00069703576262505  0.00080000328285653  0.00091820182818568  0.00104890304306488
  0.00118509823028168  0.00131406431740165  0.00145149798660159  0.00158906422669290
  0.00172540766227215  0.00188735806435552  0.00207728772673093  0.00227410009661243
  0.00248936016449000  0.00273220616373491  0.00298476235849808  0.00324418895717454
  0.00349745363724537  0.00374275052243667  0.00399074584086423  0.00424626917181644
  0.00450803731129052  0.00478655399335225  0.00508047029678161  0.00538760569705584
  0.00569471779995093  0.00598678660808746  0.00631531663557367  0.00665800427923146
  0.00701777655923666  0.00740265884757820  0.00772827921703687  0.00798308100858739
  0.00824273236176087  0.00849851662859142  0.00877246744059224  0.00912411455395726
  0.00957917613055768  0.01002761848510508  0.01050452631156642  0.01096188553054536
  0.01141275185959416  0.01187999573647842  0.01230501829392322  0.01271181758043378
  0.01325709339231189  0.01380311657971974  0.01438732757682521  0.01501462972512453
  0.01566605909708072  0.01632534023321557  0.01696681516033442  0.01753585967831612
  0.01814084158288478  0.01867143494251382  0.01915302898272099  0.01964912711979701
  0.02018052038867675  0.02073288442416639  0.02125634432790848  0.02174670024378359
  0.02221830039253999  0.02273287545721202  0.02354554071851909  0.02435938228092386
  0.02523433968359630  0.02625896269058782  0.02777271574856531  0.03157062255200981
  0.03881930939382480  0.04819685720131063  0.05710596368464040  0.06725196861636619
  0.07262897938932052  0.08177526642252717  0.10728199641274139  1.00000000000000000
  0.00000723892756215  0.00001294821750843  0.00002122353870552  0.00003160917193692
  0.00004454483536691  0.00006085145874006  0.00007796006000241  0.00009509680602915
  0.00011353550208643  0.00013018863041525  0.00014780191541385  0.00016741119809160
  0.00019140273340144  0.00021743638617452  0.00024037160803986  0.00026310546109201
  0.00028694452096207  0.00031368201418133  0.00034463343943641  0.00037563910820231
  0.00040813510635251  0.00044329449858530  0.00047674061001449  0.00050918840122306
  0.00054212814646784  0.00057622640948638  0.00061145207181615  0.00064855109231951
  0.00068851279849595  0.00073024655705284  0.00077097317935649  0.00081339775633720
  0.00085513777200834  0.00090003917440887  0.00095236139167894  0.00101216972431027
  0.00107614057403077  0.00113880910424252  0.00119869342033726  0.00126448238923074
  0.00133492761781610  0.00142062349869491  0.00151405288070072  0.00160536942975466
  0.00169439578834487  0.00178609864055324  0.00187817735599476  0.00196626117427961
  0.00205548771118847  0.00214790414771955  0.00224325869512482  0.00235629246520561
  0.00248393060892643  0.00261695914781780  0.00275394884749974  0.00289747036379197
  0.00304174316877694  0.00319155493698228  0.00335404563070915  0.00351592057835798
  0.00367495647895907  0.00384389196538565  0.00403943198664650  0.00428747607195070
  0.00456110935074095  0.00483437712718665  0.00509789634459677  0.00537715066955520
  0.00576008518672261  0.00616012971354159  0.00653727697732322  0.00691407328598003
  0.00733045315398898  0.00779747313488361  0.00833499061048444  0.00899877164565895
  0.00966528103156667  0.01024928576949458  0.01090263386221351  0.01164706781023230
  0.01246881795333819  0.01331283799130423  0.01430852421367897  0.01552742278533749
  0.01684178138978561  0.01824269063991703  0.01963598498145812  0.02124214588070004
  0.02321450054870113  0.02561992207010856  0.03011357424666298  0.03825176481507778
  0.04545445459730543  0.05122258744125671  0.05881236535488214  1.00000000000000000
 -0.00298731672163926  0.01522307154644886  0.03101328508850588  0.04829200327718176
  0.06718709936748719  0.08724130448492352  0.10586555212173655  0.12469395382463720
  0.14207662375626776  0.15798260363318703  0.17225903499309289  0.18591256407472179
  0.19900713121699473  0.21279662198539445  0.22670259105630339  0.23987890916213053
  0.25224365807288029  0.26392735880361223  0.27706228995221760  0.29021212656348527
  0.30175133225903633  0.31336479929144095  0.32549962134078103  0.33912899509487410
  0.35242844405281110  0.36442887856661033  0.37533095513689541  0.38570905515413351
  0.39630742727220719  0.40784149633699318  0.41961748174997110  0.43083030544593570
  0.44263156916259466  0.45365181375960090  0.46434203613439651  0.47422877110233286
  0.48466489895999709  0.49546906649680000  0.50654823326863996  0.51781063672173466
  0.52738050804812930  0.53624492372935628  0.54487126591620283  0.55298693307217739
  0.56138103621194002  0.56910960008501821  0.57656968305618816  0.58438788326091773
  0.59318637689958531  0.60185303382961464  0.61082880071270496  0.61975673898040895
  0.62943304397113553  0.64005419940775887  0.64987885138462398  0.65915813432403292
  0.66779189527523564  0.67588427644834359  0.68379830715500556  0.69188443120212817
  0.70045846955129665  0.70871300549344074  0.71792715387739647  0.72682525006035514
  0.73628194039326134  0.74537086883248382  0.75427011461785054  0.76318337079442677
  0.77283445547642726  0.78366639381102543  0.79412142002638630  0.80341892468156906
  0.81130616323782045  0.81915391791843795  0.82738419117593620  0.83582103452603240
  0.84393636466629363  0.85124106384175302  0.85740368319443838  0.86386492498009038
  0.87034571965752661  0.87672126134419148  0.88484201554617414  0.89327772486956591
  0.90191993532087344  0.90992599385887996  0.91845480236372479  0.92708556648835838
  0.93776004782527200  0.94949107160532986  0.96124939567644008  0.97039388073956301
  0.97799946405398075  0.98469233050460858  0.99233860771664373  1.00000000000000000
 -0.00267923968962864  0.00989227834365975  0.02084660860729462  0.03264615101992513
  0.04481489965156701  0.05565209902503198  0.06667806696321001  0.07769779163669047
  0.08879084334647575  0.10012591577286550  0.11151493178005402  0.12228244024359669
  0.13297151301730739  0.14349201912600293  0.15403613644742534  0.16459108546830239
  0.17456232456134421  0.18506663019744821  0.19585959697650729  0.20651858422943117
  0.21759661563114072  0.22863641369318563  0.23920834957650816  0.24874463250199194
  0.25733853756596747  0.26591173793793493  0.27507332141054902  0.28376868015102102
  0.29219838933125031  0.30145623863437404  0.31194973086695238  0.32366373008637073
  0.33670022395726795  0.35098277461377236  0.36541625793050114  0.37931345450510967
  0.39100662392826313  0.40010837163684043  0.40806052116583869  0.41613566777477667
  0.42559733895698382  0.43567875495161140  0.44618968031980161  0.45727151221391643
  0.47067122932072131  0.48349786616407786  0.49461877334529031  0.50544122566722816
  0.51567287548471408  0.52598905249828998  0.53555392665420631  0.54496586580520268
  0.55522218071643581  0.56588495408200157  0.57673684286112892  0.58732874962250603
  0.59784383060603985  0.60739083048640030  0.61608539279596775  0.62430776083770045
  0.63296661480944316  0.64265932905434042  0.65335977939827528  0.66389390579231533
  0.67509945964959239  0.68600251490709885  0.69573744400637338  0.70548612852006087
  0.71799214873047634  0.73043238172715708  0.74268402412404766  0.75280362080574803
  0.76199161733443355  0.77139892067845905  0.78207285384569036  0.79257960055737264
  0.80313005909221458  0.81305982549575395  0.82453732141406011  0.83556882282545208
  0.84680882357909348  0.85843119040103510  0.86965926700637053  0.87998928658772524
  0.89030935584431925  0.89960154700205153  0.90980712007318887  0.91987482534803289
  0.93269435048419935  0.94623025167878039  0.95982831609695429  0.97289647461829798
  0.98088144155552270  0.98792542442356890  0.99423335296779525  1.00000000000000000
 -0.00252584844515543  0.01019997840198392  0.02035007501848707  0.03047216905210186
  0.04030685907838509  0.04984944620383355  0.05968789776171370  0.06960772191604514
  0.07892126701172554  0.08847508558947718  0.09826616460646914  0.10964090913553942
  0.12259064252865343  0.13537191173098137  0.14469218707181086  0.15346877982721288
  0.16182426532350599  0.17041972322648713  0.18113711084477449  0.19080464862046831
  0.19871213843396829  0.20635848348060168  0.21374557420598267  0.22282492275212845
  0.23093367873951501  0.23836440666861464  0.24649913290510767  0.25633786357466914
  0.26704613259652016  0.27743741106080216  0.28729757698115155  0.29718506575759890
  0.30825270032365543  0.31972233325629018  0.33115473575263132  0.34088105126122809
  0.34966649418299245  0.35916282037938696  0.36974409929619834  0.38298111698043641
  0.39584402186527501  0.40686331640830786  0.41590634925028230  0.42434084502591379
  0.43276695139620769  0.44202258021038765  0.45171010469560141  0.46246280925976602
  0.47337624954309032  0.48475823801737677  0.49642798539620026  0.50826442125730498
  0.51988270264337033  0.52980883303804227  0.54007628875081248  0.55033948709690073
  0.56175095955487819  0.57356422661413708  0.58649396667045972  0.59899028532142384
  0.61212994673517351  0.62448882606219469  0.63714160682427845  0.64991411855653991
  0.66262519093838823  0.67443525130184345  0.68508211162303667  0.69477243839159941
  0.70405554023782890  0.71355291507330443  0.72482108174459559  0.73744245069900016
  0.75008445437986981  0.76112931880930168  0.77236095256968251  0.78409898089998553
  0.79616235904246457  0.80834379394767752  0.82163291972064223  0.83557231139261301
  0.84942039182796369  0.86056108987793745  0.87049438181600980  0.88107031573430594
  0.89126604571877432  0.90371274260401147  0.91647871826606819  0.92939297141081179
  0.94043203094189676  0.94975965799663931  0.95877276020688162  0.96743675316771505
  0.97569960065998262  0.98359572607573453  0.99187135770189705  1.00000000000000000
 -0.00100636904691294  0.00449665109419504  0.00833376672333983  0.01160716670154413
  0.01446000417878466  0.01701565261472902  0.01933521322695972  0.02171158313719465
  0.02406177660297964  0.02628769874849421  0.02850401563500018  0.03073722849420316
  0.03299084927904732  0.03525256994033317  0.03741171350120106  0.03963300430873045
  0.04165201633246322  0.04341178888916818  0.04515540985642960  0.04683167867570790
  0.04846293309339309  0.05008272792571298  0.05169687653120515  0.05334262355403455
  0.05514876494746145  0.05690738660029609  0.05854370691453843  0.06012001343165430
  0.06162015756719098  0.06299994856527318  0.06422566515780075  0.06577275254904212
  0.06758374200317657  0.06870725241899343  0.06966801925074698  0.07051432704924879
  0.07116574520345124  0.07229295530617721  0.07338602128218441  0.07424715689253580
  0.07546989874702513  0.07666267223984373  0.07792259809574230  0.07925024481546082
  0.08011460595573387  0.08097333543219472  0.08183380367979738  0.08273330861185252
  0.08421392036382841  0.08541240680814816  0.08621741180760270  0.08706147167808857
  0.08810634624354820  0.08903293815619548  0.08972214356190399  0.09064486333894979
  0.09198022978703711  0.09354485711168185  0.09485676820358870  0.09613359801574432
  0.09714245025620750  0.09797308978668637  0.09900713153047649  0.10069435077449952
  0.10205899740223925  0.10325978967345172  0.10449254691008229  0.10700199480530895
  0.11121501974635513  0.11282951219077506  0.11431294851000463  0.11597226961633315
  0.11755829834173441  0.11871058647547653  0.11991249363456372  0.12112205903848067
  0.12319310520468801  0.12411026531658605  0.12502742542848408  0.12793311440755673
  0.13429582408917184  0.14065853377078699  0.14404232152851545  0.14572412997156736
  0.14740593841461927  0.15021918763811046  0.15512854057308259  0.15904334110926058
  0.16489435343485911  0.19285922389007609  0.20209035011928667  0.22235585106942499
  0.24872990256626512  0.40390396773246562  0.61003808895727651  1.00000000000000000
 -0.00241426320031850  0.00967534123076801  0.01946115401539802  0.02793827569525259
  0.03704464153825754  0.04609779100157675  0.05297696300045764  0.05938467108388686
  0.06561004711302253  0.07296760479005904  0.07917191096706815  0.08574873802505054
  0.09335712087272210  0.10221990168395946  0.11192841719621438  0.12111185161609014
  0.13049965750232045  0.13985224837648377  0.14953049466636989  0.15783811842814871
  0.16864651383442408  0.17870281806756241  0.18970217985083723  0.19796059589024700
  0.20590725530280632  0.21377203407747591  0.22172046793681224  0.23103907380739214
  0.24168228335689296  0.25309543417518710  0.26576210078821833  0.27879939269417164
  0.29240160302182083  0.30500084432739050  0.31642625377727684  0.32678200294000065
  0.33809964048062535  0.35044651801699506  0.36321883590540988  0.37557326831370591
  0.38685405589865279  0.39761746698131401  0.40856002221747423  0.41971067610002860
  0.43065592849168827  0.44121322254629580  0.45215431828498548  0.46365973391075399
  0.47517890936894785  0.48700597862909950  0.49834676113490894  0.51161893452716600
  0.52440357109823255  0.53772880587572647  0.55142974222534591  0.56498914189800187
  0.57819169394774084  0.59182399678895858  0.60579653747945450  0.61915126489624428
  0.63273625468517269  0.64642248076614617  0.65928778585987269  0.67055379150586003
  0.68069738477533048  0.69138104250775934  0.70161293791890988  0.71208836845452783
  0.72177857196780193  0.73265652448517582  0.74564454217035603  0.75853546533859240
  0.77174274706051949  0.78309173825212686  0.79331031884598335  0.80248709657048078
  0.81060144822982261  0.81903171279790665  0.82741442592827275  0.83641389556569878
  0.84478620176589780  0.85324899724901881  0.86207648158448669  0.87113808427936368
  0.87972561920758185  0.88889824080101598  0.89943259598634584  0.91066015849118265
  0.92147123657633923  0.93194876752247346  0.94300978773171051  0.95487860873941033
  0.96663835665694953  0.97770861849036828  0.98927164479796548  1.00000000000000000
  0.37729942106770314  0.59958161679754152  0.68768430625424726  0.74107289996354020
  0.77710182118118132  0.80385449640007500  0.82432273091814090  0.83983949898837262
  0.85348146682551251  0.86494940668364773  0.87443308392595043  0.88233110378906154
  0.88943386880167563  0.89598258045996693  0.90177410887453557  0.90725751916851705
  0.91240712177081362  0.91705522708618581  0.92119987932443947  0.92524796854379066
  0.92897092640916623  0.93242930875464758  0.93571162563114529  0.93868925857388130
  0.94138152399638475  0.94409570291773182  0.94688001430707935  0.94956476371234777
  0.95196202445735045  0.95412658907248549  0.95615603093688739  0.95800355479352184
  0.95946946466756156  0.96069826692638383  0.96196998920684107  0.96324844828371214
  0.96450360721652650  0.96566780906531235  0.96678751582144418  0.96789691250017917
  0.96903118763753271  0.97019464714432957  0.97129434487684452  0.97231145786794793
  0.97326962538255379  0.97424731413583754  0.97522524369974162  0.97616974543504653
  0.97706750338342552  0.97793642248291124  0.97876249138197913  0.97949109480071850
  0.98011157292907858  0.98072569806958299  0.98132853818988519  0.98195217218829367
  0.98264569408833935  0.98332131750966378  0.98397364010613808  0.98460329828644233
  0.98520864928957053  0.98578998937556339  0.98635555239301043  0.98688480504912446
  0.98743112946480993  0.98793620186822906  0.98843258719523075  0.98892771158611403
  0.98940966359809490  0.98986556912405188  0.99030742811935091  0.99074712354812411
  0.99119525315096846  0.99166331845117683  0.99211387916059546  0.99255435936626701
  0.99296631639780697  0.99335555210451576  0.99374447056766069  0.99410672324383231
  0.99446189127303342  0.99481508250026174  0.99517016132772396  0.99551442210204300
  0.99585992441719762  0.99619785997685140  0.99650952408218374  0.99681924734888094
  0.99713188150574428  0.99745208589748946  0.99775850670213917  0.99806406765223032
  0.99841085324130718  0.99879923805865434  0.99924949195846580  1.00000000000000000
   5.0034319842650121E-007  -1.0000000000000000     
 F F F F F F F F F F F F F F F F F F F F F F F F F F F F F F F F F F F F F F F F F F F F F F F F F F F F F F F F F F F F F F F F
  <DiscreteSampler_grid>
  grouped_processes
  1 # 1 for a reference and 2 for a running grid.
  10 # Attribute 'min_bin_probing_points' of the grid.
  1 # Attribute 'grid_mode' of the grid. 1=='default',2=='initialization'
  0.0000000000000000 # Attribute 'small_contrib_threshold' of the grid.
  0.5000000000000000 # Attribute 'damping_power' of the grid.
 # binID   n_entries weight   weight_sqr   abs_weight
    10   10   2.637134107525920E+001   2.371610361087043E+003   2.637134107525920E+001
  </DiscreteSampler_grid>
