  0.00340480052853014  0.01062206403782473  0.02073755877340222  0.03166441273755865
  0.04307559549906354  0.05460775729054350  0.06590999907379361  0.07735611942252359
  0.08869392761373678  0.10045493913547293  0.11246983323278352  0.12409737754437455
  0.13520049937119885  0.14618794740384619  0.15693570031462745  0.16733048987920016
  0.17768439630121308  0.18803848479921656  0.19777664929428004  0.20763160579827139
  0.21814638339252637  0.22825894991075696  0.23845018692932907  0.24882157048857725
  0.25950775694367167  0.26929670448211135  0.27892736056491596  0.28922218596241850
  0.30047367817768000  0.31198637640880761  0.32318046049991295  0.33452446561112498
  0.34591336900149877  0.35722473658018494  0.36839623632481711  0.37958192708517724
  0.39077898438311870  0.40156169866094288  0.41184892877839463  0.42184052368690511
  0.43201183220972095  0.44246753819784806  0.45334889730256267  0.46399573479138412
  0.47448575858520620  0.48509816133355010  0.49578327842023512  0.50630673246979407
  0.51607727180420382  0.52561279710189890  0.53504905754269594  0.54476057348653117
  0.55517691660064805  0.56592841162280660  0.57704844018894774  0.58835982815046906
  0.60015453980247890  0.61198693681824889  0.62350333076813491  0.63410741776591628
  0.64353750317057790  0.65278017354147300  0.66225716629082820  0.67242448152707401
  0.68332813786340973  0.69493877681271976  0.70684692322060372  0.71832368633895283
  0.72943562959286268  0.74013497173091147  0.75016054781151109  0.75991570522470597
  0.76951947318989011  0.77917141739278051  0.78888636535761159  0.79915028626872930
  0.80984154573633116  0.82052044532298618  0.83140369541041781  0.84249333651805736
  0.85300388015355944  0.86285574922231567  0.87228326687919411  0.88203280579381871
  0.89178085011793584  0.90138299215841899  0.91082812017011949  0.92056350548063659
  0.93088719108079165  0.94095173262913390  0.95080861719409782  0.96131913639118649
  0.97098002038125020  0.98020652848588719  0.98935417502817924  1.00000000000000000
  0.00008436641483161  0.00010051788701093  0.00011695105627126  0.00013502654863283
  0.00015690212564459  0.00018201847812953  0.00021116542277388  0.00024368476188894
  0.00028042190449258  0.00032213891189034  0.00036612338582479  0.00041296743061321
  0.00046066362352359  0.00051139149780576  0.00056493683954531  0.00062442798644566
  0.00068701221874399  0.00075202492062202  0.00082003440667859  0.00089688258339678
  0.00098393312100397  0.00107057880474600  0.00115668034967980  0.00124413245694192
  0.00133373362649701  0.00142536441917251  0.00152349442485692  0.00162653558643993
  0.00173000341042182  0.00183233173425357  0.00194241109526660  0.00205870848784687
  0.00218411390747967  0.00230597634427790  0.00242158846599478  0.00254298530272994
  0.00267571318370495  0.00281762818522810  0.00296713755820041  0.00312242247868800
  0.00328013126307415  0.00344711349284523  0.00361818739686679  0.00379813232091747
  0.00398654554641522  0.00417900263284853  0.00438232523283630  0.00459969715243763
  0.00482454169316470  0.00506235035665252  0.00531196261978707  0.00558554206023297
  0.00586296129808225  0.00615621160756708  0.00644742114652695  0.00674540005001944
  0.00706085385640741  0.00738180976295478  0.00771595002151837  0.00807335597215260
  0.00844488296660361  0.00885054934210776  0.00928200977601829  0.00972480152081558
  0.01019736408113017  0.01070539581673527  0.01124162056721863  0.01183514552822652
  0.01244697032072582  0.01307823563207484  0.01377762011139266  0.01448697064898282
  0.01525059495997913  0.01606267079607563  0.01698071582558225  0.01798117375028057
  0.01901753188239324  0.02009049507962520  0.02118573404670882  0.02233217364358723
  0.02357199981168864  0.02491435781269126  0.02631500983326324  0.02788963004795970
  0.02993921182621016  0.03248395827089424  0.03533374838827668  0.03883356336835320
  0.04293733964235293  0.04741259795337695  0.05250131098544834  0.05928895301100333
  0.07146321101571643  0.09275138348313924  0.12064994038546786  1.00000000000000000
  0.00007850815445077  0.00009127328891889  0.00009612239885561  0.00010115447313598
  0.00010645394691335  0.00011204065361334  0.00011784189367890  0.00012370383707840
  0.00012996081801693  0.00013604664754450  0.00014217602925802  0.00014823286724626
  0.00015510271627205  0.00016308065862957  0.00017222021816882  0.00018160369582700
  0.00019161278504651  0.00020199338617385  0.00021287447707614  0.00022429144095002
  0.00023619873774962  0.00024876451321692  0.00026190544529257  0.00027559367515039
  0.00028932050533232  0.00030340225324717  0.00031815324111563  0.00033437533083229
  0.00035179703440953  0.00037016831839371  0.00038978858344029  0.00041148985980139
  0.00043615737588882  0.00046394472038656  0.00049265449507552  0.00052322014063324
  0.00055556916464819  0.00058858292981766  0.00062392242538963  0.00066131498317230
  0.00070108361209452  0.00074355010966644  0.00078878636023343  0.00083733928239362
  0.00088988660529884  0.00094444101895391  0.00100034929123866  0.00106241907701034
  0.00112962904861097  0.00120211569803298  0.00128078497058814  0.00136606266231630
  0.00145819362757357  0.00155322600650374  0.00165794436158684  0.00176692584523908
  0.00188466465180267  0.00201460910957464  0.00215407628721978  0.00229830622080508
  0.00245092135862036  0.00262522377762080  0.00282006401429509  0.00302477765883378
  0.00324385764933586  0.00347201555719510  0.00371282515067311  0.00397221849404875
  0.00425019550031766  0.00454316951793514  0.00484633777242506  0.00517495853682236
  0.00556253860849290  0.00603606648993463  0.00657669588673481  0.00714416305872946
  0.00773205265815971  0.00835289060281596  0.00898562846922378  0.00971445463611653
  0.01058427724870412  0.01157270692888350  0.01281680046375536  0.01453109760875306
  0.01654743024122892  0.01867954398729539  0.02106903388094404  0.02430691275706760
  0.02837432306371330  0.03370699302715352  0.04003845618520549  0.05125138156527044
  0.06603788828108781  0.08527336948240229  0.37165539847809193  1.00000000000000000
 -0.00322021816693516  0.01540764537311191  0.03009481890119100  0.04466584805666436
  0.05919873135972185  0.07447736455383110  0.09059185165700011  0.10668471325079812
  0.12066130359607090  0.13553367483638196  0.15016427529376608  0.16391328783014703
  0.17777038329544850  0.19213719059629394  0.20606556165855250  0.21881532018706165
  0.23108190401058604  0.24366635557466662  0.25580052289976118  0.26797587346624668
  0.28148459316609176  0.29412788768765524  0.30611639867890572  0.31803422320542801
  0.33100610215997739  0.34407531568205996  0.35654477675453367  0.36829461438172523
  0.37951594889463564  0.39060245292145113  0.40220591298438063  0.41445027875058216
  0.42597225697141361  0.43670084605237253  0.44683964580114505  0.45711642688466292
  0.46764636568611789  0.47951704746347118  0.49160043224953659  0.50332508695141398
  0.51401541950650342  0.52503784708973567  0.53563874574681947  0.54665248652946352
  0.55693666351129401  0.56691885054447666  0.57671974961497985  0.58631394338029863
  0.59575922981657303  0.60504705302080153  0.61463761683415208  0.62479221322147527
  0.63522064930204858  0.64589185916204683  0.65591643521499443  0.66505007344552847
  0.67335196650655527  0.68157774562733309  0.69000245566193652  0.69825855889589050
  0.70671934097572708  0.71582679874273036  0.72526042869970386  0.73431980148305964
  0.74290241981929661  0.75151550284776203  0.76040928919562256  0.76937681965197580
  0.77803870265429331  0.78635833845659220  0.79449827497829084  0.80247177191876218
  0.81053043860629170  0.81895874250287604  0.82781080447888389  0.83670069064916264
  0.84563212284825784  0.85444602050619989  0.86262943031846384  0.87035134540098547
  0.87787096853645008  0.88541733295042113  0.89352965885645275  0.90212742486048147
  0.91066623402524327  0.91916587786847836  0.92728128029277401  0.93538787207927743
  0.94365910624664029  0.95202547109834412  0.96040931529214046  0.96864257006249288
  0.97654118319559036  0.98427910431943988  0.99212807897282929  1.00000000000000000
 -0.00234548830586150  0.00941413487143030  0.01939521023113541  0.03062272664188808
  0.04146530505197411  0.05190042256012128  0.06207384035985572  0.07264084051124667
  0.08326713922497930  0.09345970684436844  0.10372697975601335  0.11407023968262671
  0.12493125658201712  0.13581958704963906  0.14653909753496100  0.15619256934529732
  0.16600188641194782  0.17593633567893316  0.18558091018168241  0.19548611822785847
  0.20568007361964008  0.21636202349407455  0.22729430637701878  0.23785625710838762
  0.24824429962538597  0.25863553380732890  0.26933789071745834  0.28003407499629707
  0.29055421375768054  0.30067303572748488  0.31138260884429908  0.32239977343657861
  0.33396216554054331  0.34525680700700995  0.35659250473714343  0.36785794432670282
  0.37920306687371375  0.38983426909988478  0.39996613904283768  0.41043935582537788
  0.42143523940675370  0.43309958388342545  0.44405062287718228  0.45437283071362117
  0.46457352347596026  0.47487968718105616  0.48492086570318271  0.49496195290266426
  0.50477668265784559  0.51475588551774287  0.52504961608598644  0.53520317635642101
  0.54498611509092720  0.55453768522044289  0.56428746203279012  0.57414954160404141
  0.58399912028825229  0.59381332297547906  0.60415613041690208  0.61548715985123703
  0.62613801539096237  0.63591211338621734  0.64598015414412846  0.65667475269325271
  0.66685269905717326  0.67653291171100638  0.68604603127076424  0.69724024777111104
  0.70850584322814669  0.72039163209801882  0.73234079432362476  0.74479390849777505
  0.75699345005396823  0.76878232006353098  0.78040538004580051  0.79175134890577381
  0.80295278321906038  0.81412639943879073  0.82514739558755601  0.83575659643334677
  0.84622047661945055  0.85683200731284381  0.86799022077738575  0.87904213740555404
  0.88941306641673468  0.89942272391389644  0.90929532860207885  0.91927295863275416
  0.92901135928750100  0.93913414356389402  0.94961282509992984  0.95983075461289791
  0.96956672527523791  0.97935648965678290  0.98967978742851215  1.00000000000000000
 -0.00203749571813725  0.00941690729567767  0.01938421677524338  0.02977778527806374
  0.04002496250224297  0.04950703497965526  0.05948741545401839  0.06985523830877302
  0.08057089237612888  0.09100169157289362  0.10137441598292733  0.11152162093448957
  0.12168848029764859  0.13176456054987179  0.14218741871318596  0.15356112090390941
  0.16524955322762963  0.17630864052562251  0.18653602099810626  0.19624329697527651
  0.20580277310163381  0.21477080115525629  0.22400526819387062  0.23313567297820217
  0.24298292516247985  0.25278813765837144  0.26280802071685805  0.27276959827510300
  0.28335861711694488  0.29436619961117150  0.30555696675359106  0.31715441615074580
  0.32882977945087777  0.34048617398751502  0.35184004680138170  0.36447670803909865
  0.37646705371808448  0.38792126959004813  0.39877621372040489  0.40912404078410219
  0.41935570843016506  0.42919896145831954  0.43969512302212699  0.45004353147177106
  0.46048500590743702  0.47070454460397154  0.48084051223054530  0.49101883744729891
  0.50119161154166525  0.51173128036173843  0.52293400821714886  0.53495817159245918
  0.54723160645596358  0.55875858547385981  0.56900946263237950  0.57931697464526122
  0.58992795675073240  0.60078757868774202  0.61106075344753741  0.62080207826758027
  0.63058245590927475  0.64058860321879574  0.65065422424315178  0.66078724041449466
  0.67100803940271114  0.68157692920408286  0.69230583511583166  0.70299023856648168
  0.71386431213845392  0.72489429874721478  0.73604734781691894  0.74724770621640635
  0.75833013082785261  0.76898366196803147  0.77944691542428535  0.78979941673120790
  0.80000123115144794  0.81011140452342589  0.82006423200191980  0.83004682339731184
  0.84004650270189674  0.84998763609878469  0.85996582885188388  0.86988370171769680
  0.87994921653414437  0.89025518325506070  0.90072197789870345  0.91146192632263467
  0.92240485286245943  0.93342065082505976  0.94460512996009405  0.95517889904521625
  0.96603452939105916  0.97720235742670147  0.98863755521194174  1.00000000000000000
  0.00326520602574291  0.00416656645261929  0.00547911440563308  0.00688171121969077
  0.00826339819410230  0.00969499260094655  0.01113433048826279  0.01257743287031906
  0.01402060567561304  0.01545330200232605  0.01691185968901745  0.01835628947972739
  0.01978309133073626  0.02119544356957880  0.02261959599099330  0.02405119285090160
  0.02549488534001313  0.02695423027241720  0.02842073832875034  0.02990775060361873
  0.03139932967720310  0.03289663207321642  0.03440660692077918  0.03590321956375964
  0.03739956660502226  0.03889111625584989  0.04037642355609253  0.04185792992905338
  0.04335653698191334  0.04485823486244815  0.04640831352049240  0.04803775646896502
  0.04971440333328849  0.05134523763869562  0.05294802481071122  0.05458581321627186
  0.05632802400653246  0.05823851535090101  0.06026497911834432  0.06235510290853803
  0.06430509558055794  0.06624218794210332  0.06814708788284957  0.07003208981961102
  0.07194587407006042  0.07388946671509571  0.07584042839375089  0.07781324247641662
  0.07990301330391938  0.08197502914995319  0.08408260283929896  0.08619634935651832
  0.08834144914054332  0.09042070194983200  0.09257138471755744  0.09474260373504290
  0.09719888073093895  0.09966924134633089  0.10205146970986612  0.10445264629168377
  0.10698793907698489  0.10973164827791772  0.11268756837709404  0.11563112443670309
  0.11843972385884022  0.12143648874701451  0.12478530476656237  0.12871075319919292
  0.13267789963942705  0.13651703959170475  0.14006740180795968  0.14341310913352132
  0.14727514632218322  0.15153529261814974  0.15584793276661474  0.16000706065337061
  0.16437726825621815  0.16869945558890162  0.17276930829838250  0.17710977164074837
  0.18311654749425302  0.18954789156297291  0.19605353923434818  0.20218784415997967
  0.20821100665292155  0.21468268467033699  0.22290768391511875  0.23327727670174642
  0.24036251372776030  0.24940134253757032  0.26181823671500359  0.27812987471486100
  0.29836213328587285  0.32586865756718397  0.36093490690845598  1.00000000000000000
 -0.00363708881055155  0.01801259083892539  0.03488918820612803  0.05132147434348111
  0.06707699707948601  0.08196613588434951  0.09717295322584062  0.11254009721991255
  0.12744790374377149  0.14143328649709694  0.15490477359476226  0.16809205110473741
  0.18020593397760157  0.19143961043390847  0.20214381028291692  0.21232218043753959
  0.22253337234523651  0.23260674132692108  0.24302887886785646  0.25302939441005812
  0.26289790801157958  0.27278658791223942  0.28214251069915791  0.29125482482774590
  0.29952453450376770  0.30810520234156685  0.31659996768979815  0.32639646520452342
  0.33549360660027444  0.34411208826412887  0.35230651824335846  0.36040566716204991
  0.36851503959838994  0.37617792989064852  0.38349877197474008  0.39060822002738832
  0.39820678953809641  0.40681348098328429  0.41544799148567102  0.42361678225509691
  0.43151981320463156  0.43942831007122157  0.44738674144516666  0.45545106598109208
  0.46326437259839859  0.47157547172956726  0.47953290264585258  0.48769005251455938
  0.49535114931781282  0.50292498506411187  0.51050494331893992  0.51804206037321854
  0.52567393738495660  0.53376850284648558  0.54162971523969217  0.54933016208007779
  0.55695201938553651  0.56428253108116455  0.57161372021494705  0.57912106454161905
  0.58732020157629639  0.59619594912154050  0.60474350707968638  0.61275879998062333
  0.62035019001540781  0.62820608733765504  0.63608203471340641  0.64392414463986491
  0.65194259296173329  0.66023243989064595  0.66944501878218887  0.67895179620200408
  0.68887388438983221  0.69902753005630447  0.70944068331506482  0.72016244860572531
  0.73097082575096861  0.74166354255921574  0.75242914933976546  0.76398613508654756
  0.77611070105072266  0.78872441506531232  0.80156572415584038  0.81484951209811729
  0.82832196473738828  0.84203177350847869  0.85594736734419608  0.86996169193742179
  0.88516359042324599  0.90029424548994641  0.91563330164074364  0.93166529073090698
  0.94834657354273533  0.96599407874805177  0.98359446640594306  1.00000000000000000
  0.54252733102475237  0.60000313585844445  0.62648926435490071  0.64917821090397909
  0.66816659041633220  0.68314536049882391  0.69593829891202863  0.70781471396020301
  0.71984084432729123  0.73165791274479730  0.74251770386435700  0.75265158559917289
  0.76174778919049102  0.77062701062293659  0.77897535311237243  0.78663234355847533
  0.79361408740701944  0.80030907197260215  0.80681266474973423  0.81315289858301654
  0.81884946690775906  0.82436923640954129  0.82966389955441022  0.83506904977467533
  0.83983341755999974  0.84459214607530320  0.84918582284961475  0.85390468639499739
  0.85807164571802563  0.86204832070001913  0.86580258872010674  0.86948527858749403
  0.87308813173178346  0.87653077892728570  0.87993744153119990  0.88340578419205695
  0.88682192173786756  0.89001797928822080  0.89298083945546891  0.89579217605878614
  0.89840539812769649  0.90099283947438424  0.90351383658949036  0.90594905377081236
  0.90833405320974947  0.91073394916433781  0.91307793595774800  0.91537006432526924
  0.91748656756239522  0.91947772456290822  0.92144810821730327  0.92345066788647356
  0.92543700243822224  0.92734738914541559  0.92915225449157424  0.93096544344833376
  0.93268989863498264  0.93444356161965103  0.93626053517903596  0.93798155324488464
  0.93959554453629501  0.94125469120581728  0.94287862789048704  0.94447306905848105
  0.94605154981206574  0.94761365235066486  0.94921825728902964  0.95092840904782250
  0.95256802858619571  0.95418556246903585  0.95578397805971582  0.95737643697125130
  0.95897699602894315  0.96056164057824489  0.96206073098818368  0.96354468130128990
  0.96502126506090857  0.96654273279074343  0.96813512363574306  0.96978364689392260
  0.97142037853034813  0.97294841526883746  0.97441429436768146  0.97584348734046078
  0.97726942943154405  0.97869937277754693  0.98010181772983451  0.98149918385888668
  0.98291549547081847  0.98438531554285946  0.98592452009079978  0.98758264989006506
  0.98943938664544473  0.99164263186849000  0.99468122632826761  1.00000000000000000
   4.4895913018097166E-008  -1.0000000000000000     
 F F F F F F F F F F F F F F F F F F F F F F F F F F F F F F F F F F F F F F F F F F F F F F F F F F F F F F F F F F F F F F F F
  <DiscreteSampler_grid>
  grouped_processes
  1 # 1 for a reference and 2 for a running grid.
  10 # Attribute 'min_bin_probing_points' of the grid.
  1 # Attribute 'grid_mode' of the grid. 1=='default',2=='initialization'
  0.0000000000000000 # Attribute 'small_contrib_threshold' of the grid.
  0.5000000000000000 # Attribute 'damping_power' of the grid.
 # binID   n_entries weight   weight_sqr   abs_weight
    10   10   2.613118635357150E+002   2.554865868016474E+005   2.613118635357150E+002
  </DiscreteSampler_grid>
