  0.00254730727216250  0.01462659286289053  0.02808962155383218  0.04131872639380351
  0.05203759651919793  0.06351270454170808  0.07512243587544989  0.08660738236840335
  0.09660010343893319  0.10548329146003564  0.11397792631851120  0.12227715033359196
  0.12985673844782997  0.13912570003421248  0.15056549689997692  0.16318889761743932
  0.17632194567929313  0.18845396261792985  0.20025630901658262  0.21161578424064173
  0.21968146726341742  0.22773462084985627  0.23594636138057129  0.24543457816504333
  0.25450736979036387  0.26353871534605028  0.27305943664132037  0.28409286895568614
  0.29432854445311302  0.30381640539324073  0.31416438241077754  0.32488362846499813
  0.33574154955691077  0.34548453720871891  0.35473393210877963  0.36416645042906792
  0.37391348444765310  0.38393992178817082  0.39356381870553409  0.40311259001630395
  0.41314091659066488  0.42365965700334901  0.43497107859835610  0.44628284796555284
  0.45719991905366891  0.46836976228958482  0.47960739770912142  0.49131605435673442
  0.50247330578312377  0.51367133693345712  0.52443999258036555  0.53479097771281736
  0.54480191994991678  0.55550722025100496  0.56613225066943995  0.57655887884440671
  0.58616966562281636  0.59585548001335864  0.60603663375292594  0.61659563873959367
  0.62721762258398339  0.63822417301285428  0.64973489285892772  0.65970166738616987
  0.66904809034258006  0.67817611245757070  0.68854103632440067  0.70056192666101869
  0.71240650095924274  0.72301136450102688  0.73256181239819473  0.74168702564635769
  0.75020546056732151  0.75851508492215847  0.76680162679202013  0.77488153219553835
  0.78288553855895837  0.79075217000571729  0.79842512185133574  0.80549293681540857
  0.81346207068309417  0.82299507810942196  0.83558061983541609  0.85095312734278705
  0.86672531713931256  0.88140899143020479  0.89545588947266641  0.90999194657090421
  0.92294625655140738  0.93344646459000791  0.94338156016101504  0.95321796269503978
  0.96328308323885159  0.97297137956926938  0.98491219212051884  1.00000000000000000
  0.00272064232448087  0.00604339050917546  0.00766538587893515  0.00906997339179912
  0.01031526080919681  0.01144032339656563  0.01254471961113626  0.01370176635147062
  0.01489190703524055  0.01593651755828845  0.01686915788218519  0.01779903615675766
  0.01873208530949225  0.01970551083904881  0.02067471766082997  0.02169049290013019
  0.02270392911223864  0.02380976140677939  0.02490512107620347  0.02601284620504295
  0.02711057986698613  0.02820437770525616  0.02916903231431536  0.03010388729904294
  0.03113484437915463  0.03236627160572200  0.03368031765819310  0.03497754980253004
  0.03618656990116135  0.03745580960641623  0.03873686913395011  0.04016977585142982
  0.04162374558098554  0.04322093930690998  0.04486505991988705  0.04657803415416661
  0.04846015902990398  0.05034609863712887  0.05251314299758544  0.05475002323457752
  0.05667672557284577  0.05832031757492554  0.05995852459461042  0.06169364448379040
  0.06355054585634251  0.06553333153498755  0.06749155672249123  0.06933426633575239
  0.07118890485384931  0.07313907452076551  0.07554406028581495  0.07829135424262997
  0.08075762661938037  0.08263991805113167  0.08464912399304493  0.08688625833318889
  0.08900853272636793  0.09087966451367482  0.09267762368312009  0.09427044133284930
  0.09614289537306089  0.09797587791056124  0.10012423096800953  0.10308481257976612
  0.10654817677240007  0.11031373263663367  0.11329759025232869  0.11670828349470223
  0.12065721990993701  0.12515901730322138  0.13022030619548397  0.13732801285530072
  0.14605013294096142  0.15450840559395304  0.16209311629508646  0.16899332205169712
  0.17509284594385696  0.17727160138018863  0.17940749562489042  0.18150923789720402
  0.18357111782875940  0.18563299776031478  0.18771067015346485  0.18978958920512307
  0.19375064524231461  0.20093599906630974  0.20906015665477942  0.21815287878985726
  0.23318623169179370  0.25270977610704742  0.27090902216426560  0.28808688571893015
  0.30792204216951918  0.32964820185229021  0.42348152427217955  1.00000000000000000
  0.00007690023028414  0.00012082306308709  0.00016813511563942  0.00022882087654476
  0.00030498767917810  0.00039312511599354  0.00048793778801554  0.00059509202540210
  0.00070435845170712  0.00080862161274941  0.00091459937618135  0.00103432878257340
  0.00117305727602468  0.00133265292483407  0.00150970349491534  0.00169735472612768
  0.00190092192174559  0.00211047779959057  0.00236610124056624  0.00259741922471037
  0.00281007175721069  0.00301907010471927  0.00324375929899697  0.00346322472815804
  0.00372087449688817  0.00400241055598716  0.00429942835391375  0.00461504290171875
  0.00493778218350438  0.00523480504266994  0.00547971780251071  0.00573792216098175
  0.00601223451508468  0.00632089689574818  0.00678278445078092  0.00731570636389956
  0.00784355839466245  0.00832567845540681  0.00879265855687572  0.00928777279205924
  0.00977498765197441  0.01026248906656362  0.01072828589855494  0.01120470131661741
  0.01166217652604007  0.01208888908458778  0.01252087814391308  0.01300935407096855
  0.01352361850889505  0.01405024663500263  0.01458890148414978  0.01515352844494062
  0.01573524108050783  0.01630325478207755  0.01722072871095040  0.01813826306362242
  0.01919382781525666  0.02041588003313211  0.02169762508389768  0.02293338479301131
  0.02403424516322468  0.02502516295062211  0.02602367814891249  0.02708557304335135
  0.02826855662025409  0.02953174141032033  0.03098990355544179  0.03271316593284544
  0.03480292493542419  0.03728281629947500  0.04012917512688287  0.04323142703108767
  0.04651174197322074  0.04987515455251038  0.05327413156541906  0.05620209059469938
  0.05850811244411255  0.06099903194205349  0.06439474444078098  0.06835177106809351
  0.07351099851810827  0.08076405842087335  0.08754776838037699  0.09284501149827404
  0.09809529898791623  0.10385749731486417  0.10996347068421181  0.11735660795545304
  0.12952158732477545  0.14404534350034306  0.15761862010618918  0.17572435782135418
  0.20381371930419465  0.26922062630669569  0.41584721762034227  1.00000000000000000
 -0.00379170434315771  0.01491441215703335  0.02931991030771325  0.04523296557359727
  0.06008773959965379  0.07341481548550936  0.08455697676325041  0.09465925253818805
  0.10417694066395077  0.11428964402411693  0.12365261225489431  0.13414712681421626
  0.14604762252726977  0.15977806268349615  0.17377959752174763  0.18619296018427070
  0.19722891309681262  0.20773571756749010  0.21751179404637064  0.22760990539735051
  0.23845307734901897  0.24883144798649481  0.25784466786740512  0.26606455573789511
  0.27412807881547585  0.28270528310678461  0.29133442907620155  0.29915398966136436
  0.30755286371913926  0.31663154094306961  0.32656642993284163  0.33630750321906705
  0.34646483394708144  0.35724871422832222  0.36798034920016748  0.37817504368484023
  0.38812437494572766  0.39713036350377484  0.40504243870604217  0.41229266320897573
  0.41983617707804355  0.42788678600046287  0.43543332504657239  0.44303691306733228
  0.45082751953962774  0.46061278137178491  0.47289515156908885  0.48545217626672599
  0.49679404810775823  0.50560923578023709  0.51337501991905865  0.52153625575065699
  0.53008108833188528  0.53841482260354090  0.54586130172303837  0.55360492969380937
  0.56159260345522266  0.57191340066565000  0.58320889544129906  0.59404152844752645
  0.60171473431040379  0.61065736761766753  0.62033656475685151  0.63002772323345868
  0.64180253981142010  0.65489540080127318  0.66660229898464018  0.67658974582830178
  0.68686198090132322  0.69675451544281597  0.70602486231526806  0.71478107103138955
  0.72350324845628389  0.73264479786085501  0.74482888388608248  0.75531418651522986
  0.76438486635586478  0.77265886058281230  0.78022117969173832  0.78972863210191768
  0.79938015631038095  0.80819925827968575  0.81679115523624324  0.82572619135850089
  0.83654677912337516  0.84800079552428254  0.86024894068194147  0.87355763333246328
  0.88822973779232406  0.90370562711797076  0.91884491311838012  0.93337574950431101
  0.94788500867700565  0.96353895313070748  0.98109687801478307  1.00000000000000000
 -0.00223603164519868  0.00961821265568866  0.02026794525688164  0.03361783775215024
  0.04619376310867977  0.05678544485942910  0.06823160742100108  0.07976750074566773
  0.08930886606936460  0.09883275199362532  0.10882091956550959  0.11920279930524777
  0.12904780832621260  0.13884651782399607  0.14978091308285857  0.16136178792855643
  0.17315146511345825  0.18543477399822589  0.20000176780004542  0.21500613973264107
  0.22527921504523826  0.23423962212973784  0.24218662401810095  0.24932931194624650
  0.25826197393256284  0.26759310600406039  0.27696680974377880  0.28666694367556428
  0.29756532337850605  0.30954839728407835  0.32189920327110183  0.33390809631941837
  0.34453410378275673  0.35477987740192490  0.36559149915827149  0.37515066249855222
  0.38362256854767529  0.39236478622849696  0.40371939500238968  0.41611678280312320
  0.42641768359820692  0.43577023990059099  0.44518913948329913  0.45485960302648148
  0.46497574041030004  0.47563856787383507  0.48668306614431300  0.49705609004883261
  0.50605175363516175  0.51498436483007293  0.52423965363328440  0.53364318999461635
  0.54297326570957061  0.55188489847187172  0.56020731963638615  0.56910940551333800
  0.57833674837285420  0.58810764287768436  0.59869063896920827  0.61098398844164437
  0.62342289747677693  0.63498727577608594  0.64633274425739773  0.65797918768992036
  0.66983275587244095  0.68063770771240506  0.69183311544894655  0.70295567281823235
  0.71407365180271687  0.72464271268307279  0.73428500819769182  0.74309327579354778
  0.75222687712215552  0.76188659649118406  0.77155266337912076  0.78052294068743744
  0.78966963550275948  0.80073976847912576  0.81285814311321081  0.82445436463587618
  0.83543857558402324  0.84557150441219742  0.85557698788597480  0.86484897573003738
  0.87441938737691371  0.88520614274845477  0.89655336199629443  0.90990030421961265
  0.92322598785979892  0.93533299528505398  0.94617286757295627  0.95672172000727318
  0.96812782701821598  0.97948298988688987  0.98981931473411111  1.00000000000000000
 -0.00433782691453941  0.03876045675661031  0.07829906351170676  0.11015988403480813
  0.14128711609286465  0.17179806845748158  0.19985773584276334  0.22462778832504607
  0.24728750907797331  0.26783655983549576  0.28739460220166491  0.30631865558058691
  0.32463606159677971  0.34450095157285404  0.36421120846199551  0.38366402582102721
  0.40322601755164972  0.42259720382486676  0.44067760565554326  0.45628892381066405
  0.46985243628955775  0.48324597473792930  0.49618652709071071  0.50812626778149894
  0.51962489973044057  0.53288940453381706  0.54755136394254023  0.56290933206325433
  0.57706153131673443  0.58995885962973316  0.60274245478417265  0.61313135892214488
  0.62233597917887529  0.63104046848060014  0.63932178695788910  0.64793110504737106
  0.65689875211306548  0.66658460107471518  0.67812112170593164  0.69053821188072206
  0.70077919476990524  0.71035651159686708  0.71960389423462412  0.72887087347904023
  0.73765914040840941  0.74568762373886377  0.75369240858383924  0.76192446636974387
  0.77092206595636381  0.77975556100469667  0.78800343062546374  0.79606254708903246
  0.80396553567146467  0.81139692959809839  0.81806382739519912  0.82392599976214242
  0.82963200403546877  0.83509966192755747  0.84088111215293426  0.84668745816631508
  0.85247238261466696  0.85831983284944924  0.86408701771945751  0.86991065633983167
  0.87567460262635044  0.88093407290742520  0.88588401442851095  0.89091883141500372
  0.89589599574441547  0.90059824750749229  0.90515485498364467  0.90965453741756386
  0.91425087998620269  0.91838693312943498  0.92251080865983093  0.92647581254972000
  0.93044481437097815  0.93447329695661596  0.93868422315854205  0.94291262237611129
  0.94674003740045509  0.95034628791933617  0.95395059724244402  0.95743706800590134
  0.96081270338505664  0.96450965431837909  0.96815046071871214  0.97190529258078007
  0.97585374426431004  0.98006635684083798  0.98427193670290614  0.98754401724104202
  0.99083862239000164  0.99415583625230031  0.99711124439729582  1.00000000000000000
 -0.00191442014603903  0.00988735167154142  0.02029190513940540  0.03179457170519484
  0.04259014028039061  0.05312588282334302  0.06475487056692711  0.07816553343293357
  0.09245623650913602  0.10641949379086137  0.12027671093893434  0.13325402632280289
  0.14507078230017251  0.15624254623859304  0.16707501022112453  0.17770553301765407
  0.18767834523428334  0.19664698345488005  0.20538497620511401  0.21438624503913387
  0.22342440739464198  0.23286756280573964  0.24154960916665361  0.25037044596106722
  0.26132608084222475  0.27271593034013220  0.28336471996653106  0.29335891513479712
  0.30331246308953308  0.31064612863048424  0.31742720505071004  0.32424572450464045
  0.33082781316814336  0.33788701629522766  0.34635098552254467  0.35474502685295212
  0.36473796367815559  0.37423218553952708  0.38408968422693041  0.39399912155269878
  0.40452881089422432  0.41544913781688364  0.42594805722374440  0.43649502350627650
  0.44617494057618967  0.45595668489728197  0.46571930838189024  0.47582730896101616
  0.48585695350133712  0.49626786197859923  0.50963127052900359  0.52346264030388645
  0.53596787589512129  0.54627381523947471  0.55532258879365859  0.56435600888888160
  0.57352352504279591  0.58239071663534470  0.59073960262538860  0.59896482508836590
  0.60771176206545718  0.61740441867738416  0.62703053206290049  0.63674326765103550
  0.64692305211034606  0.65740982254300584  0.66793262573651002  0.67801042272452305
  0.68772585515275186  0.69678930759050428  0.70628225389485799  0.71539858708329984
  0.72386791683976015  0.73235709415339967  0.74209532517624055  0.75388717255059268
  0.76769636805659081  0.78257582176240714  0.79733359374834489  0.81158594821544050
  0.82514201792111852  0.83731852218919145  0.84886458475184356  0.85998057481826629
  0.87131965783352572  0.88317616718838710  0.89526373802231229  0.90789491300672709
  0.92079346757011116  0.93274827735265964  0.94490572933177153  0.95642062492753865
  0.96682197705793105  0.97739193096528909  0.98776892167959807  1.00000000000000000
 -0.00344205862229757  0.01284427182280834  0.02700375936589864  0.04051419346805966
  0.05319330916204672  0.06445828230375047  0.07466409539597567  0.08474004467525477
  0.09509020603937311  0.10644025414477692  0.11732488333299160  0.12695762532018970
  0.13581592400586087  0.14489970800294300  0.15482396175744412  0.16487663579299514
  0.17528704714235191  0.18464618562014065  0.19421869750807849  0.20309666505291565
  0.21331113553565131  0.22472528005221831  0.23353730121078053  0.24142546238018869
  0.24899367992650639  0.25529466139246393  0.26252584599360868  0.27087857071149102
  0.27817963310093063  0.28579164676286284  0.29475915965996319  0.30350025869809444
  0.31151699108863601  0.31988171093865592  0.32814555910485799  0.33588814379862736
  0.34464138230142477  0.35307691917009026  0.36164193618397411  0.37121496943589410
  0.38225956052908078  0.39448488707305535  0.40736728753282225  0.41939691306023175
  0.42998756166925911  0.43990697262108597  0.44955136720544880  0.45974605282585723
  0.46993836110241516  0.47953322279501365  0.49028292665425927  0.50035958832789873
  0.51066401575971243  0.52129693457274462  0.53375750832161462  0.54593815448594873
  0.55759692505312031  0.56899756181265870  0.58058858507972033  0.59250574731610395
  0.60388054613680420  0.61672610981827480  0.62866570717167092  0.64146280778797560
  0.65160630482797166  0.65973408493109231  0.66855010581055119  0.67774390661209394
  0.68741765060940263  0.69650703882464748  0.70590058048932713  0.71742417257580160
  0.73079777183489669  0.74377639495482550  0.75520987999216527  0.76711366791831259
  0.77945123310915543  0.79126369778807548  0.80131082898548689  0.81121735669907225
  0.82160377915951477  0.83174744693596869  0.84213274756304002  0.85276284053804474
  0.86450648230499183  0.87657773616683676  0.88912998662492249  0.90274813709539181
  0.91799418253176068  0.93376777382389420  0.94785157778804952  0.95883337293703541
  0.96959480860792313  0.97896213491646222  0.98943527209641979  1.00000000000000000
  0.44543042940148275  0.65957775261345475  0.72555789604064225  0.76952506008089472
  0.80282546070797622  0.82671160753268624  0.84558456235624690  0.86107057795427111
  0.87337084160954748  0.88305753767186357  0.89219110868412155  0.90092909591462111
  0.90867406130753425  0.91584670233677590  0.92121251763644185  0.92602969869489427
  0.93014806674978834  0.93370225304384524  0.93695041806030510  0.93970282444822106
  0.94231769507593732  0.94477673411818164  0.94704758074002005  0.94927620112995026
  0.95137843309418069  0.95327284534990242  0.95506702553876932  0.95691138849127588
  0.95854396202009073  0.95979224852058120  0.96086695484895923  0.96187408919177153
  0.96289006261475418  0.96396849240044169  0.96507279963185655  0.96611225677324253
  0.96703093237112514  0.96789913837618757  0.96876687444342435  0.96962134616149576
  0.97049582321244754  0.97136203430338508  0.97222264957703908  0.97310218335056253
  0.97397375383425788  0.97482038414209793  0.97566779899410572  0.97652488693451667
  0.97736789354467568  0.97819720182196013  0.97893571174123972  0.97961969210422617
  0.98026038764862677  0.98084458274951991  0.98138448558257907  0.98190825459076758
  0.98239281519776300  0.98290582939622051  0.98341635627610580  0.98394955045263199
  0.98448189760620730  0.98499939993009966  0.98550773948952108  0.98597375137946219
  0.98640965397796254  0.98681598469267573  0.98718664719797877  0.98756929436181484
  0.98796853232483750  0.98839551355278810  0.98888214389366902  0.98940470614682208
  0.98985165360124783  0.99028590614631606  0.99071227568298348  0.99110594770193694
  0.99152877173257481  0.99194385514985084  0.99233662083616325  0.99273023031929153
  0.99309167058143732  0.99344389609505290  0.99380772709878162  0.99410342956423114
  0.99439547281447571  0.99469155394221698  0.99498448555109753  0.99527496838480389
  0.99566909316950758  0.99610156551314377  0.99652758594354574  0.99695622673027684
  0.99741415536315770  0.99791606356582230  0.99871090914331517  1.00000000000000000
   1.3362454003647145E-008  -1.0000000000000000     
 F F F F F F F F F F F F F F F F F F F F F F F F F F F F F F F F F F F F F F F F F F F F F F F F F F F F F F F F F F F F F F F F
  <DiscreteSampler_grid>
  grouped_processes
  1 # 1 for a reference and 2 for a running grid.
  10 # Attribute 'min_bin_probing_points' of the grid.
  1 # Attribute 'grid_mode' of the grid. 1=='default',2=='initialization'
  0.0000000000000000 # Attribute 'small_contrib_threshold' of the grid.
  0.5000000000000000 # Attribute 'damping_power' of the grid.
 # binID   n_entries weight   weight_sqr   abs_weight
    10   10   1.261493889316103E-001   3.462768010520013E-002   1.261493889316103E-001
  </DiscreteSampler_grid>
