  0.00299524209671570  0.01320213504849438  0.02617960579629600  0.03905332928767871
  0.05120915049551655  0.06307138629013692  0.07474414356889686  0.08653451849462993
  0.09717393950102429  0.10826656326760667  0.11926288549071556  0.13049520061901559
  0.14150407342171611  0.15301594704400592  0.16473633479703215  0.17687573906253035
  0.18910338371389637  0.20148810726827401  0.21320115502127010  0.22402794162382766
  0.23486124915084430  0.24581887303847941  0.25743241917523962  0.26916999004811359
  0.28034550182035861  0.29089923685096264  0.30096831295328030  0.31158768416885457
  0.32201643258439433  0.33296238047597776  0.34457857216640442  0.35599353432285463
  0.36690390010466561  0.37722636354693739  0.38847672150193713  0.39864566617278052
  0.40933023925146711  0.41939730265422676  0.42919010335650903  0.43785541242017023
  0.44614128981339612  0.45479770196072805  0.46416947105267042  0.47360179184874934
  0.48315193435143666  0.49333910807200104  0.50368460397985482  0.51454384376755424
  0.52582775123408954  0.53694224399184387  0.54731774260017552  0.55742099994894756
  0.56749116717690851  0.57743057711302870  0.58778243606337421  0.59863759159160890
  0.60991394574701263  0.62051933860935049  0.63101012779123744  0.64218102287382661
  0.65356475468203579  0.66552069017079551  0.67661170861069175  0.68785593972639492
  0.69870497259941788  0.70900322805122740  0.71917092047346054  0.72933393545838066
  0.74028832831907088  0.75128396455178348  0.76212985202340588  0.77314279178792267
  0.78412758287899498  0.79426573262578748  0.80333339193796571  0.81242064409790926
  0.82151025868648264  0.83051784386322591  0.83979718785386059  0.84949243199784052
  0.85989413900730705  0.87039779306825282  0.88036064354358101  0.89002513672748396
  0.89960235067128624  0.90959335366495475  0.91989602527597825  0.93012954732230613
  0.93996987623522266  0.94953168802157373  0.95903449050747924  0.96812307594419345
  0.97669699227894902  0.98453816195345834  0.99281408467596299  1.00000000000000000
  0.00007947045692775  0.00012236254521934  0.00013786330446319  0.00015813576042950
  0.00018273119606016  0.00021103970845166  0.00024417689352756  0.00028305545960425
  0.00032750766277974  0.00037371984753670  0.00042342740878107  0.00048014009916652
  0.00054478754624558  0.00061102526447738  0.00067796334540480  0.00074243794039086
  0.00081051766086336  0.00088194012310848  0.00096177743591634  0.00104360068739465
  0.00112436642016571  0.00120572542816010  0.00129180138248903  0.00138912720296463
  0.00149557154836317  0.00160630272274021  0.00172283764117735  0.00183743324590033
  0.00195708589050686  0.00209372773597514  0.00223410230565054  0.00236890949101900
  0.00250994324603527  0.00265841790336294  0.00280957912633043  0.00296273141590852
  0.00311430454447256  0.00326746214353600  0.00342881611395848  0.00359114663183164
  0.00376302833590167  0.00395282210052181  0.00416905410864476  0.00438332151279554
  0.00459080422204254  0.00480781722582928  0.00503785614536258  0.00528075551045773
  0.00554353389640352  0.00581575142856184  0.00612766673782093  0.00646170192791308
  0.00681084597656869  0.00717780581621977  0.00756389079642882  0.00797190557215463
  0.00840814764353752  0.00886636034673058  0.00933347220755652  0.00980016145331389
  0.01024890676765400  0.01071987801680848  0.01122044722803531  0.01176768167324511
  0.01232787786733118  0.01290171893389704  0.01354700133934817  0.01423286371590092
  0.01498322548705265  0.01576283843549538  0.01657059111366349  0.01742566963487987
  0.01827743417603789  0.01931905446117067  0.02041020377392661  0.02166847439057476
  0.02310546439729211  0.02485773305409512  0.02639968671617742  0.02788956998371745
  0.02945267652832764  0.03135682326261621  0.03356189424960952  0.03595353930907846
  0.03865300952836056  0.04189359806876074  0.04566779888848469  0.05080457856502174
  0.05713502731654295  0.06733217368564880  0.08381984046303874  0.09791542235414881
  0.11347967761387970  0.17231977999144177  0.42744683231323138  1.00000000000000000
  0.00007515503273761  0.00008331738204772  0.00008801606067856  0.00009226250223351
  0.00009662882733869  0.00010088575685229  0.00010511757173632  0.00010962169513184
  0.00011441748627966  0.00011946777622227  0.00012460952382551  0.00012986212011893
  0.00013541873412252  0.00014122232087202  0.00014753265315585  0.00015409302984318
  0.00016077719559499  0.00016811408173132  0.00017544937793277  0.00018374111084323
  0.00019253879025262  0.00020215233874371  0.00021258395372311  0.00022371547968415
  0.00023542929667386  0.00024801217915266  0.00026258539440313  0.00027791575564967
  0.00029481427766367  0.00031321196715792  0.00033222197158541  0.00035139323409141
  0.00037067716997305  0.00039040841744109  0.00041118232051656  0.00043211611321679
  0.00045316075728316  0.00047525861892003  0.00049942278288444  0.00052504028572440
  0.00055216186742788  0.00058001189601651  0.00060774699781283  0.00063643780115830
  0.00066766141008319  0.00070254942428812  0.00074073946045843  0.00078045265517823
  0.00082225626683983  0.00086864777791829  0.00091776293872602  0.00097652716430718
  0.00103555413643717  0.00109567397201437  0.00115753935060110  0.00122434971357335
  0.00129732251506039  0.00137901222728041  0.00146776336390317  0.00155806176917571
  0.00165311897798133  0.00175887374900848  0.00187819971022439  0.00201352535646936
  0.00216268514042076  0.00232429411590419  0.00249210071307907  0.00266116105961682
  0.00283861409785381  0.00303728954943570  0.00328278431064880  0.00356946804031306
  0.00389013424094666  0.00419066098389127  0.00450248344681835  0.00480933783304574
  0.00511081474884689  0.00545752153178736  0.00589344806120992  0.00634976018756847
  0.00685827252782280  0.00753464374474535  0.00840085275140196  0.00945115524589537
  0.01066827564700620  0.01210341500655585  0.01372645313099652  0.01567966953141912
  0.01846269656129828  0.02238001000908761  0.02742482361110446  0.03375928833934719
  0.04557219829124046  0.06809394492830692  0.20790940615633449  1.00000000000000000
 -0.00112105697742824  0.00566355137881048  0.01202254072477241  0.01836240987649493
  0.02483985956379672  0.03146478624297978  0.03818589382466908  0.04525428932085501
  0.05266727823266958  0.06014476821252743  0.06754911364701043  0.07467595195291137
  0.08165198133866589  0.08845177525076950  0.09514021666201330  0.10180197033018717
  0.10898450351622772  0.11624810788561649  0.12357494113200648  0.13104395214167341
  0.13849537762304720  0.14602731065843097  0.15398030162457615  0.16233227619391255
  0.17079769730807748  0.17933541099159855  0.18775394296418918  0.19560077592440389
  0.20342240900020006  0.21135886902883699  0.21989679282571334  0.22888779120087019
  0.23754043891516996  0.24599727275673572  0.25445989435470706  0.26301139175592592
  0.27154104346210645  0.27996334783281906  0.28826544270455456  0.29696078593018499
  0.30616676008030747  0.31618385208580552  0.32643044705897450  0.33604140846847524
  0.34516532350188206  0.35420479750299716  0.36318534030412192  0.37239648145661636
  0.38112391280679020  0.38984508062613388  0.39868061824291634  0.40739779214760002
  0.41615797496998369  0.42555221778865687  0.43508489140215895  0.44562173793423943
  0.45707511484626323  0.46944662663485848  0.48165197553837458  0.49246415012606404
  0.50337407995903249  0.51503035907671335  0.52690765701249931  0.53865677226102560
  0.55081124016465488  0.56362121687211919  0.57667920510011894  0.59016772316877641
  0.60360600554651234  0.61713043863844930  0.63051965936925114  0.64373855556729653
  0.65683376513334368  0.66961150984234297  0.68189211301008512  0.69442389705796781
  0.70817756308532542  0.72328893160232433  0.73859165747133293  0.75311657091546547
  0.76790003076385704  0.78311623926367557  0.79919399154358539  0.81464373773642740
  0.82952809259165505  0.84435895739758138  0.86102022314002225  0.87973418992336050
  0.89772803402796941  0.91436448065610021  0.92936712751544315  0.94319742714171106
  0.95696707281391913  0.97078877928863494  0.98515594653978145  1.00000000000000000
 -0.00235554311283536  0.00823306667170495  0.01806002379343265  0.02857155422510569
  0.03993842664525805  0.05120722711386841  0.06164511789062174  0.07218166054406694
  0.08310168187009415  0.09585449005488135  0.10785123612593066  0.11856421060439296
  0.12877903068293106  0.13924174330087460  0.14927856820059046  0.15992381559697946
  0.17025387014624097  0.18024559089806785  0.18939957464449622  0.19860759282262078
  0.20810920498236457  0.21833943691365601  0.22876873527692509  0.24007165982231596
  0.25184078756513750  0.26419309304421595  0.27611386052312742  0.28767578527812754
  0.29922218802942618  0.31107781767843112  0.32277324094751814  0.33413214887704867
  0.34521744739356769  0.35647291098275380  0.36748194863587269  0.37828187277985686
  0.38916884629712079  0.39973341482262820  0.41039886219919125  0.42135916756822200
  0.43252026740765531  0.44335548702105249  0.45408436304418032  0.46517275079281550
  0.47570034561445157  0.48570625411856450  0.49550539746139932  0.50554928910314390
  0.51596476341446051  0.52665474195742390  0.53706472023315910  0.54724877494826329
  0.55690530838639274  0.56653632515134411  0.57638518596170607  0.58721745657417546
  0.59763469261069324  0.60755755929980026  0.61784307116433956  0.62886482747932204
  0.64047128419956190  0.65134173919398752  0.66091376111315792  0.66959903843579871
  0.67782836561591076  0.68642770223397043  0.69567077794498811  0.70506981359469323
  0.71573055153824172  0.72647177478795244  0.73742996371511060  0.74727764000593366
  0.75649753694006283  0.76537644566428908  0.77494978522805180  0.78619162501425743
  0.79751793342084665  0.80832413106413248  0.81855988771954225  0.82929670368029895
  0.84036023613547495  0.85119060191834806  0.86135380766164815  0.87110618442846555
  0.88056294787283662  0.89020711038172573  0.90034943057153527  0.91142414372549396
  0.92303229441669654  0.93561841416727476  0.94692787985603077  0.95804337217347502
  0.96870096983689835  0.97921718749102860  0.98953720426210101  1.00000000000000000
 -0.00233435995699962  0.00964645952245011  0.01920555146182392  0.02947964317986215
  0.03902960252883171  0.04991504894256952  0.06103438062611523  0.07206282558022310
  0.08287182638657165  0.09366090701917264  0.10421847945650106  0.11417250798584065
  0.12419691881139072  0.13423807452816361  0.14407590162256390  0.15387601896996139
  0.16392406308363386  0.17479983711677541  0.18633193464328754  0.19812285701681681
  0.20947910189275085  0.22003074987118762  0.23035101097305388  0.24068388537501251
  0.25076974488359843  0.26062023653946031  0.27056070364965246  0.28156629508135894
  0.29343572899260822  0.30530752912366982  0.31697103770277080  0.32866433367682263
  0.34058012708494295  0.35208400812140411  0.36279097550155931  0.37280309895491337
  0.38248200630612011  0.39250485491311726  0.40320129957702189  0.41360663555559113
  0.42368834945728173  0.43371849205356683  0.44371779250511001  0.45371250218103543
  0.46388975515579284  0.47426333197529225  0.48478335864250000  0.49543216480980901
  0.50587654798311588  0.51630548987700742  0.52664052884504453  0.53747054777514114
  0.54826245396872075  0.55845168487365471  0.56859303749049017  0.57916107066937828
  0.59080074554610318  0.60269168590685085  0.61403734125520215  0.62511328227550689
  0.63641251299001167  0.64827795645082897  0.66027895438953110  0.67210315912108742
  0.68405327865422583  0.69546618825892104  0.70655814714054022  0.71770468432804124
  0.72876745187838110  0.73930939585007815  0.74947580491983790  0.75986118263546243
  0.77028425037106307  0.78002968440804676  0.78956152963702886  0.79929466973493613
  0.80897739931062829  0.81920469945871588  0.82933831205770392  0.83965385498605394
  0.84992125106945926  0.85966302072281364  0.86941431606503017  0.87885101654192566
  0.88897999507942604  0.89883402485606267  0.90932356050864049  0.91979443912545789
  0.93060981334718129  0.94076373757865472  0.95049281385832929  0.96041200896439372
  0.97046529073187238  0.98058781927383110  0.99027289453562428  1.00000000000000000
  0.00283365930024050  0.00600908209492091  0.00872485711056617  0.01122595572358597
  0.01357073709287865  0.01583200788970275  0.01803959922088024  0.02017287049659783
  0.02219055583908659  0.02408953088654053  0.02591961067950983  0.02768954782876338
  0.02943220666408632  0.03123798042048987  0.03311213528135273  0.03504161700172945
  0.03696248213467187  0.03886173965342143  0.04074251029461572  0.04252979325705870
  0.04428305025843540  0.04607940366857090  0.04794257702900769  0.04981357162010083
  0.05165295060844029  0.05347365449509045  0.05528690951081727  0.05710204547529733
  0.05890895285587124  0.06063828392351881  0.06242438881188948  0.06429681357982933
  0.06626660236925100  0.06835471572463182  0.07038677879358737  0.07235766470990489
  0.07435677593030958  0.07645217891967808  0.07852363114574439  0.08047485092110218
  0.08239127600314465  0.08438680657284406  0.08652950974159637  0.08881010214041182
  0.09119718193219112  0.09353722160765310  0.09562338708045813  0.09761230892097962
  0.09963747230339855  0.10186439219935725  0.10439831193432798  0.10729425312534557
  0.11031498511327142  0.11322053479139840  0.11605634053006689  0.11891073031534095
  0.12150036334381910  0.12399248771527353  0.12666233361284790  0.12940897713491259
  0.13209180068488427  0.13514109086548634  0.13783473094113924  0.14052969240379204
  0.14345173090935967  0.14715082897932663  0.15096364823908340  0.15467279681149360
  0.15819309475488968  0.16190902337849492  0.16694130161264953  0.17320484157015070
  0.17900306511703956  0.18385400146518877  0.18802304670208519  0.19210802544483291
  0.19661234104213066  0.20216893657220453  0.20932891428767164  0.21426469945169638
  0.21811321216710172  0.22186142809903553  0.22707955503774713  0.23456957920571583
  0.24275466782912195  0.25285325720960417  0.26757052023002431  0.28996440809476287
  0.31158068283282797  0.33703239342612978  0.36906849604579017  0.40066400199602398
  0.44899913988603452  0.49138224916498241  0.53530910931007625  1.00000000000000000
 -0.00337039690374834  0.01480140580479673  0.03026462614008292  0.04685131929239381
  0.06449020583156170  0.08225347689871977  0.09849013543318171  0.11310412257980051
  0.12739173848072108  0.14195431958355251  0.15596079134941546  0.16946832495817096
  0.18228131982330001  0.19420712406384324  0.20560720896660353  0.21709568209754954
  0.22831617882500643  0.23935641804785654  0.25052183766854780  0.26155556190083912
  0.27220907819711299  0.28236746448307992  0.29289084533383031  0.30363123266365027
  0.31405113271230028  0.32349695367710918  0.33223024135826351  0.34076013972005387
  0.34901133645567883  0.35753492491264577  0.36592281040099744  0.37435464610341923
  0.38272364120706226  0.39109529909265051  0.39899946424630051  0.40662637791324568
  0.41429173639374739  0.42218999646509081  0.43015907491782346  0.43785965949601563
  0.44542525748642348  0.45315527146292389  0.46066778878032361  0.46800879067382406
  0.47520344611492077  0.48226487253889594  0.48925108695757752  0.49632909981987883
  0.50347269006687911  0.51065481963180892  0.51755707127713169  0.52447323681048674
  0.53175043394449029  0.53875877642089165  0.54591933334483689  0.55343967333895117
  0.56142598877350702  0.57033075384843113  0.57947310341802660  0.58782525360439286
  0.59555072497017647  0.60300046087843284  0.61029920281551819  0.61770251840181067
  0.62537057084618453  0.63315353372424943  0.64078300358167861  0.64917203798821843
  0.65895980248886665  0.66860562990686712  0.67820079855113347  0.68742906285217120
  0.69662912510947272  0.70635346623074424  0.71680121512456640  0.72784974481207443
  0.73963812845499055  0.75137201156881450  0.76311758917631356  0.77485448415459313
  0.78650707100161177  0.79797467898713847  0.80947218606769922  0.82142870248479127
  0.83427416670942245  0.84827423413937642  0.86389336745448952  0.88060012480976813
  0.89659525415743990  0.91126726547063885  0.92517119609190346  0.93944272751352687
  0.95447388839831171  0.97031670970620465  0.98534818644715383  1.00000000000000000
  0.25251491886096400  0.60015576434497520  0.62520646696092552  0.64663266775087813
  0.66445798472477025  0.68005933930668383  0.69498740789745794  0.70924699337370889
  0.72174258362758337  0.73311800385005588  0.74505932432176347  0.75597359857260327
  0.76531714340424262  0.77415572613392170  0.78243937771155536  0.78995180433675438
  0.79689579446618619  0.80367542389666102  0.81005044207012600  0.81571481837291837
  0.82119970255550201  0.82691539219572030  0.83272744844603452  0.83816586488903277
  0.84346070246700222  0.84863120033979977  0.85362349329267140  0.85818297875741645
  0.86267609817290580  0.86697587959934164  0.87124485233261428  0.87543439340706486
  0.87933224196999382  0.88302761723561951  0.88650342713644004  0.88988632880175467
  0.89320539037046986  0.89643669328712183  0.89956792471654168  0.90263242170479563
  0.90552294791294885  0.90832052591843682  0.91107989155896152  0.91384925899681824
  0.91664735918365681  0.91913739631734326  0.92154672523131698  0.92383073971072371
  0.92601613201661193  0.92814267928218863  0.93024098872840799  0.93232320347386777
  0.93439809399443885  0.93645612613160867  0.93840914436268497  0.94028334984866346
  0.94201847872856548  0.94378021101600285  0.94546451126473641  0.94709545614749580
  0.94868658906991488  0.95024603753529524  0.95180919492243066  0.95336042780609764
  0.95487256442226631  0.95641534266999939  0.95794748087215076  0.95943173909007262
  0.96084007856391618  0.96218153522808259  0.96351211762264366  0.96481099703833051
  0.96604829420502658  0.96728690522165328  0.96854016233803886  0.96978488803924090
  0.97099349517540834  0.97217502413825718  0.97337736676358955  0.97458067809322824
  0.97577794215225711  0.97697446775687180  0.97819662942870234  0.97935678686629335
  0.98049611266903969  0.98160477602300245  0.98270074737024282  0.98385015093934058
  0.98503976629303147  0.98625248379586117  0.98756502946240299  0.98898038731607485
  0.99052843194010454  0.99235774566284307  0.99495766881015701  1.00000000000000000
   1.0819946222691748E-008  -1.0000000000000000     
 F F F F F F F F F F F F F F F F F F F F F F F F F F F F F F F F F F F F F F F F F F F F F F F F F F F F F F F F F F F F F F F F
  <DiscreteSampler_grid>
  grouped_processes
  1 # 1 for a reference and 2 for a running grid.
  10 # Attribute 'min_bin_probing_points' of the grid.
  1 # Attribute 'grid_mode' of the grid. 1=='default',2=='initialization'
  0.0000000000000000 # Attribute 'small_contrib_threshold' of the grid.
  0.5000000000000000 # Attribute 'damping_power' of the grid.
 # binID   n_entries weight   weight_sqr   abs_weight
    10   10   1.390786073509142E+002   8.303863316007741E+004   1.390786073509142E+002
  </DiscreteSampler_grid>
