  0.00438045223537609  0.00747196349702251  0.01289092212116589  0.01920164291053473
  0.02734820909332905  0.03613699973405549  0.04628142717589610  0.05611164784761279
  0.06500484146158514  0.07387591798207603  0.08186397209931535  0.09079621292490658
  0.10197587958685175  0.11334485652355339  0.12233015968758640  0.13092581534553438
  0.13959648255016388  0.15045026455159932  0.16400625649545886  0.17745473839560302
  0.18598540009050912  0.19470104265932403  0.20198232532960428  0.20899538128250938
  0.21953439406646710  0.23111495905787918  0.24454469783047633  0.25955421044658938
  0.27432314173691513  0.28792942444951625  0.30011753821367859  0.31250863350891245
  0.31815970994928366  0.32267965861445447  0.32793588375850025  0.33409988795282330
  0.34025277725904346  0.34717599131437310  0.35477732524586320  0.37012870092094985
  0.38749942950792871  0.40183889154757124  0.41180741201642906  0.42156395235826061
  0.42986586783142094  0.43561118646029939  0.43968424210244239  0.44436198405396038
  0.44891049792793725  0.45318814761593973  0.45833061221186405  0.46469379612815875
  0.47253755624293342  0.48282034070155294  0.49366090572884808  0.50562683072793424
  0.51997898514743890  0.54136574825168493  0.55319565509256619  0.56359793101477651
  0.57348671780485450  0.58405417193039344  0.59777787099916235  0.61087113874315713
  0.62443348942205557  0.63815519051435032  0.65216940241670274  0.66755565859808130
  0.68481645828361482  0.70444887276365298  0.72140577633349912  0.73653868470111605
  0.74832031254528986  0.76023025716116410  0.77248943587590757  0.78631939845612164
  0.79865771849421963  0.80868012138267742  0.81755367999420947  0.82504446531113373
  0.83254873013284714  0.84200524798422527  0.85407598105150728  0.86973760496354047
  0.88651250049764352  0.90328942351346997  0.92150411558002632  0.93739717828927471
  0.94584141106702435  0.95339884130802188  0.96186578668459355  0.97029330772201938
  0.97807646674314697  0.98591420402843932  0.99193231219968181  1.00000000000000000
  0.00000836927382865  0.00000862236356149  0.00000881896777458  0.00000901389194580
  0.00000926746126762  0.00000958239273222  0.00000994593442473  0.00001047492022206
  0.00001088168632753  0.00001138204215280  0.00001195512239007  0.00001237056384883
  0.00001277902252288  0.00001329405168479  0.00001400491501579  0.00001445758899305
  0.00001486733657639  0.00001542000241065  0.00001631269226811  0.00001706896141533
  0.00001781531366608  0.00001870338791305  0.00001965706032814  0.00002078350774605
  0.00002199783320136  0.00002357144145051  0.00002553853014204  0.00002803823007749
  0.00003052738371909  0.00003326451864338  0.00003617213509318  0.00004004562189603
  0.00004410467570679  0.00004813630869810  0.00005235210712931  0.00005707819398253
  0.00006241054977283  0.00006899759841138  0.00007566934379711  0.00008250407404373
  0.00009144748407245  0.00010067602336131  0.00011568798199179  0.00013405140252272
  0.00015477372243074  0.00017707227518780  0.00020386584761860  0.00022548048743650
  0.00023888242560373  0.00025155767641561  0.00026372806392537  0.00027341934482360
  0.00028505141751314  0.00029739830340022  0.00031104102835620  0.00032919029413029
  0.00035787780453881  0.00041710154894685  0.00044479546949500  0.00046579163017954
  0.00048938574151987  0.00051280848988700  0.00053697631623442  0.00056220107952913
  0.00059899140265573  0.00065339190016584  0.00071499413909403  0.00077129696980830
  0.00083161913708381  0.00089162167493843  0.00096589963759237  0.00104240105796942
  0.00114802593632882  0.00130054090306190  0.00143972164200954  0.00155522901712518
  0.00168353524379857  0.00185388767178617  0.00215417132722571  0.00257722913168135
  0.00301908416915245  0.00343964356892633  0.00390674945649263  0.00447828029883029
  0.00519862110748102  0.00599406654902640  0.00705183072337731  0.00870949125622340
  0.01139007533443600  0.01441746762020900  0.01770651012837147  0.02256141978708513
  0.04058095975426899  0.08339035000291509  0.21920698261220120  1.00000000000000000
  0.00000202152767910  0.00001213422326945  0.00002762156074816  0.00006216726062108
  0.00011967176539228  0.00019421663360778  0.00025816228101862  0.00032033422881947
  0.00043033577750823  0.00058835259332774  0.00072648287404546  0.00087348644734320
  0.00104932855891787  0.00119037449360639  0.00127652747827235  0.00138460381950172
  0.00150067841535331  0.00160715620878391  0.00172311265904404  0.00193310619197702
  0.00225257058636685  0.00257505760253515  0.00283375825869169  0.00309791392907067
  0.00336580924960510  0.00362514088084409  0.00388948076004666  0.00418586694733128
  0.00451611534018898  0.00497451351099212  0.00546518707647528  0.00589732382410900
  0.00633666861270345  0.00684418006041332  0.00746414062296406  0.00801739739349593
  0.00831300058377733  0.00855989857768184  0.00878767667856531  0.00916284057072574
  0.00943766096350749  0.00967788023630945  0.00998715966419662  0.01037792408782531
  0.01065140184239902  0.01087137231936227  0.01107481554134025  0.01127701034039937
  0.01154878412690886  0.01196668149506568  0.01272937801134667  0.01405397803311487
  0.01575654397775901  0.01739148146523160  0.01863119412155166  0.01984407709098780
  0.02106509552765598  0.02248733159316644  0.02423637686827742  0.02583575219793716
  0.02738695771757294  0.02893505682847204  0.03066768404791994  0.03244414282413437
  0.03421811246756602  0.03586621039843299  0.03753918686407154  0.03927848242304482
  0.04150976395450451  0.04252091563928961  0.04377842840131178  0.04550584537588534
  0.04674181918292083  0.04757140863817549  0.04860089574446379  0.04973435489398578
  0.05127275785286165  0.05314568840731826  0.05466391553317105  0.05549993961070014
  0.05586585130079919  0.05623176299089824  0.05659444631831055  0.05695165297762738
  0.05730885963694421  0.05813744977054638  0.05982554323979254  0.06151363670903871
  0.06445060651517717  0.06937893555749752  0.07280955768057409  0.07626268541770907
  0.07973087326876535  0.11781928004856386  0.15826743728056741  1.00000000000000000
 -0.00990948738802886  0.02567153449817975  0.05656107386357105  0.08329062915171534
  0.10705300768254167  0.12585237396157664  0.14253282685102348  0.16004267685762472
  0.18011725283306546  0.20503436722815974  0.22412210187858711  0.24498813640816386
  0.26304537357955982  0.28193955140122035  0.28872734172932485  0.29644972028123445
  0.30300446704160355  0.30851040932130558  0.31405184643038714  0.32141490266175538
  0.33073683288435846  0.34707162665106978  0.35736011379254939  0.36255947057950055
  0.36761243137028105  0.37541351684719115  0.38402323013642325  0.39036552517395073
  0.39707507760742672  0.40514384814023252  0.41273145355099722  0.42059542268288241
  0.43154057420595704  0.44389522940608422  0.45411046511506803  0.46746721632770172
  0.47878391586213503  0.49018184313836133  0.50071503354939628  0.50933038640553951
  0.51850385744658178  0.52891412590072795  0.53976619513340551  0.55052073121731471
  0.56124009741728331  0.57211575152381389  0.58260253104066817  0.59354258437025120
  0.60527368308302165  0.61363341983310693  0.61924103729801616  0.62492496492192084
  0.62985232130327085  0.63396499636317338  0.63847068634269910  0.64313182235691591
  0.65339537109730428  0.66421097767363335  0.67037668468266642  0.67831251261707504
  0.68676428959004343  0.69330667722385964  0.70012301119977027  0.70736719721903307
  0.71507300813356811  0.72539257106460397  0.73790330708688201  0.75141087317785660
  0.76336528592950081  0.77384088734426815  0.78324929566618018  0.79183691166718018
  0.80042544312162822  0.80963595750992967  0.81849124410470464  0.82531605305949385
  0.83195895245733897  0.83887856787381376  0.84553282522470807  0.85198814659160615
  0.85904974018645819  0.86601954954200422  0.87214179283495297  0.88047322343285184
  0.89236434401725950  0.90239146048265728  0.91132690990830034  0.92009248042385050
  0.92906094023511532  0.93904150197311009  0.94832429481687663  0.95609338801175459
  0.96635756192233890  0.97677297777002825  0.98687000634537914  1.00000000000000000
 -0.00140037829830434  0.00507727498813807  0.01284415026254056  0.02187723061631995
  0.03031368621546856  0.03766254771757102  0.04630433287864999  0.05591796433571047
  0.06571817242231136  0.07557146547490259  0.08460590502964158  0.09194522067263244
  0.09888546467204845  0.10557119482495891  0.11332775703279672  0.12329713427766191
  0.13696130232651002  0.15018208335044381  0.16232123147355523  0.17075864068033858
  0.18012029620376724  0.19016253291946608  0.20134686178037831  0.21613763937673028
  0.23096732566256947  0.24900212578021136  0.25786639618059376  0.26473111436978292
  0.27140483279905031  0.27725830255635175  0.28564777925936080  0.29431952546951234
  0.30213767834738225  0.31023629968802541  0.32516220953185870  0.33749927203952523
  0.34587555164035272  0.35401075045400754  0.36192158173854666  0.36884650499535265
  0.37450833356808982  0.38067429175157869  0.38882644712926034  0.39788520172619074
  0.40489726400233084  0.41230528431099100  0.42635446856031667  0.44042373348593156
  0.45574693063792143  0.47095978380097864  0.48428768752854767  0.49534075052821835
  0.50486902628800168  0.51336057038372629  0.52168441789067732  0.53172938962537464
  0.54306825807140013  0.55580122026511003  0.56676808711889759  0.57626410148174401
  0.58678774673032763  0.59800293168252294  0.61230955310423119  0.62428049527998986
  0.63299019651024224  0.64115432223848934  0.64977092751922860  0.66013360601027782
  0.67421799854057785  0.68895139273499051  0.69994715105633354  0.71141729284542210
  0.72193290331714011  0.73186791958936459  0.74571188138123723  0.76257511051244864
  0.77799572508703596  0.79038509520932065  0.80389950024989898  0.82057314227127287
  0.83798498339650984  0.85334314382381371  0.86762558032113535  0.87893373379176720
  0.88672482799924002  0.89485242041834645  0.90186712370589117  0.90760288346245044
  0.91417779358449192  0.92304658055342270  0.93233878304884277  0.94291916942609588
  0.95821544163558581  0.97351076780566725  0.98763567166039479  1.00000000000000000
 -0.00248923378756068  0.00963419424722415  0.01742299610080187  0.02330275099404044
  0.02915143046987016  0.03700933982571992  0.04744182402016071  0.05993494120589601
  0.07358966963401520  0.08789714943076866  0.10681817510445585  0.12585665597623072
  0.13704671605423399  0.14747952325938563  0.15570187181144335  0.16182305218850060
  0.16712259935591911  0.17316258406405927  0.18062839022979879  0.18708372980449503
  0.19226107454558447  0.19777424078367825  0.20338405510306615  0.20842060879789823
  0.21335833831859596  0.21913606419996140  0.22468504905101613  0.23021011966844029
  0.23679856611315020  0.24449663763378834  0.25262482335435654  0.25912038780707569
  0.26783406229376339  0.27769515696999686  0.28686334745482495  0.29880612628808290
  0.30790328917420029  0.31676468169065874  0.32560123028910892  0.33218566630426094
  0.34155390723658008  0.35390728653215020  0.37088742652554052  0.38381148225836126
  0.39303257243928152  0.39808343949021407  0.40333860736874411  0.40986228776303707
  0.41720071543100701  0.42459287913953769  0.43497574236103270  0.44303218278679429
  0.45005015468768950  0.45644101819979388  0.46633465725097450  0.48178797062328194
  0.50114602626404614  0.52279872900961655  0.53776235221720325  0.55094474632438128
  0.56245279458926456  0.57361575717706725  0.58403160823699374  0.59776899390044325
  0.61301465162569735  0.63023964631569473  0.64459265899417184  0.65783793348401010
  0.67095035810065717  0.68473022880618961  0.70085680774125803  0.71598618079822163
  0.73085746373470406  0.74445529136894917  0.75737308479448351  0.76814010000242661
  0.77955542207666995  0.79097127949903534  0.79834851201593804  0.80572648694534277
  0.81277848486510995  0.82113894924956854  0.82974963409306357  0.83870436153230099
  0.84910536518185731  0.85926700735428196  0.86881215756689834  0.87891496759342236
  0.89178013450288884  0.90525321724743335  0.92133485958612982  0.93849161288575900
  0.95529560114305612  0.97078640853024900  0.98537906728026825  1.00000000000000000
  0.00020687502800062  0.00059964961825990  0.00108349248291461  0.00151914849413734
  0.00186521051684795  0.00218686836574530  0.00250946125717678  0.00283236240367379
  0.00314721745600259  0.00346121816362902  0.00380120687189310  0.00414587929049120
  0.00448655803992268  0.00484020932432488  0.00528950288844569  0.00574855167908234
  0.00625859489635080  0.00682861393243315  0.00745242115462332  0.00808034254797189
  0.00871796176276404  0.00931251862912121  0.00985839549864260  0.01035230392780779
  0.01085012347449703  0.01135852557793861  0.01187789002980453  0.01242796175831682
  0.01301057680544166  0.01360976957173870  0.01426192366763483  0.01490318740131286
  0.01562821734055041  0.01651420202505503  0.01758744501671146  0.01912384007350825
  0.02017135463430561  0.02099798495712332  0.02172691304686699  0.02249576355261539
  0.02368895170712505  0.02478422985050198  0.02557793667944498  0.02625428193134172
  0.02694076587126839  0.02753819955499209  0.02872500247870184  0.02985924697020962
  0.03069438876600630  0.03153995181627250  0.03255615449578589  0.03362271340699152
  0.03436634219396880  0.03540254647360749  0.03627854856209157  0.03712455498309580
  0.03782294048881357  0.03854701477763535  0.03931051526728566  0.04058607889536475
  0.04293478141297126  0.04389542625280751  0.04443094723649628  0.04475112000952260
  0.04502910348604452  0.04552536478065012  0.04650119226364322  0.04826414570057046
  0.04889161454354528  0.04937075220139777  0.04981310342908474  0.05024144175441410
  0.05121680462179787  0.05203455526771215  0.05383018993211340  0.05485084704610676
  0.05583461700460396  0.05674557484699787  0.05760362543484052  0.05847140527008666
  0.05936427940347731  0.06025715353686796  0.06252457408270461  0.06693845280604573
  0.07262829112258555  0.07623498323429080  0.07877752255042174  0.08076337599220061
  0.08253262435658532  0.08511080796927652  0.08848636017094730  0.09457280873871939
  0.11347640961021610  0.13790560483648215  0.28553338754494828  1.00000000000000000
 -0.00683322912934255  0.03510033136685163  0.07018716707808761  0.10375176346530798
  0.12965093079626674  0.15106347325705960  0.16935028129008434  0.18577803129242879
  0.20080910050240069  0.21564143561160665  0.22842920033517494  0.23951194078375801
  0.24940240742918124  0.25660254568662061  0.26330790154862682  0.26992782185485931
  0.27551307864377050  0.28734163818135500  0.30048489097976733  0.31332555913925009
  0.32603275712244567  0.33861707035807692  0.35301167979024667  0.36844586183364936
  0.38179264155049847  0.39192877609764620  0.40032157374629129  0.40762465837627682
  0.41449565382644776  0.41900677314302204  0.42195253245460995  0.42502858054852344
  0.42820011436017613  0.43177685352574369  0.43490063932801770  0.43808332532369165
  0.44515120471865610  0.45236934239030419  0.45996555241245962  0.46683116323737267
  0.47303397691747162  0.47996334034566313  0.48905933724523953  0.49914734604778827
  0.51065945963561932  0.52126405707591639  0.53003652388938494  0.53607724241853827
  0.54183295292609224  0.54540650396032708  0.55019341828395230  0.55656262058309536
  0.56220013426055648  0.56767360609317485  0.57151450723062636  0.57531151495368993
  0.57883029237540207  0.58288989556766424  0.58695446499380299  0.59112290477047591
  0.59661217378270159  0.60196344348757291  0.60690237336986330  0.61299820796841686
  0.61955018761655090  0.62707580678598940  0.63320316160257994  0.63706551506183129
  0.64290309397171508  0.64786576380880589  0.65314246214779903  0.66022913821690976
  0.66804962128938483  0.67769314336851272  0.69046706794401935  0.70525407261275375
  0.72057571152833377  0.73393812843496986  0.74577202074130444  0.75711561831967744
  0.76803118880696397  0.77788299526774107  0.78677898482378750  0.79623314055496131
  0.80832813138779225  0.82167611594012480  0.83628868538750900  0.85623902273981656
  0.88292224076320369  0.91354576239396401  0.93518675419178965  0.94926254120416353
  0.96253252791607702  0.97465680315035474  0.98733281969918307  1.00000000000000000
  0.21392543656065088  0.68147544171971264  0.71711526445875351  0.75164810110182123
  0.78490611896624984  0.81562506563129400  0.83732891322983283  0.85569914445218276
  0.87272053359915225  0.88568591318804002  0.89502795715358519  0.90409539530923499
  0.91410690690732743  0.92329709290530171  0.93090654983197230  0.93674561838300607
  0.94180098662877021  0.94605725692064280  0.94984928743194896  0.95328460808982818
  0.95654440765891235  0.95920714816123831  0.96116696741851948  0.96308436967401245
  0.96492549051609267  0.96680726440636466  0.96888677344579022  0.97067363046112853
  0.97153514203409475  0.97252667392262904  0.97345368049784242  0.97433441691662737
  0.97546817314784962  0.97667512335086937  0.97778328727925068  0.97884536487454532
  0.97986166340090297  0.98082227510995634  0.98176249509760183  0.98277234350663423
  0.98375435456424198  0.98468139226379892  0.98557039403205182  0.98643352362205239
  0.98722215341072095  0.98799333582029569  0.98870552332754724  0.98935990720164391
  0.98999639311368304  0.99060677168041922  0.99106844393589189  0.99136469749122758
  0.99164493583364244  0.99188884982420078  0.99209050372333019  0.99233811894129487
  0.99262108649813141  0.99291227733490495  0.99318766648428447  0.99350344007861235
  0.99377959968446561  0.99404698333785335  0.99434062414678281  0.99462882677400055
  0.99490947858283174  0.99518093983583178  0.99544665792751541  0.99574484535227292
  0.99607221224602149  0.99641904995803421  0.99678578441283117  0.99696554287756145
  0.99709106726642616  0.99719984490841529  0.99729917873249285  0.99739753371615725
  0.99749328617165578  0.99758888271761503  0.99768609547239884  0.99778503492290249
  0.99788996247841044  0.99800090806217656  0.99811899793995595  0.99825594008670104
  0.99837886756074667  0.99849256273452147  0.99859433437563816  0.99869317435831362
  0.99878687852673953  0.99890903792974262  0.99903188280765942  0.99914822090343591
  0.99927243361487850  0.99944343717204553  0.99967240259469914  1.00000000000000000
   2.4565447572396003E-007  -1.0000000000000000     
 F F F F F F F F F F F F F F F F F F F F F F F F F F F F F F F F F F F F F F F F F F F F F F F F F F F F F F F F F F F F F F F F
  <DiscreteSampler_grid>
  grouped_processes
  1 # 1 for a reference and 2 for a running grid.
  10 # Attribute 'min_bin_probing_points' of the grid.
  1 # Attribute 'grid_mode' of the grid. 1=='default',2=='initialization'
  0.0000000000000000 # Attribute 'small_contrib_threshold' of the grid.
  0.5000000000000000 # Attribute 'damping_power' of the grid.
 # binID   n_entries weight   weight_sqr   abs_weight
    10   10   7.848186715594501E+000   1.855796420844227E+002   7.848186715594501E+000
  </DiscreteSampler_grid>
