  0.00265736684078373  0.01124258011403907  0.02022821868672154  0.02894776477981396
  0.03717727528581643  0.04521998664213080  0.05267117763171758  0.06016713368015007
  0.06843010514388667  0.07925362483958534  0.09113663968216737  0.10198903961690667
  0.11157719934184744  0.12073005649344194  0.13082481973782034  0.14188345324846249
  0.15165066638763428  0.16084389853763179  0.17053541691654786  0.18295711549758692
  0.19587559853518788  0.20801385534941769  0.21915628576206486  0.22965297860459730
  0.24017513152069728  0.25114857007950020  0.26190179558565796  0.27179124423700091
  0.28150489038493365  0.29194847305121080  0.30264093978505208  0.31357797632381740
  0.32355900325186121  0.33313066231539712  0.34235278473587999  0.35143500772308062
  0.36093889756415592  0.37132092367100983  0.38110093854658589  0.39172035602814764
  0.40198286087456159  0.41136918917627341  0.42077939598748731  0.43047916111780893
  0.44077956988476918  0.45105002275470779  0.46088451365608790  0.47178026609299017
  0.48394897136924264  0.49776856443599532  0.51060557337707968  0.52265988824851728
  0.53335224080797605  0.54427033185240425  0.55538843801241444  0.56595936374614275
  0.57850675389309481  0.59010113974212364  0.60103747590619561  0.61261044812261489
  0.62600326693807118  0.64091649354405322  0.65202563079338305  0.66239773120849255
  0.67167860094937715  0.68127689563677063  0.69187713075390012  0.70176529221614270
  0.71086730904938034  0.71942223628445590  0.72722452328428977  0.73563262244169603
  0.74516256903923273  0.75584188414509479  0.76726465738549321  0.77560005107628172
  0.78446372117127028  0.79435674704326875  0.80468943944109650  0.81461937157058362
  0.82289462197027752  0.83199438713076701  0.84257362980599737  0.85304733202166894
  0.86246281371564826  0.87078069651576562  0.87960743643034756  0.88867021714218930
  0.89795173914099391  0.90719589256203226  0.91815093214740240  0.93058719422019909
  0.94521457057913683  0.96061865259868751  0.97841139686635503  1.00000000000000000
  0.00008356303896540  0.00008721453816625  0.00009092387229072  0.00009460873813541
  0.00009811385989347  0.00010176963903110  0.00010595271416388  0.00011069684139157
  0.00011533280011554  0.00011950691420477  0.00012391436559730  0.00013012594854441
  0.00013639313637263  0.00014261468499126  0.00014922204629713  0.00015549060021331
  0.00016501643567983  0.00017307729235739  0.00018226201583141  0.00019059700828598
  0.00019895262414937  0.00020855040029641  0.00021995813149909  0.00023276693337588
  0.00025197687792648  0.00027173805851269  0.00029244104633101  0.00031859999084464
  0.00034636870580078  0.00037527097445810  0.00040703871709045  0.00044242140142184
  0.00048774170364660  0.00053018242083145  0.00056462294749512  0.00060310536945941
  0.00063830591767931  0.00068464943650674  0.00074252630411142  0.00080759107364148
  0.00087037696026264  0.00093548979756432  0.00100001301830311  0.00106186910070587
  0.00113155159618279  0.00121322789299827  0.00131303975767539  0.00143696230473327
  0.00157655246777242  0.00172264991884909  0.00187666460084863  0.00204544076030056
  0.00222799981097626  0.00243002557237271  0.00263903384130212  0.00284438384071045
  0.00306807265671722  0.00333367556376154  0.00363328814742433  0.00397139843275416
  0.00435008211332419  0.00477060164176077  0.00524498416670204  0.00576355644695436
  0.00632669362606304  0.00692685265561619  0.00750736093187650  0.00816130195464352
  0.00894072775161055  0.00984424621711814  0.01081884289869728  0.01179733512000235
  0.01273256231809089  0.01365460368042979  0.01465450383194095  0.01597554016883034
  0.01768297780655868  0.01973084515624137  0.02203985890391791  0.02442152334692139
  0.02676171212811352  0.02913641620098276  0.03192370586950526  0.03586964708049622
  0.04082000805784923  0.04726562777790232  0.05402064299044284  0.05991365540788975
  0.06667995070550657  0.08046861308521704  0.10127878866212962  0.12748669533055032
  0.16237556844930162  0.22477285031028721  0.82138962039462160  1.00000000000000000
  0.00004222570023450  0.00008667873225602  0.00015848340123357  0.00026345843975793
  0.00042777483628139  0.00064708996511846  0.00090556664450605  0.00125411914935475
  0.00160165360310369  0.00194924176022532  0.00244644130806324  0.00298770129579766
  0.00353033114518041  0.00410231026171740  0.00459777334136441  0.00503486635431392
  0.00551200716543361  0.00614962598978520  0.00695566466190218  0.00770573841485160
  0.00837305620796138  0.00900389687324750  0.00961945291997323  0.01020047151307177
  0.01083295341617749  0.01158011663002453  0.01247106878483294  0.01351392272571500
  0.01464612126302136  0.01569290203621724  0.01662755560052825  0.01759397733493499
  0.01865623259732482  0.01974806345899073  0.02072629981920514  0.02178013696004428
  0.02269728550224273  0.02351456828745848  0.02432515853897166  0.02511191062307925
  0.02598561845998934  0.02701352079383194  0.02806969574898199  0.02908538531743583
  0.03005488153107426  0.03099912904838968  0.03198557182805161  0.03303497823098413
  0.03415654434821314  0.03535521382371283  0.03656079779692609  0.03767370784535611
  0.03875277551428612  0.04010566412483809  0.04180737180351982  0.04337981207482665
  0.04503486329995186  0.04654289895541652  0.04811447261971628  0.04982406284361601
  0.05169671219592381  0.05392192478521436  0.05637179382120572  0.05854650929955636
  0.06028305165554956  0.06195715298279145  0.06353748324364585  0.06518464533850471
  0.06690172613672017  0.06871808343733984  0.07060436164196485  0.07271139966156159
  0.07454897975004704  0.07633494286995098  0.07840782566567837  0.08081725122537721
  0.08344284239619118  0.08617582285938499  0.08907538486765107  0.09231588215803782
  0.09721010258517118  0.10209530982190357  0.10744898159628408  0.11325931472150279
  0.11914690387784485  0.12544144961997233  0.13206986419418781  0.13823996413372011
  0.14233432233426577  0.14642868053481142  0.15106112237051308  0.15576105710824326
  0.16237583958763832  0.20567354848132499  0.29589942091799754  1.00000000000000000
 -0.00528932236711526  0.01912123128943623  0.04249558504889843  0.06091565904303793
  0.07546804041215016  0.08977284574403194  0.10402555403865617  0.11923398176342832
  0.13741218865087126  0.15685147296600410  0.17294387483728516  0.19093526751430839
  0.20920660148930065  0.22807191817844144  0.24410108597687891  0.25849384685747434
  0.27131113630607229  0.28353335225752363  0.29393852073094567  0.30481077640756243
  0.31636431259275216  0.33089120535173716  0.34797190264640976  0.36006061799170741
  0.37028962336198762  0.38038535975719723  0.39104831687636565  0.40175201071088590
  0.41337784628454671  0.42632497204991232  0.43800180216979889  0.45020485327064386
  0.46317486850902939  0.47395580504970081  0.48644865856031788  0.49740502320247293
  0.50707388808101339  0.51560983802763471  0.52496167528705662  0.53504659689730105
  0.54520702213783123  0.55544028799952905  0.56520746671697153  0.57772010552940301
  0.58924952422318366  0.59937962498938691  0.60856592358448558  0.61750443676847133
  0.62675805222834202  0.63560266296518364  0.64342448163879939  0.65260457430160801
  0.66068338093717116  0.66951092611829655  0.67725153530781368  0.68503300860689309
  0.69271415873553011  0.70057734135866834  0.70838011865883876  0.71609782710828473
  0.72417758217750694  0.73330984650239373  0.74126078268920514  0.74897881801102506
  0.75649563783001805  0.76228005278013666  0.76802018904027247  0.77446916914362662
  0.78197095386902538  0.78994136144501714  0.79794402520351793  0.80500602084162143
  0.81168192534512607  0.81922672794500340  0.82604587247342265  0.83323257028010833
  0.83975545317751377  0.84522473144036292  0.85121169792704376  0.85974892917241486
  0.86926243328382968  0.87776983405555953  0.88501949106458599  0.89173856418454445
  0.89899487314150872  0.90717153329392763  0.91555984935651857  0.92447834996383471
  0.93366908452911146  0.94278689588638731  0.95173440382217400  0.96146668215407638
  0.97120661418840226  0.98090042983376602  0.98982253015916966  1.00000000000000000
 -0.00226935155789056  0.00997796791712358  0.01934212597751555  0.02854001248795722
  0.03862127640355037  0.04907226997229972  0.05937234568856825  0.06948898154816659
  0.07927957172585220  0.09021620753655347  0.10091921710266416  0.11315375503794665
  0.12663113095251832  0.13828013176513226  0.14954879461360809  0.15962160138967729
  0.17209187006407095  0.18551242551347719  0.20246086851451739  0.21322337852321199
  0.22255365243417985  0.23165640845306645  0.24170694124095182  0.25270331330538387
  0.26286050077765150  0.27367702496135354  0.28573343132055096  0.29864300330720500
  0.31079505453931860  0.32265840946450830  0.33337273236474796  0.34307959912576308
  0.35117931869586561  0.35922304972169183  0.36782804396222124  0.37769984166508419
  0.38872559156251030  0.39982081973360400  0.41077810865230313  0.42199399446647334
  0.43296472313473661  0.44306288538634997  0.45320269013664294  0.46427078909743424
  0.47645220080017731  0.48876408685113049  0.50010814873016607  0.51077826350529343
  0.52093090846921752  0.53276532700708901  0.54450954512306471  0.55708735007533539
  0.56992876497326150  0.58190285053151347  0.59327567084586286  0.60378613713215301
  0.61184094081000195  0.61864393133586404  0.62571644476523369  0.63456202303759068
  0.64498944005114089  0.65366290059510546  0.66160656399458428  0.67178337100048280
  0.68292746096969614  0.69586267198284502  0.70714102959830294  0.71874168931202376
  0.72949936775287716  0.73788774967042281  0.74333059891551423  0.75028487128419719
  0.75710274871051464  0.76461657463930510  0.77436249900137955  0.78494478201748163
  0.79524914882894737  0.80587120786332966  0.81749712385734030  0.82778848231343516
  0.83696375393458944  0.84626262117093176  0.85765475497932553  0.87216910754208488
  0.88661199244275102  0.89994768206951159  0.91204283350383608  0.92305812579166102
  0.93269741771902093  0.94143553611736885  0.95062939036344152  0.95997120189269347
  0.97021162442683173  0.98028085881352522  0.99016994789337931  1.00000000000000000
 -0.00219982576261067  0.01080322730347045  0.02194624821594735  0.03219311882559521
  0.04265934832433405  0.05143927610499016  0.05949846020484169  0.06789487914139999
  0.07730369545781063  0.08783371302697927  0.09957771297579628  0.11213180230369599
  0.12585981986664421  0.14075031108665692  0.15317375118923976  0.16427099641085940
  0.17572059598645928  0.18646395604520799  0.19959915967959729  0.21207757108208672
  0.22510973609634649  0.23686046751972567  0.24812901879715582  0.25928004999827864
  0.27015249308145900  0.28021194936722787  0.28981622397640089  0.29978710042744705
  0.31097311051070370  0.32227991935588940  0.33215094189582517  0.34197423339684829
  0.35328438107976490  0.36541032003962837  0.37703576078271134  0.38766826089280815
  0.39704182561552431  0.40612521519025202  0.41537436276854695  0.42366873388659515
  0.43332486523035285  0.44489994534735822  0.45642623758928658  0.46672084981562761
  0.47665164691771555  0.48683537909703400  0.49757710969732333  0.50751910491221075
  0.51663986071223622  0.52512838684044061  0.53391836496661993  0.54442680566793789
  0.55527330547007292  0.56474169800414875  0.57352179392249603  0.58118776261189686
  0.59037959642882665  0.59887965492688466  0.60651683734229400  0.61490392794721715
  0.62425589238123613  0.63267995971948265  0.63939997352023559  0.64699637435830903
  0.65470795604174636  0.66386129867386323  0.67567012299241391  0.68795008068321761
  0.69874359681908005  0.70850740301583748  0.71860364946637156  0.72861881886485669
  0.73930921060673715  0.74972334016802700  0.75987710057471214  0.76921804223554935
  0.77895535588955511  0.78958842271047136  0.80151115657821081  0.81307598670581294
  0.82354059103030530  0.83260428528733210  0.84095934660728300  0.84947551818565192
  0.85963599636056198  0.87165981110129431  0.88357133928469878  0.89424817764134767
  0.90466972997443285  0.91584472149428542  0.92792786298045216  0.94164602679844378
  0.95579215290026653  0.96991368265103295  0.98487797831334944  1.00000000000000000
  0.00333064255301814  0.00565484641242260  0.00771186040207494  0.00951861975189118
  0.01137601282968103  0.01318664267602556  0.01483926859014697  0.01646538883730593
  0.01812718890112681  0.01977893870371788  0.02129890621513427  0.02303754759654519
  0.02449497234982840  0.02583746412462933  0.02710350700698747  0.02833654055182808
  0.02961889902743920  0.03088850822221898  0.03207002353118729  0.03336058967298612
  0.03476495122831545  0.03617198242492607  0.03764878140908078  0.03915622509175508
  0.04064194149219038  0.04207545607047083  0.04372207182044096  0.04538406374670695
  0.04706098450400766  0.04868225343687633  0.05027902612042388  0.05177023480466804
  0.05348997338025219  0.05565515943777382  0.05765278926054104  0.05932196359757171
  0.06086463426812271  0.06239667706197092  0.06419160464301990  0.06585536545594446
  0.06755097193508473  0.06927610965301272  0.07095637910744061  0.07268031256536786
  0.07445127610364359  0.07591160924029063  0.07732683953688464  0.07864039878514988
  0.08005705865608849  0.08164319017807098  0.08312221558921155  0.08453693180311724
  0.08603782360710249  0.08783712290546912  0.09004215708222002  0.09251787851794936
  0.09491954527679636  0.09750134061368007  0.10001888378882372  0.10225497954807508
  0.10467119391997246  0.10732414475642583  0.11094077328918224  0.11483660829036621
  0.11849516310800105  0.12213979294017205  0.12623046395432089  0.13100194011762414
  0.13589727414772346  0.14002505937978751  0.14277714286188598  0.14548664598028696
  0.14821106074819443  0.15156402537164854  0.15622264359207977  0.15985503738286044
  0.16297559812993498  0.16694072413126615  0.17262309123836947  0.17862863000101817
  0.18659986892353134  0.19870226383170592  0.20886425825685745  0.21607763840943628
  0.22287606173733349  0.23098566829812078  0.24369937894436203  0.26168617103203934
  0.28331070028752164  0.30714014924463551  0.34348246336680260  0.39480640245911119
  0.45418065729184359  0.64377051709489597  0.83512522552896051  1.00000000000000000
 -0.00655363895744222  0.03243445200102482  0.05359035958093433  0.07328388321396934
  0.09339652732821828  0.11030621742015688  0.12313155526769408  0.13527183290730990
  0.14521140865145041  0.15620671284188034  0.16623254937406917  0.17746899562432167
  0.18969064231570198  0.20161670638205240  0.21137911103480039  0.22218251851030540
  0.23412664576898090  0.24586865514661235  0.25659758564211516  0.26791801078319272
  0.27914222985520859  0.29139535131264954  0.30332695648400870  0.31402280482016581
  0.32391584182118571  0.33319012412423044  0.34126378770313787  0.34660328032334803
  0.35129880664304164  0.35632555198110483  0.36196631053899975  0.36824271890165744
  0.37469147635067523  0.38127029981240018  0.39104861202055241  0.40023383384335554
  0.40928099802748885  0.41807225591294728  0.42550566922785849  0.43198717612723997
  0.43855931812535731  0.44401627896062767  0.44935970670081615  0.45486297600851811
  0.46163733860237965  0.46905505114420881  0.47578723881176915  0.48173904751316876
  0.48707758624702779  0.49271310582065525  0.49830485953806136  0.50376961230449735
  0.50941480308339171  0.51486471173336679  0.52032273746633340  0.52533011663800822
  0.52970654300752196  0.53498518295193220  0.54152667491900763  0.54833761477987697
  0.55550790144647855  0.56151076671752964  0.56683997596558233  0.57208912627090358
  0.57789719115475124  0.58388151317790160  0.59003674952321328  0.59680301807736447
  0.60450667019796600  0.61280541225655416  0.62192001252536810  0.63167872471534714
  0.64139649669884657  0.65140120917381761  0.66099220031612949  0.67159796105656211
  0.68275307160084930  0.69473860257575326  0.70711493174759998  0.71844968665260756
  0.72961377554388629  0.74187799796870291  0.75713077188262112  0.77152791233110229
  0.78530733167260747  0.79905803214574189  0.81349995743674364  0.82850886779487976
  0.84359437599850340  0.86004386570732649  0.88084141086751100  0.90532488714011217
  0.92754114863064030  0.94913092183842140  0.97369751692244810  1.00000000000000000
  0.49650214118796693  0.65238159042462507  0.70436806729049617  0.74459173775837018
  0.77575326648657184  0.80151331081845711  0.82204624281478689  0.83843534578267787
  0.85335846811331206  0.86459369631385630  0.87383616556613120  0.88175254548133963
  0.88819582580048972  0.89461844419466907  0.90062068334488610  0.90690595681092001
  0.91251405242338801  0.91736157286709952  0.92150741358762378  0.92561043037235846
  0.92942211533869146  0.93289178223150249  0.93595114398237955  0.93845326491262027
  0.94069069594420018  0.94298949032206025  0.94510527440535197  0.94698252835470920
  0.94880605174704347  0.95041300174411592  0.95194602300855047  0.95350115491874277
  0.95512023469209861  0.95684815170197901  0.95851358579702850  0.95997896357936774
  0.96131707493566665  0.96242570725713572  0.96343618900733352  0.96441630298298919
  0.96531824021381507  0.96630425114483243  0.96730066616433807  0.96829345593526650
  0.96938423467879342  0.97055123378162722  0.97170569742986257  0.97271474884701548
  0.97352955030825117  0.97430970749683465  0.97510390694935212  0.97585314037401261
  0.97659875334774926  0.97737210534848684  0.97814033868774519  0.97884487097070316
  0.97947064533542572  0.98004756751580069  0.98064045675896538  0.98129276932165754
  0.98199781790838303  0.98269768624661424  0.98321768339448667  0.98358494820364906
  0.98395692141412283  0.98434342892742976  0.98470294271521197  0.98505188862834636
  0.98535826127561499  0.98566810118483339  0.98603591735982010  0.98643101169812852
  0.98682319555955389  0.98720156011914162  0.98762770697867763  0.98808851251199814
  0.98851657208867039  0.98895260737855539  0.98937273900179601  0.98978682201677382
  0.99019992129064738  0.99060620123479470  0.99099950231265732  0.99140904609054803
  0.99184018312451916  0.99228221025975882  0.99275197687957750  0.99329094553680330
  0.99388677491594546  0.99449970640403274  0.99507966752347743  0.99561527046415232
  0.99624159965780301  0.99696781590193273  0.99811488061299147  1.00000000000000000
   6.2878627949928075E-008  -1.0000000000000000     
 F F F F F F F F F F F F F F F F F F F F F F F F F F F F F F F F F F F F F F F F F F F F F F F F F F F F F F F F F F F F F F F F
  <DiscreteSampler_grid>
  grouped_processes
  1 # 1 for a reference and 2 for a running grid.
  10 # Attribute 'min_bin_probing_points' of the grid.
  1 # Attribute 'grid_mode' of the grid. 1=='default',2=='initialization'
  0.0000000000000000 # Attribute 'small_contrib_threshold' of the grid.
  0.5000000000000000 # Attribute 'damping_power' of the grid.
 # binID   n_entries weight   weight_sqr   abs_weight
    10   10   1.336461626141900E+001   1.114216016568386E+003   1.336461626141900E+001
  </DiscreteSampler_grid>
