  0.00364353871778529  0.01074745640990530  0.01995444538105558  0.02846406395300925
  0.03676550186571158  0.04610382395368893  0.05665685991086228  0.06713285509037763
  0.07587311565152295  0.08513421423290976  0.09578342525508821  0.10715194142972881
  0.11823812236599195  0.12894204525771161  0.13963674521521749  0.14992891416365575
  0.16007906112522052  0.16996675967987529  0.17962724138203065  0.18948783132069003
  0.19959775381725400  0.20945587241519834  0.21898334791174398  0.22810263964346253
  0.23777698061466504  0.24753001166231983  0.25622663818237129  0.26378244157808156
  0.27112753058123823  0.27811881964348417  0.28574166079598196  0.29358691669773906
  0.30296675716397287  0.31245477548102740  0.32452798328697713  0.33698178955244223
  0.34921913846188724  0.36186803741970142  0.37440535845173939  0.38656173537071725
  0.39810370337832479  0.40888972031687132  0.41891285365617598  0.43010481259644606
  0.44204208377566406  0.45415917959375135  0.46637535124009338  0.47952219027463000
  0.49383533307496347  0.50781269732773504  0.52105122307971541  0.53395790807867194
  0.54559359662097129  0.55539594940159887  0.56495164969231115  0.57437113777338078
  0.58471967446930895  0.59542295693467606  0.60819143978614376  0.62157632210493685
  0.63229304656217045  0.64163517150035443  0.65102765371265359  0.66036207289471238
  0.67130325931358914  0.68088553721320022  0.69080099278784024  0.70043985121341001
  0.71016326387215090  0.71990785401589974  0.73009360272056201  0.74003333007668382
  0.74907518149526131  0.75841147360684436  0.76860718265795869  0.77969870572134303
  0.79088623281145487  0.80174266420665274  0.81211190750064111  0.82212408952813898
  0.83207287678798947  0.84341490172887157  0.85565216611310779  0.86718436580665137
  0.87792392136356623  0.88878060628055811  0.89958234391776903  0.90973599085279377
  0.91919889864831439  0.92961166439707188  0.94126213383149926  0.95458124141351464
  0.96743257726937737  0.97945593029822209  0.98987569402155373  1.00000000000000000
  0.00275269505956182  0.00481011899717350  0.00586853196889158  0.00695288173640091
  0.00791519502140423  0.00877168413978058  0.00958267406172231  0.01036130476146811
  0.01114787877470829  0.01193167894336487  0.01270502324936650  0.01349135159847556
  0.01427969958294917  0.01506048382037775  0.01581613938873265  0.01648293309858399
  0.01718570913119674  0.01789026476754700  0.01859247104639931  0.01925441957071136
  0.02002997160940056  0.02081766915744533  0.02157880039731576  0.02232545524064754
  0.02314679117153399  0.02404607504113310  0.02494729840822957  0.02581702083629322
  0.02665254008959345  0.02742694598762542  0.02820319055511046  0.02901925036429263
  0.02988678683221239  0.03085687473317432  0.03182687395649081  0.03281665511265822
  0.03387072742968354  0.03493971837705667  0.03612229379373461  0.03739254378818531
  0.03862619678097794  0.03986391492149007  0.04108490326172624  0.04228364543031884
  0.04343617594533458  0.04463995869578464  0.04598576248121687  0.04744248365706521
  0.04895435944585230  0.05034664675734695  0.05162484775775113  0.05310815123600585
  0.05466834856222804  0.05634482900863412  0.05805553528799996  0.05967154581217726
  0.06136911803740201  0.06324252216943411  0.06528034839705957  0.06738279621367717
  0.06950465993528428  0.07175556520495749  0.07397579673466249  0.07618626062060245
  0.07834132319791562  0.08048490083103643  0.08332021527463117  0.08613877537281948
  0.08796562496522327  0.09024598047009612  0.09310833586956919  0.09588721042213981
  0.09890243663625051  0.10225407712804796  0.10647856149644544  0.11166692779297205
  0.11510920167212797  0.11755798426701781  0.12042753730386628  0.12364038203890605
  0.12732650168419454  0.13142040205497496  0.13580488478889610  0.14261054157855521
  0.15371611272790231  0.16770734088225700  0.18511824729505119  0.19371081651557792
  0.20459288221878957  0.21413925006346407  0.22452833861140353  0.25685651096455020
  0.32519390527166075  0.38194581799330229  0.86052836818631784  1.00000000000000000
  0.00007754767989776  0.00010045869008818  0.00012123071525149  0.00014371573843536
  0.00016881293488291  0.00019682747402676  0.00022629444950695  0.00025706611249589
  0.00029083696398817  0.00032872359478259  0.00037014422614338  0.00041482986991127
  0.00046360705772759  0.00051759303108516  0.00057413054305839  0.00063164501332797
  0.00068852235902015  0.00075160461805431  0.00081780013973456  0.00089313899653548
  0.00097614825912135  0.00106279073129786  0.00115075280869288  0.00124155571568611
  0.00133410630708098  0.00142961646036585  0.00153218659241658  0.00163219670930233
  0.00173828810387965  0.00184280910917310  0.00197034986039088  0.00210692375567910
  0.00225228407770189  0.00239794765739275  0.00254197738012417  0.00268795668017973
  0.00284126875355579  0.00300340184749650  0.00316956149646324  0.00333248587443777
  0.00350540040454472  0.00367178414679289  0.00384405720424248  0.00401775215433654
  0.00420591604323783  0.00440884867548990  0.00462117266053579  0.00483475472636021
  0.00504380458006462  0.00525463343581012  0.00547199732504075  0.00571136587724246
  0.00595447424526112  0.00622301818504122  0.00650978150470437  0.00684746609166221
  0.00723692060319500  0.00762809867700414  0.00796628485275451  0.00830060529673456
  0.00861614684486108  0.00897213528571956  0.00934886108063766  0.00974631229005337
  0.01015519502085348  0.01055554875240374  0.01107641025819473  0.01166655196539703
  0.01230912509731565  0.01300838455518670  0.01373095488467233  0.01447115655439947
  0.01527539751161705  0.01611851698426358  0.01695856218857639  0.01793216144526442
  0.01912387178356247  0.02048905189475314  0.02193574248042005  0.02340503289667773
  0.02492131495258137  0.02674559712405218  0.02883886589083533  0.03096877839136658
  0.03325407081355992  0.03579538006330502  0.03864803302430637  0.04204219707445184
  0.04597461373015615  0.04982685434635211  0.05519425664424786  0.06660778850633930
  0.08504245087701599  0.12267490257588584  0.69248308303859485  1.00000000000000000
 -0.00287939748898153  0.00972999278679341  0.02100475030730636  0.03283239485057739
  0.04372505607706568  0.05368735583255235  0.06345011681232957  0.07350600344262184
  0.08363335602871252  0.09349995914348394  0.10333242707198487  0.11326068231703587
  0.12146201266649465  0.12923813074223989  0.13718906348290086  0.14550018660636069
  0.15508757944404120  0.16541455311316688  0.17497106193536319  0.18475498478256808
  0.19507137614774994  0.20563342894903971  0.21626944149889374  0.22652528890056881
  0.23707707167834691  0.24776863672252861  0.25819642067345366  0.26739753930759941
  0.27673635309636424  0.28601656777101825  0.29463109084790368  0.30270837088728703
  0.31108472603178827  0.31992934247109822  0.32915022593549975  0.33787555311234335
  0.34648868671952804  0.35465085948229441  0.36268348045214499  0.37032641050295922
  0.37800445714669373  0.38607758964406408  0.39473250008164784  0.40458046048486662
  0.41480472929883733  0.42480070175147822  0.43482547594765242  0.44460368866790201
  0.45425935551262864  0.46417172534430468  0.47393520233913533  0.48314835212256457
  0.49236963112228482  0.50206417261969727  0.51143180228062568  0.52063523007394741
  0.52863715907870690  0.53662394595609375  0.54434194902177202  0.55228592026911405
  0.56038734323599548  0.56785840441965441  0.57518679405208095  0.58229762258903639
  0.59006127620250437  0.59788580925408974  0.60630166322456547  0.61676614867006618
  0.62811818406821007  0.64060913716596812  0.65238507094712872  0.66436387595136925
  0.67664536121048768  0.68869837254250010  0.70156700336185207  0.71327154409393556
  0.72340700686178616  0.73258538683791230  0.74200793743596716  0.75136052221635075
  0.76064013707425160  0.77066274654139955  0.78467410963748341  0.80022891139950802
  0.81456360148224793  0.82811303884622911  0.84103348017944124  0.85462408500932119
  0.86956031344315532  0.88515705080150053  0.90063375540976098  0.91778040644518943
  0.93705568723124533  0.95743680940713061  0.97755046483387831  1.00000000000000000
 -0.00235588882005253  0.00927637091496116  0.01907175470293606  0.02975179577096079
  0.04029608237994124  0.05011342861236075  0.05998539177711534  0.06976437001353337
  0.07951150510128682  0.08890920320945049  0.09807462768958730  0.10778430750498738
  0.11721534593119171  0.12733480961181198  0.13744717548693669  0.14822143840763127
  0.15870547554318262  0.17083588339310984  0.18087638037432213  0.19062242588043762
  0.19989903928727487  0.20915994117185660  0.21737573514983052  0.22565839514554267
  0.23438001336609307  0.24433447311328552  0.25389865611570339  0.26328999672746495
  0.27313851153984209  0.28427469794750787  0.29634295638831626  0.30929858809847272
  0.32178882570652528  0.33355185025817496  0.34517704274625954  0.35714647092239615
  0.36953724466235754  0.38418509047111754  0.39766546661307545  0.40987322121266123
  0.42187852475655552  0.43335987484185379  0.44588227342674780  0.45724038103600395
  0.46849658891087387  0.47990214974276574  0.49206028033104948  0.50401092222025212
  0.51580533844603760  0.52662397237070657  0.53654125859457258  0.54659504423784500
  0.55715322669269474  0.56797609085789613  0.57845035854612248  0.58956575833563973
  0.60090215340676356  0.61153075042467864  0.62159549961913774  0.63018808848068875
  0.63802980004720944  0.64628045028149528  0.65558764368997891  0.66571196837807145
  0.67578733072983721  0.68590741319672976  0.69691115934933112  0.70880673725044741
  0.72000581899832894  0.73046057196953973  0.74005988902137265  0.74976561506789197
  0.76122989420421683  0.77259449033418048  0.78402739318093739  0.79571905872450976
  0.80928495712982362  0.82287461859056044  0.83607077722403378  0.84825525602441310
  0.85928191152935529  0.86963278199834260  0.88030988348759664  0.89120198478021551
  0.90176246499143198  0.91246167369524933  0.92176052696907596  0.93071970845876606
  0.93932024102616751  0.94700105277895108  0.95524231455067488  0.96459774277171750
  0.97399295887194937  0.98342977816350696  0.99187045166578780  1.00000000000000000
 -0.00660679994154075  0.04084712158076045  0.07642027636907363  0.10882404375123332
  0.13833947619544457  0.16553863999847448  0.19216201864569227  0.21682490621573561
  0.23914485261774943  0.26006860901095857  0.28150727340651804  0.30318048118830049
  0.32357144707181679  0.34408044281668326  0.36408690035684221  0.38226175332399892
  0.39892599064051193  0.41399684958624988  0.42808700559077262  0.44251262340889902
  0.45717078020232443  0.47074965355274123  0.48371287790413930  0.49723575538573550
  0.51075511940152263  0.52376852974743537  0.53718273101977954  0.55132684750945771
  0.56582002908746676  0.57939688487316854  0.59134531541794677  0.60279771665347592
  0.61500506062702132  0.62728306952544344  0.63864773112970474  0.64915759681743457
  0.65943630142041343  0.66960018672373134  0.67968899683965556  0.69020043717313750
  0.70053761833186934  0.71020099991346353  0.71897839802916708  0.72732206797964039
  0.73571577661670273  0.74442768946239690  0.75312062603252938  0.76119818449363685
  0.76850859064966270  0.77586871574550031  0.78376872497198968  0.79137313587667113
  0.79834261675514395  0.80461463063615402  0.81065519000293662  0.81631009256175557
  0.82182631726415944  0.82743860048700069  0.83302999452258930  0.83837223710469078
  0.84388788988601260  0.84957759417506806  0.85502924694338778  0.86028780823509943
  0.86554964014473723  0.87098327774006568  0.87637450747768042  0.88151935250642000
  0.88645934254102010  0.89130836125716684  0.89628401365252952  0.90128554849997200
  0.90607687531025793  0.91062896296841056  0.91509761088386732  0.91964958091501370
  0.92414148146474262  0.92897529515227062  0.93404149016178939  0.93860949873004396
  0.94256936319760010  0.94610899862028397  0.94926965428858823  0.95264134297365999
  0.95611951043503540  0.95996985677320723  0.96419442125794652  0.96880752926347347
  0.97298602353773878  0.97717390322922926  0.98094846181384832  0.98476911340061046
  0.98861419340155343  0.99240849732695902  0.99612204600412857  1.00000000000000000
 -0.00243734872384664  0.01047193105137235  0.02186701616440205  0.03357894839621980
  0.04464355874597289  0.05516858566459003  0.06575382929778846  0.07647192817489076
  0.08730462461157186  0.09749339331724410  0.10722888786122425  0.11681361576562571
  0.12734675252781852  0.13850380262980802  0.14884773200534820  0.15861503003078509
  0.16808482149039011  0.17823080491169513  0.18811944095870503  0.19756209936322297
  0.20701187565255230  0.21664664894340346  0.22660889475811127  0.23776774757659225
  0.24929501374415003  0.26063087310914368  0.27189722755112861  0.28357103567030068
  0.29546933315466656  0.30604003484843773  0.31545393861003046  0.32487068332176822
  0.33403165328250622  0.34342809400926100  0.35437557869958691  0.36529694915673899
  0.37574887039299804  0.38503796885165320  0.39405052420943559  0.40392896123607536
  0.41502896769702025  0.42665738334610176  0.43753848442171228  0.44774922732159339
  0.45785862947122347  0.46841232519546494  0.47960170241272015  0.49119615645165027
  0.50293532627883386  0.51440427446647174  0.52512669066827411  0.53614452645196076
  0.54805353753323616  0.56037482183922838  0.57186471584303955  0.58302050971452046
  0.59404838858380149  0.60518138188815152  0.61581814745617780  0.62617812510332937
  0.63627462914981447  0.64630647361544769  0.65638267814870510  0.66725313626788652
  0.67845078857004404  0.68941074310255279  0.69990800236314143  0.71063975582532102
  0.72219612409699330  0.73381268006604183  0.74482685007654159  0.75462260872327669
  0.76488218700406529  0.77498810576418897  0.78590665805762583  0.79620780058933760
  0.80521777722733945  0.81387018735807404  0.82254819164809412  0.83250175174383845
  0.84295594767209758  0.85314799149433462  0.86402877417328450  0.87628777981653527
  0.88875253220100892  0.89969182306590822  0.90973792544689314  0.92034058909666439
  0.93159679705187837  0.94189438935845315  0.95169055325902463  0.96088266854149396
  0.97030810651331678  0.97979728637266350  0.98973121189348079  1.00000000000000000
 -0.00309705984081225  0.01183876596114223  0.02325009030152703  0.03306455179482230
  0.04238438385796219  0.05194066773338547  0.06226163557744036  0.07334608224570245
  0.08428564138212054  0.09616189768517965  0.10813303117040894  0.12006027438089870
  0.13172357323592176  0.14307101617789150  0.15430002626202741  0.16503354605024284
  0.17458410486099765  0.18383318882250071  0.19357093698501765  0.20461811512075564
  0.21454019737599483  0.22440394651953424  0.23490794273919496  0.24502549797862744
  0.25475377317749598  0.26434802376789102  0.27452594590864399  0.28471578339673076
  0.29519774235605345  0.30662155866619278  0.31830522239993170  0.32916781452321564
  0.33939915712728369  0.35067663044748221  0.36298433867592739  0.37463261533333458
  0.38465158705589342  0.39430478766617383  0.40470936251699563  0.41577910293029785
  0.42701135742584367  0.43849336616070084  0.45040234026931386  0.46040235745734714
  0.47002537602278122  0.47972211518826857  0.49135214056688103  0.50287219689972162
  0.51394116173323789  0.52421520360387952  0.53387625969528274  0.54389047297199689
  0.55469269840543234  0.56584491684541582  0.57692533171565674  0.58757548723237429
  0.59744780934393249  0.60789213892183669  0.61864252270871933  0.62906767833794930
  0.63953403883550319  0.64974016546867830  0.65962686522613390  0.66932889883366298
  0.67888954449939587  0.68936737218941802  0.70021721606399800  0.71061993994773442
  0.72139622254657665  0.73086075058814781  0.73954711875213131  0.74859278020206799
  0.75808872975920216  0.76750088016522222  0.77673309412689007  0.78647703677526781
  0.79607494552705493  0.80546305443850774  0.81443481789255057  0.82359821288759150
  0.83360103923535245  0.84360127812742713  0.85364865691717740  0.86466793118400853
  0.87620737733909049  0.88777231831182735  0.89903469985512652  0.91014331753589917
  0.92158522546012411  0.93342359657475615  0.94545735751231652  0.95682278578114255
  0.96820795661105596  0.97913830768100230  0.98975846295648284  1.00000000000000000
  0.35438947167197493  0.59492640654087092  0.64031200750525541  0.67034814822638600
  0.69728263823501280  0.72261097216877834  0.74451152508685958  0.76265820077170621
  0.77725263428365499  0.78985442659925087  0.80094718255289454  0.81163438628252738
  0.82114417696842845  0.82954383284527033  0.83731432715010812  0.84465503071782944
  0.85162871421210307  0.85754466690805053  0.86290386771729133  0.86843255728876567
  0.87403249416572815  0.87885047284119955  0.88326457589414498  0.88750012130588984
  0.89166640263629870  0.89565593906700425  0.89936364715426398  0.90285873577764020
  0.90619875866410782  0.90948018440708056  0.91269273651214800  0.91577409669459375
  0.91864444633082742  0.92133443496860057  0.92392764869432942  0.92644071632425129
  0.92890957529470819  0.93124717454259032  0.93343324616144008  0.93559707993017349
  0.93769738969151029  0.93950254041020820  0.94118366507122031  0.94275376049986437
  0.94428581856249094  0.94574395427192848  0.94725769558782391  0.94878610360533755
  0.95032009184835775  0.95187377832624298  0.95337460960802078  0.95478283307072975
  0.95610939291949648  0.95752452982238256  0.95883804766281744  0.96005719645667154
  0.96127601214935454  0.96251906942991994  0.96367530426675252  0.96474497514028390
  0.96575752852125252  0.96677423648770622  0.96775365397667712  0.96870742223298900
  0.96966830197074483  0.97063795541042430  0.97162672987590393  0.97257961915360780
  0.97349728129826674  0.97439127452052698  0.97526977497051714  0.97611590091819744
  0.97692650295268357  0.97771260488354605  0.97850260726767957  0.97922076685484927
  0.97994472784534126  0.98069299099390839  0.98145051777422698  0.98217800891308993
  0.98289043504463880  0.98359534683612593  0.98430716599286194  0.98503669016142537
  0.98574503770439559  0.98645052710077552  0.98718244308372916  0.98793957495377238
  0.98871512055153687  0.98953436879988332  0.99044688215457799  0.99143289946004864
  0.99254842488416539  0.99391679978039649  0.99602271212814297  1.00000000000000000
   2.4887892347070228E-008  -1.0000000000000000     
 F F F F F F F F F F F F F F F F F F F F F F F F F F F F F F F F F F F F F F F F F F F F F F F F F F F F F F F F F F F F F F F F
  <DiscreteSampler_grid>
  grouped_processes
  1 # 1 for a reference and 2 for a running grid.
  10 # Attribute 'min_bin_probing_points' of the grid.
  1 # Attribute 'grid_mode' of the grid. 1=='default',2=='initialization'
  0.0000000000000000 # Attribute 'small_contrib_threshold' of the grid.
  0.5000000000000000 # Attribute 'damping_power' of the grid.
 # binID   n_entries weight   weight_sqr   abs_weight
    10   10   4.503254303733123E+001   9.932781051692204E+003   4.503254303733123E+001
  </DiscreteSampler_grid>
