  0.00450532127742902  0.00737746285436057  0.01473279969687262  0.02285066815013987
  0.03129560163255370  0.04012045899329237  0.04908298705129484  0.05829867575170956
  0.06790430787412749  0.07964591993118190  0.09062306677307840  0.10202360635973121
  0.11392751712682644  0.12418194556866448  0.13280582909559971  0.14111334289281516
  0.15003419903143680  0.16139590556751413  0.17305861583395626  0.18449310927365317
  0.19671712839176855  0.20941396730811351  0.22107845789031061  0.23224406761899180
  0.24327010646496258  0.25458413147952691  0.26588617953780130  0.27761604337209123
  0.28994597041246289  0.30132423237074629  0.31265189284163980  0.32416552700208978
  0.33501860738294353  0.34500265069750186  0.35568586515365702  0.36785703836661343
  0.38014642124568393  0.39181391075647992  0.40364046120901897  0.41594285947976395
  0.42912165559139009  0.44208469433591308  0.45406948362023192  0.46669597118517947
  0.47875835229913283  0.49043289993387928  0.50143936301160497  0.51289923865722820
  0.52419344052749317  0.53458648372217998  0.54567598564896380  0.55714761761668985
  0.56931302660455441  0.58034593273018231  0.58987599965109028  0.59880155464603302
  0.60802633026284170  0.61795372943769078  0.62814250651089076  0.63809458372422267
  0.64841162621970994  0.65946820391149430  0.67103367197365149  0.68375215473282736
  0.69604991916507697  0.70870055800439669  0.72144031882646942  0.73434513418023573
  0.74676548589467873  0.75929900716210130  0.77181823442354425  0.78465614321681310
  0.79742717964478482  0.80782466318807866  0.81784225454220882  0.82771703670240560
  0.83756065291283188  0.84773121213298019  0.85744322696020625  0.86831933377283255
  0.87863381840282806  0.88717328811297258  0.89642928279111456  0.90466681775588687
  0.91276617016491135  0.92176365139792815  0.93029880608787507  0.94012132630806777
  0.94953232187570413  0.95772833130104040  0.96456680023378605  0.97132704292000271
  0.97870640657383523  0.98534689498809480  0.99197967843477708  1.00000000000000000
  0.00001471854617577  0.00002683199075062  0.00003273930511733  0.00004438425591830
  0.00005576571816735  0.00006939752113311  0.00008118449469554  0.00009388163031297
  0.00010977652880372  0.00012482665557239  0.00014510031266306  0.00016762730991144
  0.00020015247667447  0.00024018941019327  0.00028455345578632  0.00033306685513262
  0.00038839386113497  0.00044933946544230  0.00051031703457796  0.00057805187723042
  0.00065799048764077  0.00075328308487791  0.00085661392688066  0.00096627648048183
  0.00108206224054703  0.00120523512015318  0.00133949814064313  0.00148540355621264
  0.00164055516892931  0.00180635042229859  0.00199191889687528  0.00218817318276518
  0.00237821959884508  0.00256191364696522  0.00274604613525382  0.00292936683075728
  0.00312595456308364  0.00333131733902196  0.00355289708101647  0.00380601781223586
  0.00406663993855998  0.00433033464736571  0.00459361046725142  0.00485139145002337
  0.00512438728651309  0.00539901948921943  0.00568701947640311  0.00598877592613357
  0.00629133577450448  0.00656143729965452  0.00683406769133916  0.00709407481434035
  0.00736429793801515  0.00762052378939599  0.00788399443812094  0.00814687482965565
  0.00842367733129644  0.00871188986448070  0.00900197156627251  0.00941572983455525
  0.00987088394788888  0.01033171583334282  0.01081116277605432  0.01133344003470145
  0.01192439522612007  0.01257125771797114  0.01324102958114129  0.01398724211414525
  0.01476498097533986  0.01552081505752606  0.01631591046094039  0.01695815064367945
  0.01771845283361424  0.01878208283256572  0.01981756865220250  0.02083544346590982
  0.02241003174401222  0.02403196883562396  0.02573406961697114  0.02765628946893958
  0.02991402303034001  0.03267610468335046  0.03477557197842627  0.03650209208204342
  0.03958572785396541  0.04319648899514923  0.04770130690797113  0.05274808857806708
  0.05949108510651430  0.06817951491128377  0.07731063686791435  0.10326461441113742
  0.11412186834846538  0.12022764869447401  0.36144495465099430  1.00000000000000000
  0.00000758804579797  0.00001194315997843  0.00001719089628888  0.00002484518807524
  0.00003518844082097  0.00004743901060385  0.00006210219684843  0.00007868466027770
  0.00009447117770154  0.00011030913165519  0.00012844149511921  0.00014799522336826
  0.00016835838901365  0.00018861928590873  0.00021031708266268  0.00023385805638408
  0.00025940666711310  0.00028702638956689  0.00031806914141940  0.00035044585352286
  0.00038276649356187  0.00040883189587934  0.00043161083333384  0.00045646021097523
  0.00048140688907433  0.00050798330389819  0.00053773725121226  0.00056982447340256
  0.00060605905339679  0.00064858285461008  0.00069351051306447  0.00074237343135626
  0.00079377545896519  0.00084600028713608  0.00090104295351127  0.00096194189036315
  0.00102823047231359  0.00108639265798007  0.00114850234516200  0.00121290368175949
  0.00127654458732439  0.00133938802420448  0.00140127493610805  0.00146464816984614
  0.00153023809281068  0.00159448622661438  0.00166910572964916  0.00174671004377738
  0.00182659706162748  0.00191649280266523  0.00201360962999108  0.00211947781451776
  0.00223672309312279  0.00237217989702809  0.00250968569610644  0.00264127179059575
  0.00279466341989677  0.00296111350749344  0.00311636592453182  0.00325359379830553
  0.00338105270975542  0.00352382067004574  0.00367041103522141  0.00384223022293678
  0.00401668615195739  0.00420027344562232  0.00438045542466301  0.00454550468404961
  0.00470584137431583  0.00488684859515557  0.00508925035770861  0.00535056591692810
  0.00560347502681647  0.00584159909705042  0.00608915141160036  0.00634616543758300
  0.00660167660496111  0.00685604998003424  0.00715885960194208  0.00758412204510059
  0.00804359232676363  0.00858556816833131  0.00910671323439101  0.00969562627430917
  0.01043294889442851  0.01125802130319734  0.01208514811795872  0.01279396165956459
  0.01359761491741084  0.01449914346631069  0.01573308035023381  0.01773518168179102
  0.02008694333889636  0.02255672079360130  0.27818008967984637  1.00000000000000000
 -0.00445659000013904  0.02259829745307375  0.04396357785594497  0.06086511106856953
  0.07474070762711693  0.08954408140613299  0.10309823861884508  0.11872466469291135
  0.13457145979532989  0.15026902376497078  0.16408908734264210  0.17855568210683864
  0.19329356083296906  0.20705204976634697  0.22096020921807741  0.23540041348800936
  0.24976161580169309  0.26020064019520217  0.27022416952593914  0.28071192971320363
  0.29130954515199342  0.30131659736074573  0.31126783562412830  0.32179702126034787
  0.33263517908411622  0.34297949168729119  0.35352537266291928  0.36404649912981207
  0.37519312471419808  0.38755131056103426  0.40059169350206825  0.41351762112026980
  0.42575797852062935  0.43683980224012525  0.44730712827584346  0.45758278952755266
  0.46803476683390521  0.47865967882354221  0.48917322035516780  0.49988981667310861
  0.51108437071693991  0.52237014758875477  0.53328525558562889  0.54373592574267160
  0.55488277724285417  0.56445941956525680  0.57303502619250524  0.58124348397012127
  0.58986422735109922  0.60007570450259140  0.60997292620349930  0.62008011442912858
  0.63068721595539912  0.64088067353628453  0.64938046745044542  0.65726962418767620
  0.66522264130174924  0.67405537252608361  0.68342878309702437  0.69366914966181437
  0.70444831970523780  0.71300480015517509  0.71974091321403388  0.72673857830543021
  0.73399281566884955  0.74122256695665800  0.74814354714370190  0.75514838771149861
  0.76246161528759904  0.77044180966583087  0.77893652463871732  0.78749798617904643
  0.79626722098608760  0.80545968697894554  0.81476850815471713  0.82426539929795473
  0.83513124041412756  0.84756472034823804  0.85919302626551153  0.86882503452370607
  0.87672137231522629  0.88372280292063965  0.89035189268453918  0.89743327450018828
  0.90516071978983670  0.91271248913430347  0.92052356503307486  0.92846867006489631
  0.93692059796560745  0.94661446184113640  0.95617183220239754  0.96508350567617140
  0.97387265349799479  0.98260889927276207  0.99136474812273068  1.00000000000000000
 -0.00337158919752159  0.00937108644550026  0.02032549077833466  0.03063717785450995
  0.04169792071813409  0.05207652813698742  0.06290887563808906  0.07417469656577813
  0.08649063481377678  0.10055493679453945  0.11178356260622607  0.12283033305808136
  0.13311799900718041  0.14205291756570276  0.15200997344713235  0.16229335054710997
  0.17317283248121998  0.18503917154719621  0.19821395259963778  0.21069228487907488
  0.22121895837084746  0.23101050283420477  0.24125125080319942  0.25249438580266437
  0.26431305548667183  0.27666563489748308  0.28899382504432686  0.30206772206119298
  0.31373137456945821  0.32436958630979040  0.33532263188036426  0.34680934097152388
  0.35698035195983446  0.36744626229351690  0.37604013739720921  0.38475787873105360
  0.39445335792061925  0.40454017432593853  0.41457567188243610  0.42345195989353557
  0.43205934098279059  0.44025393100751398  0.44801533715711195  0.45563828521958744
  0.46327299293617824  0.47097221628820507  0.47957979334060319  0.49034432614593848
  0.50213654204213420  0.51360250947240937  0.52542977633778898  0.53770703753085503
  0.54893513662478466  0.55905429463045375  0.56839750824473956  0.57911205816749112
  0.59078377281098682  0.59979510703918726  0.60829962765943180  0.61588084016630007
  0.62413231134962988  0.63243481175433758  0.64094954461114617  0.65066126672477909
  0.66177969008895887  0.67400978470961670  0.68701893706926032  0.69973380453981349
  0.71211669630339347  0.72427942362138975  0.73687656031073678  0.74905828414391551
  0.76047430951355033  0.77170414575352797  0.78234474917366270  0.79335434581765207
  0.80476778734822063  0.81610076914042828  0.82759367642164172  0.83947814570192758
  0.85181519913005854  0.86285025207003807  0.87252144552797761  0.88178148551775881
  0.89097561892542632  0.89968796779895155  0.90799853918685414  0.91626869701298141
  0.92583238462106099  0.93556939337945000  0.94436673332304188  0.95413184336849977
  0.96412108604082258  0.97499274406370651  0.98719930386397781  1.00000000000000000
 -0.00238492742841081  0.00963737163439017  0.01926057705401122  0.02866715193491341
  0.03760911668614739  0.04761035658256852  0.05797588805264784  0.06900228996808201
  0.08041066542977689  0.09256920282422948  0.10502823891497630  0.11678426111756957
  0.12748707075241020  0.13762653897956786  0.14818277903561355  0.16030260220213605
  0.17406638609246242  0.18847673588862435  0.20209935761552478  0.21462133692393204
  0.22665828915191868  0.23824322323930072  0.24899955226820450  0.25896326923958479
  0.26881198492292457  0.27807742871421981  0.28792299448627079  0.29773932242514378
  0.30756158063834627  0.31754538356788159  0.32726983261356957  0.33795100172119713
  0.34837467969632957  0.35827704212380568  0.36797082161925054  0.37833268157339089
  0.38948152908851613  0.40168464250143804  0.41327429812823863  0.42481566535250898
  0.43592257757704883  0.44750890635790830  0.45929697548475173  0.47107413391508568
  0.48256654327387632  0.49358719503748266  0.50449192250982200  0.51599367079537584
  0.52815216635461726  0.54041515702293164  0.55266720133872715  0.56425486896672428
  0.57485216792962690  0.58400346652278534  0.59130631517595911  0.59796349696948548
  0.60533396968943565  0.61263760515583732  0.61928725150334740  0.62608573942240719
  0.63300688694582197  0.63930888324481605  0.64499547953344860  0.65169127089239698
  0.66082417871317245  0.67087509713176940  0.68236681132535071  0.69273008790394464
  0.70308985558417447  0.71275647412642129  0.72215650007771659  0.73172047467820822
  0.74164453116506901  0.75228611046367433  0.76265205848301210  0.77229803754230031
  0.78202789271663098  0.79235274600211658  0.80264784450797566  0.81204155976300740
  0.82237443769361729  0.83315493809179231  0.84405958322963537  0.85594687732027674
  0.86847597942040700  0.88124694706086504  0.89360307070965983  0.90517384050627914
  0.91758048336141607  0.93126247805358275  0.94488485307424086  0.95737174977743467
  0.96885931330377006  0.97968901638103012  0.98999990025840134  1.00000000000000000
 -0.00054835195677004  0.00234504586479336  0.00445515879536525  0.00637850903432084
  0.00799897422269937  0.00947580579521450  0.01096234541134428  0.01250590724146255
  0.01382024537537987  0.01505028197801262  0.01627140747639813  0.01755591544472822
  0.01879816489036873  0.02001781479339809  0.02123781838598462  0.02252767680273414
  0.02389545669622541  0.02526641781367493  0.02647817498292826  0.02771148009676608
  0.02897189741306723  0.03031608815786526  0.03171848236552798  0.03300863737005329
  0.03422156945512364  0.03541180489916201  0.03663382932083605  0.03799280286228725
  0.03943424344905240  0.04061938385695454  0.04164017939174043  0.04252001395333055
  0.04344696358408599  0.04450576998042888  0.04602567197039443  0.04744787256962938
  0.04854448600779264  0.04950198262232369  0.05039887249584097  0.05147694946830181
  0.05272476449023888  0.05387798248107330  0.05473545308439966  0.05546333812191563
  0.05621856720345240  0.05700885578373209  0.05780685102990124  0.05877097160452791
  0.05966019499769879  0.06060655117251408  0.06174448713846029  0.06310840502454897
  0.06443553691135236  0.06543104371406495  0.06622776588766023  0.06697268765707018
  0.06768537426795598  0.06854146328059664  0.06966149279354136  0.07100776488786704
  0.07266573120547015  0.07496385199462818  0.07606190106339222  0.07724095457955729
  0.07884333124609311  0.08158316897141792  0.08350333032119624  0.08586328205167926
  0.08801777279141082  0.08961562426417539  0.09036237348061017  0.09104996175187934
  0.09155980856749085  0.09207045751048926  0.09260811351896592  0.09314576952744259
  0.09455095118662993  0.09545768193794479  0.09815330286127033  0.09991840868442159
  0.10066137619061788  0.10171899706422945  0.10297977876191156  0.10436071087325122
  0.10674928946364752  0.10989133501474239  0.11296569764966498  0.11577664618761628
  0.11826499847007808  0.12050761216547989  0.12253638817179321  0.12496897848445361
  0.12964873144398453  0.13983833833400722  0.64903794061898856  1.00000000000000000
 -0.00178305359681345  0.00675573374343410  0.01545530541041537  0.02405700727790709
  0.03275879085630636  0.04203030141777402  0.05007587444022393  0.05714626285185329
  0.06562209368995348  0.07414891163175315  0.08280487760982497  0.09188344441635363
  0.10022495071703974  0.10995328370397121  0.12062984427338258  0.13051612039826679
  0.13962140413582375  0.14784390840978809  0.15514240848907601  0.16269327803534339
  0.17076033359237858  0.17910834299935680  0.18647878565423137  0.19536943582171420
  0.20484649610813030  0.21543377882936665  0.22758926090896722  0.23978793406198015
  0.25273553336620719  0.26621796299103534  0.27896679730300894  0.29128648812780722
  0.30063048960993233  0.31077932323548318  0.32128507177808391  0.33159136877903567
  0.34122455834524357  0.35100104853250980  0.36210778647380920  0.37409858657488032
  0.38512214765946728  0.39652797240981202  0.40831187844100725  0.41943146628177658
  0.43005685179980302  0.44129268618752093  0.45332027978363437  0.46569697887585276
  0.47870741594772509  0.49294964164325539  0.50760235568133216  0.52158303722900634
  0.53449644069154312  0.54660509271289948  0.55768658571992091  0.56825432374897467
  0.57896302091428842  0.59079507050311109  0.60481870662289416  0.61840546094855209
  0.63045625286703200  0.64123503749308797  0.65206671967042351  0.66325235094675217
  0.67463149496052421  0.68659942583207334  0.69812087920377031  0.70940909121129658
  0.72039931767281151  0.73118984006236531  0.74147870751182765  0.75123105812952673
  0.76167162614690198  0.77245410049650109  0.78387600599229335  0.79521061576092100
  0.80627985742994068  0.81751703696486200  0.82861774556227064  0.83937573595556902
  0.84942105969088677  0.85913474336243723  0.86904731850301153  0.87951806959243528
  0.89031248413449704  0.89985464332140075  0.90874182015247063  0.91759440619014820
  0.92690768100474097  0.93698723053130439  0.94718179945325154  0.95670670499811195
  0.96608022112929259  0.97630993245438624  0.98760297495887472  1.00000000000000000
  0.03748258052208084  0.64123296483929204  0.70373615063134898  0.74629018542081238
  0.77658755840846416  0.79940615600587650  0.81936207912237169  0.83554277823786050
  0.84846454369597901  0.86005341966359317  0.87029724477331460  0.87889881491305610
  0.88634779710292844  0.89366637619900358  0.90021843796892720  0.90592709219370837
  0.91106024815557585  0.91572455794689789  0.91994904610661865  0.92389284594023724
  0.92774086347358553  0.93147074933590213  0.93504348285416805  0.93809607503893266
  0.94055967685355502  0.94299875042432646  0.94553759390423842  0.94798273854801529
  0.95028764297042367  0.95246075960020593  0.95462770321529267  0.95670656559145861
  0.95845372490228875  0.95976023108166431  0.96091033772737466  0.96203830264317658
  0.96310715228698029  0.96414078598148822  0.96512948625184136  0.96617366046414777
  0.96730684369727027  0.96853096010878692  0.96978215840946524  0.97094660328052151
  0.97203692551330967  0.97307523637160964  0.97405506209549231  0.97497192834042534
  0.97585319864169173  0.97670570755292752  0.97755664251241603  0.97841294709020843
  0.97923476651545394  0.97999696377154466  0.98068378291068325  0.98135497743148481
  0.98201202459167924  0.98265603432297033  0.98327555011117029  0.98387217147890071
  0.98447387298694422  0.98508692297180356  0.98571763676556756  0.98630014708774005
  0.98687443741557268  0.98741386998972658  0.98789347286319185  0.98839430980038356
  0.98887376168359442  0.98934100547943349  0.98976303671600330  0.99016727767342405
  0.99058864643027222  0.99105788724224964  0.99154965690572106  0.99203237816979906
  0.99249487294255012  0.99293380438095968  0.99334596134073339  0.99373868358593520
  0.99411455040713892  0.99448081626763463  0.99484832794919342  0.99517685428128211
  0.99550157456741883  0.99582028411891765  0.99612367614880970  0.99643191607927251
  0.99674698161763808  0.99708782233407633  0.99741846036200266  0.99774228650981278
  0.99812853493632048  0.99854855451448365  0.99903412753380127  1.00000000000000000
   4.9298870307554526E-007  -1.0000000000000000     
 F F F F F F F F F F F F F F F F F F F F F F F F F F F F F F F F F F F F F F F F F F F F F F F F F F F F F F F F F F F F F F F F
  <DiscreteSampler_grid>
  grouped_processes
  1 # 1 for a reference and 2 for a running grid.
  10 # Attribute 'min_bin_probing_points' of the grid.
  1 # Attribute 'grid_mode' of the grid. 1=='default',2=='initialization'
  0.0000000000000000 # Attribute 'small_contrib_threshold' of the grid.
  0.5000000000000000 # Attribute 'damping_power' of the grid.
 # binID   n_entries weight   weight_sqr   abs_weight
    10   10   4.371221965798637E+001   6.275321552869033E+003   4.371221965798637E+001
  </DiscreteSampler_grid>
