  0.00259111923685880  0.01626944572736895  0.03116277729883121  0.04497054263318339
  0.05925830866928353  0.06925224340725734  0.07897955591216038  0.08843165918898808
  0.09862552601542923  0.11038066925447104  0.12083336233271813  0.13064009407225258
  0.14119350625781538  0.15162695046411026  0.16215707503983839  0.17325225265321845
  0.18471438836718107  0.19630816577182722  0.20786626049755036  0.21928168065162995
  0.23089611870013493  0.24274272272899167  0.25397835211538861  0.26382888268746585
  0.27404579337567059  0.28451338044190178  0.29541139945132833  0.30703562963007247
  0.31832265932921455  0.32741104565270140  0.33519527178427438  0.34273696305434581
  0.35044559931513986  0.36019892991689256  0.37320579248466518  0.38593905088206082
  0.39804983116196613  0.40878606528025302  0.41925058765996659  0.43003819278369526
  0.44239450601168601  0.45560184128365766  0.46651796320569894  0.47606988648441129
  0.48574481860670893  0.49566173517189233  0.50560295874023564  0.51525412690919470
  0.52500979324213004  0.53378397844082559  0.54363793239495761  0.55417953168552381
  0.56587834376523916  0.57835753704271475  0.59071863984780848  0.60277807733785060
  0.61408977371433238  0.62511037814464776  0.63601164335621663  0.64673094600095060
  0.65756049911448200  0.66904940120545453  0.68217011270727035  0.69508182109281424
  0.70796306807485421  0.71970944202406095  0.72953055763576025  0.73875640239184859
  0.74880838760660451  0.76033689462938647  0.77247305451794890  0.78508450449219025
  0.79742973010449480  0.80884867402405047  0.81883710835355661  0.82681179499122981
  0.83421595373024671  0.84102927968128116  0.84905017696664453  0.85804074379105189
  0.86854960727433428  0.87966918966339036  0.89167628064478865  0.90264259528291257
  0.91358818433638900  0.92419739417731672  0.93446547318818840  0.94444912068254827
  0.95376820415399299  0.96215998212396214  0.96951719677793224  0.97638588804657733
  0.98263503604158309  0.98816797900608677  0.99190439092290994  1.00000000000000000
  0.00000756011488460  0.00000891327274653  0.00001070785193746  0.00001354828483043
  0.00001724428981805  0.00002142976787411  0.00002649750242017  0.00003319567455057
  0.00004081947924982  0.00004952791813639  0.00005967485635251  0.00007052540749993
  0.00008251863253574  0.00009607645334910  0.00011104613941654  0.00012340164020127
  0.00013385229199439  0.00014410580709743  0.00015414618233584  0.00016665755894088
  0.00018177966837241  0.00019710343837180  0.00021393689025527  0.00023189319535973
  0.00025383265473949  0.00027670393681831  0.00030112075634239  0.00032240240367854
  0.00034557621165877  0.00036985578430975  0.00039651801334862  0.00042745419042671
  0.00045981095991480  0.00049309977376108  0.00052828194313968  0.00056441088845265
  0.00060226311335609  0.00064493095285279  0.00068954790468272  0.00073479025235535
  0.00077752761342781  0.00081923300433717  0.00086164630574273  0.00090498392821368
  0.00095094296894964  0.00100205978546162  0.00105904504508594  0.00112109849184273
  0.00118118941285311  0.00123865243948620  0.00129570948323621  0.00135792819874546
  0.00143423638856849  0.00151376089104145  0.00160043000127239  0.00168878537359392
  0.00179256562035104  0.00190465512440359  0.00202098256721030  0.00214068442885905
  0.00227351420594963  0.00242708759414381  0.00258989757238662  0.00274384688376844
  0.00289570356669084  0.00305751283990648  0.00324080806759835  0.00345025528884217
  0.00367519593638634  0.00389945657028560  0.00411177043374777  0.00433721640265152
  0.00455489501255010  0.00492073922543617  0.00523364174152785  0.00556679951795215
  0.00589700062738212  0.00633445956893754  0.00678770069114857  0.00729138302432342
  0.00789997449921764  0.00859370503728691  0.00946093162587796  0.01047466887641246
  0.01165647229145347  0.01358394283575118  0.01702778191110690  0.02122288577864137
  0.02494865004320553  0.02834361902283715  0.03184809121812868  0.03460148893021563
  0.03786731060144802  0.04647147974305851  0.11143172686553809  1.00000000000000000
  0.00000843154160315  0.00000889546363720  0.00000928142742721  0.00000978890895260
  0.00001032043008594  0.00001090503965633  0.00001155764761215  0.00001233251572073
  0.00001316265886812  0.00001405028350966  0.00001500036710155  0.00001607220143301
  0.00001735620206137  0.00001880235028861  0.00002063197118320  0.00002253184796672
  0.00002447515651230  0.00002645719733389  0.00002853605182698  0.00003079564897736
  0.00003332204619290  0.00003612674468345  0.00003915636524916  0.00004247317216253
  0.00004635430533536  0.00005021071306124  0.00005405878336254  0.00005818803066731
  0.00006307443148172  0.00006923574241220  0.00007551095831452  0.00008277581452773
  0.00009053377665249  0.00009962046392658  0.00010879862252778  0.00011774421106410
  0.00012683192440268  0.00013670620265212  0.00014760398122525  0.00016091167349965
  0.00017549451930614  0.00019245942803328  0.00021028282069055  0.00022870639447168
  0.00024769182982495  0.00026627841270501  0.00028480027041183  0.00030551216038444
  0.00033057982276351  0.00035917495530734  0.00038934912048512  0.00042164770101600
  0.00045746830099393  0.00049917496560196  0.00054461098822785  0.00058864348320591
  0.00063313094469942  0.00068144466076085  0.00072979089262810  0.00077365999643706
  0.00081786740208714  0.00086161898388285  0.00092134589339807  0.00100324793318450
  0.00109152156888239  0.00118787360295381  0.00129876642718283  0.00142336407220941
  0.00155240786138970  0.00167437393636657  0.00180265247648026  0.00194128770819391
  0.00209193907905111  0.00225584102866193  0.00252152302379181  0.00283361554751990
  0.00316393873767784  0.00356808126003258  0.00404426162434281  0.00455606132009956
  0.00505804230439186  0.00558621302163349  0.00619977663675666  0.00685333966178904
  0.00762358364100770  0.00852654763085071  0.00960031605919595  0.01079035984812741
  0.01210684570729674  0.01358325176194500  0.01539091476369725  0.01847168985923617
  0.02665557811057077  0.03809284846307579  0.03978991639187109  1.00000000000000000
 -0.00173359983103572  0.00847430269601888  0.01725025997536991  0.02564951228825982
  0.03406021723518398  0.04241749415569642  0.05048652700245743  0.05875278944785414
  0.06735860431511088  0.07662955842609911  0.08657066655743044  0.09725189546606082
  0.10766534219408988  0.11673516263919080  0.12472746300279440  0.13247130640222246
  0.14042817389024279  0.14865974074743968  0.15754816846159955  0.16697938402918111
  0.17632354685033891  0.18516793193404266  0.19380928834439889  0.20294883498617328
  0.21177459085384448  0.21998385073570662  0.22815144936780907  0.23697574366731389
  0.24652436763787752  0.25598979214668927  0.26581123877466278  0.27658857421975130
  0.28760378408842913  0.29886068938296428  0.31039019384076061  0.31992206788162547
  0.32898866067124860  0.33793581390850930  0.34647059608469516  0.35625803681849849
  0.36583067704597461  0.37543996337837399  0.38515845006369526  0.39361583745155315
  0.40226798377522233  0.41103923612870685  0.42127461924096660  0.43308900641582476
  0.44560559677193029  0.45628994704899545  0.46713158073158761  0.47808391403302403
  0.48865178821542693  0.49925268564515324  0.51057992542548147  0.52228012590586015
  0.53362943785479011  0.54576006902542695  0.55909917642561080  0.57245914357513006
  0.58619774565895655  0.59930510805734938  0.61142170370803617  0.62244921996353531
  0.63300009365265808  0.64397700165967220  0.65523222224446487  0.66659693018191168
  0.67722138096744400  0.68745255745771583  0.69903987897537145  0.71059743654101670
  0.72381273468462148  0.73653406689021372  0.74929808972466605  0.75949134609906988
  0.76868147915905738  0.77745420638303275  0.78577195598378158  0.79452497199059291
  0.80295859532033942  0.81123655780937654  0.82121227212520786  0.83483098695633529
  0.84883339226645915  0.86279707309607323  0.87731912246976551  0.88939734725917274
  0.90343208887951532  0.91878352059691903  0.93305123762036912  0.94580452178886387
  0.95774551960763543  0.96924900680225456  0.98235308104000074  1.00000000000000000
 -0.00279409675578060  0.01146100671888187  0.02269707674533641  0.03382527424617391
  0.04394503489164160  0.05560644721118894  0.06602460195927143  0.07713021363343629
  0.08874729561039046  0.10116964112389414  0.10803192794021181  0.11509457229112323
  0.12210134467041475  0.12941262564514616  0.14020904110867194  0.15234818490564858
  0.16479830302763143  0.17567800810822781  0.18595498376951894  0.19430294561827266
  0.20239876984444988  0.21073640371117663  0.21955385909409647  0.22951656610345539
  0.23961628641107874  0.25020912595921380  0.26159243710847568  0.27270102076588887
  0.28378537991102470  0.29427747359292078  0.30576368907683432  0.31728489671798532
  0.32885066460241325  0.33946289535037438  0.34884636280281051  0.35936280447983571
  0.36914765650562625  0.37785743559224771  0.38613191675479369  0.39480763094769128
  0.40499231869871305  0.41620872386309249  0.42639454087474399  0.43586054189491491
  0.44510033397524623  0.45485410180605867  0.46463493474403195  0.47447997134108544
  0.48524607132904418  0.49682172704683214  0.50879424125640327  0.51997131770901284
  0.53090164422386465  0.54129985124261892  0.55199215341960040  0.56278263081345181
  0.57307205966271058  0.58255209165135025  0.59237310435619595  0.60189956882114060
  0.61219331332519888  0.62285661127417602  0.63376589692942586  0.64531287432287854
  0.65692311563768091  0.66861636889407616  0.68023044647050990  0.69194752422220840
  0.70413625495854382  0.71706015746892449  0.72959892797050219  0.74175976403049071
  0.75315056107246459  0.76535476534520386  0.77729410100295171  0.78870341502953190
  0.79974768544433261  0.81086194090792107  0.82179218843696911  0.83156749014510345
  0.84047548962272189  0.84932251586937912  0.85962616331086217  0.87133625349288601
  0.88195461125299668  0.89204557548161001  0.90265180455616978  0.91379522406164526
  0.92548394437344483  0.93679229957622434  0.94866356973915777  0.95854899842473362
  0.96778366817789274  0.97713076175154634  0.98766064111246044  1.00000000000000000
 -0.00322925274048248  0.01245605795475914  0.02369987327544647  0.03455272934613251
  0.04504950704913852  0.05524076940766166  0.06459030126567328  0.07250734688934553
  0.08092546213459793  0.08975000846339380  0.10044149403408882  0.11304757725592468
  0.12553507397445360  0.13681369877836885  0.14665236853946173  0.15560870556810635
  0.16500586384722574  0.17509207638245036  0.18575914617668954  0.19698600104296399
  0.20766985603971597  0.21784058170231260  0.22737789137440723  0.23724520918105008
  0.24549660563860867  0.25426614507599876  0.26289182707055564  0.27251876799219221
  0.28379724254652366  0.29520857740917289  0.30665925325375720  0.31885482464030918
  0.33173251100426182  0.34502815022134709  0.35807412886808071  0.37113558892473414
  0.38539302123675162  0.39800047411479073  0.40905609702170354  0.41933048679952722
  0.42959672900123375  0.44076053860451775  0.45218190423366522  0.46398648863177611
  0.47539037156795455  0.48551819263360824  0.49439480701629940  0.50253765339152801
  0.51082915153952257  0.52058603223452327  0.53025798230849408  0.53951553130711927
  0.54923815598436254  0.55950955495246002  0.56969707377795642  0.57973675291596061
  0.59050405119471172  0.60154053292261811  0.61187962733390255  0.62198807921751864
  0.63178438681166316  0.64122250734809394  0.65189413910244676  0.66298740394703493
  0.67446423768954245  0.68537853422846340  0.69558031907480200  0.70532835225505053
  0.71459832795649825  0.72376270008103860  0.73292229494740180  0.74235930618875579
  0.75201727374768546  0.76055362896535506  0.76929025473793211  0.77893860502736378
  0.78931548318878664  0.80082354897827113  0.81111267263766329  0.81989431594793161
  0.82920031839503683  0.83810140686626611  0.84777525505948570  0.85883562314485828
  0.87087946120377124  0.88397746766725049  0.89676625518402930  0.90948175827509159
  0.92117413930411263  0.93222979604440726  0.94334800950835240  0.95552231056880255
  0.96662775163133441  0.97821194677733736  0.98897806104096231  1.00000000000000000
 -0.00000936716429044  0.00125548251351266  0.00280288069651994  0.00421877890642828
  0.00564028868987263  0.00703646742963825  0.00841886007640348  0.00978161818218923
  0.01110339285452835  0.01242338341303709  0.01378755853487642  0.01517044901258155
  0.01656380977258839  0.01798703333647115  0.01946288063204972  0.02088719926475470
  0.02225963130608157  0.02357570741745564  0.02491207086730923  0.02622126713704550
  0.02742862829680623  0.02868981568633837  0.02996940892854991  0.03120436283085523
  0.03245882023231030  0.03387630497350987  0.03542825814983624  0.03699557813653410
  0.03852459293891922  0.04002715797417404  0.04137318337367903  0.04248591192026506
  0.04363977507855498  0.04472018085884148  0.04565713918160478  0.04665267564197730
  0.04764883242666099  0.04850610344336614  0.05001708682423951  0.05170902523399939
  0.05276298138416331  0.05365898994062320  0.05462185724810165  0.05566240488383099
  0.05672081298561440  0.05791753013485165  0.05916858064321286  0.06050351652866890
  0.06223409039230607  0.06373619958791642  0.06523435600260150  0.06685715742518158
  0.06892562676529801  0.07093794776925437  0.07275466492020147  0.07430935151101066
  0.07580648354316957  0.07743360407325682  0.07974016369332582  0.08141316875252769
  0.08310890181799489  0.08474833486103643  0.08633632112932051  0.08769734200054977
  0.08911595276840915  0.09133852501159413  0.09296438849530433  0.09434668015387139
  0.09578845209434111  0.09770140320552076  0.10097884312893000  0.10238345031395669
  0.10350673557133347  0.10500417432719891  0.10654145163927770  0.10890420775811223
  0.11256292482213237  0.11721999720512492  0.12037414109458783  0.12364523592738189
  0.13260551718767277  0.13536702380346058  0.13817265671603743  0.14300472641018794
  0.15648462489284481  0.16386620554938414  0.16695067192347682  0.17003513829756947
  0.17311960467166213  0.18734461228218433  0.21355776498019258  0.23977091767820083
  0.26598407037620908  0.29219722307421730  0.34515670781581537  1.00000000000000000
 -0.00369485508338793  0.01707022899983457  0.03229135268144891  0.04781982313393523
  0.06284793875675461  0.07853800528060556  0.09266984900448746  0.10810256438721726
  0.12241358429284860  0.13682931380233365  0.15133109547765011  0.16767179316377429
  0.18259050519281755  0.19645667230808192  0.20871083483624009  0.21939644511873851
  0.22974300583315080  0.24064576496971926  0.25267684681462294  0.26492104943289141
  0.27787033241065451  0.29109832536418728  0.30328863033051889  0.31292770926247082
  0.32153856966991085  0.32951271568975526  0.33731400925013849  0.34569640540420055
  0.35354951658600026  0.36180414072047484  0.37011806073794373  0.37874388102678835
  0.38705954778914781  0.39510488798469889  0.40293541540269134  0.41107821112207132
  0.41946268631477551  0.42779934286633714  0.43552615790766375  0.44370269098698178
  0.45208969105973479  0.45992022101671420  0.46739012642755773  0.47490407117558153
  0.48221119488382869  0.48963127157865793  0.49829453720226896  0.50617758247633338
  0.51402152307329341  0.52189243477409419  0.52881955865796348  0.53564360411642609
  0.54234748029558211  0.54890899349956546  0.55629294492983361  0.56499779671620032
  0.57457197872554999  0.58418371993254170  0.59322809683139421  0.60202495919998444
  0.61079264333556327  0.61858234525721845  0.62525524849406533  0.63187077930195901
  0.63764510491214088  0.64275236518603118  0.64970238387794210  0.65828195056029004
  0.66799875832637223  0.67802704688405602  0.68832368630432894  0.69803190935344217
  0.70780603239080675  0.71693919133862061  0.72652658454549390  0.73612791548296863
  0.74616428991422923  0.75690535856804642  0.76954886228088026  0.78216251667319681
  0.79443467159619585  0.80669806031152236  0.81942213972957723  0.83209456331908449
  0.84471655270967283  0.85752265749319678  0.87006334771711213  0.88083088286914568
  0.89112021199502023  0.90334463227752693  0.91902837955008165  0.93506223965280411
  0.95183313170154993  0.96937015844465702  0.98550698831304595  1.00000000000000000
  0.36627636214635334  0.59086774231470351  0.62901632978193722  0.66122734589856158
  0.68798494778908226  0.71075848111402162  0.72810359547756642  0.74515351227680671
  0.76109714231897163  0.77555405205338668  0.78864832239161020  0.80037513604137978
  0.81115914875904360  0.82088195866659630  0.83012396472020356  0.83860359059951972
  0.84677411094662169  0.85444246163610393  0.86136996118233000  0.86773198712794697
  0.87380526245370849  0.87925517368451822  0.88408349444090595  0.88888425001912019
  0.89368068806057144  0.89834272213989663  0.90266025862665777  0.90674833205346517
  0.91076073760226139  0.91478170737780662  0.91841416444886848  0.92163097815585360
  0.92462737312205479  0.92748998302716135  0.93027381655188601  0.93297514129977344
  0.93570494813514804  0.93829475651780669  0.94057262434792044  0.94270495095534812
  0.94484947630486293  0.94695031678575869  0.94915002274245464  0.95130059130301248
  0.95332760888488188  0.95518932947647106  0.95693054349420281  0.95854275266099598
  0.95997903145723584  0.96145195877226286  0.96290495080675431  0.96436225930953678
  0.96579145159609636  0.96719001038628716  0.96849748404597036  0.96981753091449008
  0.97101642144800193  0.97222508955884057  0.97339487337596708  0.97453835420598345
  0.97567148758885691  0.97675914183913704  0.97780897493150376  0.97882919322737005
  0.97979490966006721  0.98073615970269201  0.98167218943782075  0.98257664315895565
  0.98343832701558631  0.98431065334654977  0.98520404858745914  0.98606359545251188
  0.98685933908150425  0.98760950284319671  0.98832843943090909  0.98900372683152293
  0.98970429265761584  0.99040085025060476  0.99106802043388076  0.99169781102288024
  0.99229636438307556  0.99289097934634896  0.99350869330420000  0.99407587957958943
  0.99451595425363515  0.99498118903567312  0.99543215085596803  0.99588737270017269
  0.99636310404006956  0.99680350314211896  0.99726346409823696  0.99772766980792604
  0.99817201340909012  0.99874011437627053  0.99935542016817536  1.00000000000000000
   1.0605003971160603E-007  -1.0000000000000000     
 F F F F F F F F F F F F F F F F F F F F F F F F F F F F F F F F F F F F F F F F F F F F F F F F F F F F F F F F F F F F F F F F
  <DiscreteSampler_grid>
  grouped_processes
  1 # 1 for a reference and 2 for a running grid.
  10 # Attribute 'min_bin_probing_points' of the grid.
  1 # Attribute 'grid_mode' of the grid. 1=='default',2=='initialization'
  0.0000000000000000 # Attribute 'small_contrib_threshold' of the grid.
  0.5000000000000000 # Attribute 'damping_power' of the grid.
 # binID   n_entries weight   weight_sqr   abs_weight
    10   10   9.794723499370896E+001   6.207245048047043E+004   9.794723499370896E+001
  </DiscreteSampler_grid>
