 -0.00230956951015868  0.00920257376304112  0.01826080938891650  0.02796537647039999
  0.03785008117288739  0.04854455333294298  0.05875387590661171  0.06858771367538181
  0.07839324664716385  0.08801762594389206  0.09744272887010345  0.10697234626331853
  0.11652305885250540  0.12664208214510209  0.13676468035659278  0.14728647889918833
  0.15852606178020107  0.17030711599666357  0.18206779891420810  0.19384700892036585
  0.20513654337470544  0.21573749083832067  0.22594399838452858  0.23644249706922185
  0.24744643594309707  0.25897849082323221  0.27078661549081973  0.28229382235433903
  0.29300104991456999  0.30301183211465527  0.31314100168645420  0.32401815678307244
  0.33581960383496645  0.34781211737736245  0.35960316755157767  0.37131825883532954
  0.38226757281797324  0.39306890985856446  0.40412261310501890  0.41540487657062464
  0.42626301664670785  0.43661868758521577  0.44677929364152941  0.45703899158023381
  0.46774188475513778  0.47867532720813588  0.48948963621154540  0.50016430358058450
  0.51076285853357040  0.52129113148731754  0.53153871441938483  0.54165452298087180
  0.55193367779722735  0.56172429762929887  0.57084920473082013  0.58000322003288829
  0.58927295825594328  0.60018389255420079  0.61151391004846134  0.62275650216458589
  0.63321145121371369  0.64335239103977893  0.65345556327069987  0.66343832465932584
  0.67320265930946577  0.68301385200965015  0.69298222043329838  0.70297506151899891
  0.71326474200883772  0.72375269335321157  0.73356655191011688  0.74288794041371220
  0.75248286144101273  0.76259381834975515  0.77272373791564797  0.78267219311254388
  0.79279895187214144  0.80320949034965061  0.81344337665487665  0.82341550600300140
  0.83374014190877332  0.84431835879748729  0.85526335767882999  0.86695306338620015
  0.87849969140229323  0.89022046276645550  0.90145535589987436  0.91234107814220278
  0.92310342783605681  0.93386969253013818  0.94441061619624378  0.95487712761597610
  0.96554621393586215  0.97652401942568068  0.98796896396277334  1.00000000000000000
  0.00671995328319341  0.01754790744783143  0.03048573077074234  0.04314644541445557
  0.05370110525731409  0.06472767960857899  0.07540687157111535  0.08616181904085597
  0.09651801677732577  0.10679880413364365  0.11746226336486247  0.12868099449596748
  0.14068374080800070  0.15286735264624138  0.16485706419243559  0.17690018869377364
  0.18868205749716163  0.20041306846486931  0.21169712461413248  0.22200755480738424
  0.23266153831090863  0.24326692121036256  0.25366168659945432  0.26375613880025300
  0.27391868445491446  0.28482161989560334  0.29627069405100565  0.30770604950341746
  0.31882535139724777  0.32983641812186132  0.34114491086398452  0.35273841496735492
  0.36387932910701903  0.37423037033617074  0.38410360430990120  0.39415818386882645
  0.40505680998827420  0.41638975533493583  0.42720035015882729  0.43762888915495063
  0.44813678067792345  0.45854900422394540  0.46858577428400422  0.47814319030295710
  0.48769035344553080  0.49752886679267844  0.50717601060986728  0.51661234975522596
  0.52638689184303022  0.53684107442021645  0.54745615070477915  0.55783890929423274
  0.56766262778247378  0.57740910670439471  0.58732031989848754  0.59749982842049010
  0.60766731723443790  0.61855034611219228  0.62936408388136078  0.63972698641549131
  0.64968142490435810  0.65925188006040969  0.66879103361977366  0.67834820589543576
  0.68835156095288186  0.69872484440898341  0.70899625809790978  0.71922196670066807
  0.72950419013202350  0.73960039743314143  0.74954289512844252  0.75942270544113655
  0.76913918425861727  0.77881058901155542  0.78861342196671713  0.79894456624062127
  0.80928819179065004  0.81968027222371087  0.83035196723531957  0.84113443167978486
  0.85179640032668169  0.86203848187035403  0.87206157377286908  0.88226425721004209
  0.89259855577220892  0.90286574825495447  0.91317179680852589  0.92359432859964419
  0.93381074940197539  0.94342132607379425  0.95286413414350468  0.96254212487533530
  0.97250045794021711  0.98228837166863547  0.99130091765176220  1.00000000000000000
  0.00000716842624942  0.00000764304469066  0.00000808580565787  0.00000864530407508
  0.00000927061674087  0.00001005665296384  0.00001100585518745  0.00001211257453759
  0.00001341938901052  0.00001491668054061  0.00001661162050597  0.00001856376786790
  0.00002079509375801  0.00002338060771750  0.00002650235070709  0.00003028318707575
  0.00003455851492606  0.00003930847187826  0.00004467334471054  0.00005100105043456
  0.00005842436821552  0.00006650581152429  0.00007536586506931  0.00008575997236501
  0.00009818768700244  0.00011278660134471  0.00012913655760979  0.00014756411635506
  0.00016864707913628  0.00019369863537860  0.00022398117909035  0.00025953519087674
  0.00030068528345757  0.00034709574519555  0.00039724484192329  0.00045088462497139
  0.00051620194390561  0.00059044453066375  0.00067362670993804  0.00076220294714839
  0.00086531585561657  0.00098552107045862  0.00112123591104400  0.00126405720909145
  0.00141046821283580  0.00156686175954253  0.00173279374504439  0.00191656480698118
  0.00213431542687491  0.00239299528045505  0.00270111549017523  0.00304867046303394
  0.00343737468959604  0.00384921595424384  0.00428754194485793  0.00474932174868855
  0.00526018254527254  0.00581953617563645  0.00646883894054136  0.00716662514424275
  0.00784619717194730  0.00855827241300320  0.00934359571298850  0.01022844529759197
  0.01118424153991464  0.01217818605129728  0.01324390625131069  0.01434006122702238
  0.01543541558201801  0.01665082147471158  0.01805184652131075  0.01964578098497811
  0.02157166341048110  0.02355201468847029  0.02580723525941929  0.02829758670626936
  0.03115900632847554  0.03462452089857320  0.03806784090418609  0.04122058942652677
  0.04461987040226036  0.04851817776071181  0.05278687288269365  0.05774762285944796
  0.06489308898740524  0.08010774837112378  0.09764273830071769  0.09971566777726611
  0.10820006322188740  0.11866825084900615  0.12360622214990870  0.12854419345081125
  0.26134490878308203  0.39916902690465683  0.53699314502622741  1.00000000000000000
 -0.00183888810027466  0.01048137210129655  0.02126291960880482  0.03279867690991401
  0.04420868197756289  0.05573178554127530  0.06726433047545261  0.07944314144229951
  0.09153078683797870  0.10293167296743480  0.11396587181458043  0.12466938070852267
  0.13545091855702304  0.14655532554536788  0.15779298161949412  0.16890752452352509
  0.18012494382327707  0.19151038207669741  0.20299114596950832  0.21442219420529593
  0.22590025277382325  0.23712426008658505  0.24797832804115844  0.25865270107057797
  0.26918802118244500  0.27967731231021742  0.29042242431731713  0.30136677706898141
  0.31271019277925843  0.32451633304600003  0.33659037381139112  0.34836148908622011
  0.35971390833904004  0.37104323852606058  0.38210668055972907  0.39309076075878130
  0.40393396441152252  0.41446097728289288  0.42477731026083115  0.43503146725625724
  0.44533631204787261  0.45590122346432099  0.46688591975746635  0.47793327477652009
  0.48841825250071069  0.49874862745148613  0.50963457764319642  0.52069742595514135
  0.53143844162614495  0.54200142233307813  0.55277020929094511  0.56340904427429539
  0.57348930483739147  0.58300267516573789  0.59241778828612202  0.60194214464690809
  0.61150335758896290  0.62100132442267431  0.63079170457366585  0.64118434319400630
  0.65142000844948034  0.66149149496997039  0.67178694258170990  0.68194172391718721
  0.69143711513047801  0.70066309910232538  0.71039124234736084  0.72038543248405329
  0.73014464207601970  0.73862606378091800  0.74671824315834057  0.75515401206759980
  0.76435017025864849  0.77517743606801226  0.78606504366654439  0.79636966391426711
  0.80651359435380754  0.81686321013146113  0.82723869434839081  0.83770751960235090
  0.84850062662617887  0.85926929733058244  0.86981892496011526  0.88037739008489768
  0.89117150374998999  0.90221598083402810  0.91315900038565034  0.92332608875924327
  0.93296663510298050  0.94260803753827371  0.95228791018940395  0.96144940258104927
  0.97020658562192930  0.97913564706841816  0.98935102982748901  1.00000000000000000
 -0.00228746654395115  0.01102682921539863  0.02160549290450923  0.03289125936970862
  0.04382916278932317  0.05447166523791025  0.06523356327227862  0.07587600735494213
  0.08732188630630226  0.09830613450076760  0.10898032932829937  0.11957744644211520
  0.13004163914246825  0.14114485526607706  0.15228390686547266  0.16392088306130151
  0.17464619686897762  0.18523162386329139  0.19541556674800897  0.20555193361014926
  0.21569799077193241  0.22568479188645060  0.23594788397318905  0.24651420956281456
  0.25698506463932907  0.26785974555102326  0.27844969728917363  0.28897669999984976
  0.29940152518507174  0.31050139344792044  0.31988851789081152  0.32928349183701217
  0.33846300357304521  0.34790465731482739  0.35765831105032198  0.36758111020979273
  0.37731014177309785  0.38693382404573712  0.39647333126768863  0.40601614289243348
  0.41632201598700119  0.42683968452399101  0.43732288822442617  0.44763535255387882
  0.45789761937619472  0.46784523708336034  0.47842868831664753  0.48915282450134467
  0.49976655595253033  0.51056145283381538  0.52181320685258592  0.53427747239580214
  0.54640191286706496  0.55838914820918184  0.56930749415768012  0.58006132824808410
  0.59065678430116642  0.60084525459409643  0.61014532483168760  0.61850383028115408
  0.62731504225532975  0.63687391773279556  0.64713915775521891  0.65763032256064424
  0.66815272112557733  0.67894947711494691  0.68985901157013985  0.70045181107469534
  0.71084531602901790  0.72124072827896613  0.73187778608382181  0.74245994192114606
  0.75308448101897218  0.76311388219971943  0.77315459660367436  0.78315824140142032
  0.79326418591564662  0.80360375324502487  0.81398958087464790  0.82476553091910865
  0.83555121730949500  0.84681157694742393  0.85854320132549977  0.87084822988639876
  0.88269896903544265  0.89447159715912017  0.90485681766074766  0.91538749393738350
  0.92563114587062800  0.93578005584152768  0.94619917110244445  0.95682570449800841
  0.96771041330802965  0.97846753116969298  0.98907630623589082  1.00000000000000000
 -0.00222436247549279  0.00958716360110871  0.01888380826061622  0.02846893948728991
  0.03797056881063485  0.04761721536905839  0.05732636778714702  0.06794898731015736
  0.07940558045278073  0.09050964283249467  0.10128013834590971  0.11208081731959960
  0.12352300155536539  0.13534712236087115  0.14785382365237487  0.16043001417071945
  0.17265768573671730  0.18320626140057519  0.19344367561073508  0.20321909573912958
  0.21323472407274716  0.22306002050679896  0.23315835846824196  0.24387199961957937
  0.25500944892550309  0.26627391641317633  0.27744416512202247  0.28838136299533895
  0.29898924029713403  0.30952216903363466  0.32026855040391605  0.33157688801273610
  0.34262091655270194  0.35368558094169961  0.36439513397442053  0.37373097614008816
  0.38266906426956615  0.39169120329686219  0.40166813317107963  0.41293701450581655
  0.42464371292001379  0.43670489129676882  0.44838559489366264  0.45978214430386577
  0.46976430097920480  0.47906726226287782  0.48843055312816469  0.49845339866179211
  0.50903701253702804  0.51992340159990857  0.53093697983816979  0.54193215682322948
  0.55303506600427943  0.56411426344216342  0.57476677666844334  0.58498038885300774
  0.59487737078531366  0.60473147420057305  0.61491758093636772  0.62566247204328906
  0.63691610526910558  0.64801224676981362  0.65875722065431075  0.66911504258410459
  0.67928326281724116  0.68902822624593230  0.69853645030946832  0.70819485510680202
  0.71827435016428209  0.72857201576539021  0.73856290593415763  0.74853680262153310
  0.75876459686664854  0.76893557684379010  0.77899855514907279  0.78906055475657300
  0.80009001476565966  0.81158928982148271  0.82284775937337140  0.83397387743298657
  0.84490199304395475  0.85535219411504793  0.86588714166774172  0.87682318931791858
  0.88869257103644050  0.90020183399104403  0.91096254844125046  0.92138764851092669
  0.93135593174673981  0.94072612273038325  0.94973407100925722  0.95887117840744107
  0.96894189353379878  0.97907916314975818  0.98968758053277062  1.00000000000000000
 -0.00240851317352468  0.00917128992959097  0.01898202168481640  0.02953043110524961
  0.03999610639574817  0.05001419835398575  0.05986014347594337  0.06930601836297966
  0.07895646029719799  0.08927240087134837  0.09936696188749145  0.10893434981573770
  0.11833702855289391  0.12789670024427002  0.13783920801034347  0.14770128591111908
  0.15714291613772247  0.16648320172082517  0.17635726827576600  0.18704916255472565
  0.19903969971220126  0.21135193172564584  0.22307822800146060  0.23434706029173918
  0.24546888360859931  0.25693279556397669  0.26845163698276042  0.28085786017832165
  0.29329339374985886  0.30586836157869240  0.31733356338641416  0.32804270587489143
  0.33861374146466577  0.34945106756624461  0.36096688445875347  0.37237630999307020
  0.38430194804224566  0.39600405386817178  0.40717635177429290  0.41825016114171343
  0.42941221231482701  0.44089039073163599  0.45238206612417575  0.46373407785440768
  0.47485656463258169  0.48582263396399356  0.49699761931544895  0.50838528688741502
  0.51995621354125632  0.53182317050141459  0.54315594722931593  0.55338129092867372
  0.56338545269510787  0.57339073092254167  0.58333400096188603  0.59308278360453015
  0.60295762323719393  0.61340669308383156  0.62399505203804639  0.63464851397721700
  0.64528092164769957  0.65615996138263932  0.66687983733464806  0.67706813801040522
  0.68671969443288916  0.69607249972798224  0.70567541827490443  0.71571965997028619
  0.72643462255088909  0.73720667999542877  0.74788518783106217  0.75788601766466190
  0.76775307967973061  0.77744751565585768  0.78758010046588312  0.79777814972839245
  0.80769967160086820  0.81729815587957466  0.82691186176242604  0.83615404430129192
  0.84533799170898150  0.85509255780925941  0.86562741542668975  0.87658029492979694
  0.88740804183302913  0.89790630016241435  0.90793360030947623  0.91806633595935527
  0.92852984746408018  0.93927738333467592  0.94987427247202549  0.96054755318312934
  0.97116869161692243  0.98153734038523111  0.99097008696438338  1.00000000000000000
 -0.00238764008693445  0.00945337382424277  0.01977603819320920  0.03071249404905114
  0.04209087245690762  0.05285297403904677  0.06363735477422912  0.07451327487145319
  0.08548412982476886  0.09611894735406605  0.10707430064830484  0.11781718764230978
  0.12789629257539978  0.13740307965001894  0.14713209838497071  0.15770275626190522
  0.16853369454669181  0.17950787289389439  0.19072004642748047  0.20210871769881111
  0.21360746698551061  0.22485207019010620  0.23599082781488345  0.24720922131284506
  0.25823273831575255  0.26899627507986396  0.27931242978520887  0.28994839363578234
  0.30094182949913029  0.31173917562576148  0.32250042536585377  0.33305995292373131
  0.34408140827482053  0.35515385185513876  0.36571037100128306  0.37560915600369610
  0.38541208821497819  0.39450722059970611  0.40395832185638508  0.41365514570863332
  0.42431675740963026  0.43592642666408826  0.44767683521654716  0.45941580156344919
  0.47089906958510719  0.48203589463261931  0.49294969554973711  0.50387444407571402
  0.51478980932618368  0.52559595060147013  0.53624827403976261  0.54682087474264396
  0.55751828970417616  0.56828957014900583  0.57901072851640700  0.58977772922097904
  0.60025703411989806  0.60988131725686967  0.61900847858115571  0.62844951775973268
  0.63798527294975749  0.64734890697455105  0.65664346267053320  0.66572840257251620
  0.67526087961038328  0.68509871996539018  0.69521849259649737  0.70531766883246383
  0.71477982739299606  0.72416882605784449  0.73355280709835680  0.74280933239382074
  0.75217082069242491  0.76161587598281721  0.77087317594129912  0.78020338340850559
  0.79003663323762885  0.80089539585513791  0.81209092892499180  0.82314979310042213
  0.83410069512103369  0.84506387426953788  0.85638742167001580  0.86780065393316186
  0.87894257536332732  0.88974391466547575  0.90087055735063370  0.91261744797009692
  0.92440135530993184  0.93591040552200711  0.94758425365517707  0.95909146510488441
  0.96966884962918531  0.97994584812127483  0.98985739841290610  1.00000000000000000
  0.04045565328677905  0.15934278551851538  0.23633454602143206  0.26413413344091174
  0.29106151317003531  0.31670435612218872  0.34122970778272310  0.36503834399545593
  0.38834532354051093  0.41112859139976959  0.43317764161305100  0.45452844913463769
  0.47472792120231727  0.49372964086013255  0.51198266592536845  0.52984229759502988
  0.54736701222223050  0.56454072457594628  0.58130800184840004  0.59769037051763674
  0.61309189003421405  0.62799776181679823  0.64264015757574189  0.65698314422895987
  0.67092620315846097  0.68448411862372327  0.69727032749950868  0.70934398705886048
  0.72118987568580750  0.73255936154328039  0.74348393038447691  0.75411897947978457
  0.76441014688465625  0.77432945625225336  0.78397243114898185  0.79353029416767862
  0.80264054028562515  0.81123312943099690  0.81931653468730437  0.82725494973111424
  0.83512819867718702  0.84264061813780988  0.84981202021537305  0.85659371327053946
  0.86313929086474972  0.86953543294908353  0.87585342896791674  0.88197498456920387
  0.88801203337760393  0.89394887263278122  0.89956981629282629  0.90481465325810917
  0.90975005368103368  0.91448924471098958  0.91895641005543771  0.92315589933007625
  0.92730954338322580  0.93140040298905935  0.93534421711689775  0.93895261645313410
  0.94225627692689795  0.94544723731689950  0.94847799582923209  0.95146144677432554
  0.95439111411910493  0.95729164864467919  0.95983245447595955  0.96198885090672714
  0.96420510840329066  0.96635152264339563  0.96841144272781998  0.97039079680946827
  0.97220431523066841  0.97392647249171349  0.97558136235083170  0.97717640694419705
  0.97871566914666641  0.98013726271828916  0.98150535868373623  0.98282627232852671
  0.98409886214189424  0.98531264925568252  0.98648213632029347  0.98757550699172014
  0.98862784654343638  0.98967283563095843  0.99063105786611105  0.99158278843608250
  0.99253056717506227  0.99347288044500304  0.99437245434058530  0.99526848440474125
  0.99625482087930406  0.99733468874443254  0.99853553277564966  1.00000000000000000
   5.1890711962328449E-010  -1.0000000000000000     
 F F F F F F F F F F F F F F F F F F F F F F F F F F F F F F F F F F F F F F F F F F F F F F F F F F F F F F F F F F F F F F F F
  <DiscreteSampler_grid>
  grouped_processes
  1 # 1 for a reference and 2 for a running grid.
  10 # Attribute 'min_bin_probing_points' of the grid.
  1 # Attribute 'grid_mode' of the grid. 1=='default',2=='initialization'
  0.0000000000000000 # Attribute 'small_contrib_threshold' of the grid.
  0.5000000000000000 # Attribute 'damping_power' of the grid.
 # binID   n_entries weight   weight_sqr   abs_weight
    10   10   4.424630873003632E+000   1.077708229953706E+002   4.424630873003632E+000
  </DiscreteSampler_grid>
