  0.00282232082601054  0.01493607987071816  0.02863411679887870  0.04195724340815370
  0.05444991516054838  0.06583309049690886  0.07773070288368131  0.08896544783933706
  0.10064516762668600  0.11159383991790350  0.12189758415493637  0.13128662180411979
  0.14061064114271904  0.15034485794185290  0.16166734199366847  0.17393287459856874
  0.18739555197014665  0.20042698854644889  0.21336715756808328  0.22531011128657424
  0.23585897238557399  0.24603848503655232  0.25662118063824263  0.26849505189719586
  0.27979753669635188  0.28984065864847580  0.29974553085090339  0.30935413468426060
  0.31890705864141977  0.32903802815109146  0.33955267668878941  0.35046572573903334
  0.36113296294961478  0.37177934515078298  0.38283226490757005  0.39393305550677343
  0.40538611466589919  0.41695132005002478  0.42810374014058838  0.43901881616626270
  0.45007534533822258  0.46091090530923146  0.47169150219865141  0.48223621064004640
  0.49345262506088500  0.50385102837527085  0.51390894481592830  0.52345205416760565
  0.53410171109726190  0.54455131858375172  0.55592161641149862  0.56722513533065011
  0.57901279931098970  0.59025503435153726  0.60085284198227795  0.61080245486522766
  0.62106650291746535  0.63210671306051036  0.64383659651891600  0.65503952338951899
  0.66584382208769988  0.67612901013190918  0.68621806228989635  0.69587516531928506
  0.70524199237025798  0.71495264686073678  0.72519213273142280  0.73545584239652073
  0.74548664122616048  0.75562267789339188  0.76578479241119601  0.77583939064641849
  0.78583677914390815  0.79616723407290302  0.80688771936469383  0.81746187960550698
  0.82732070850914563  0.83627333360606593  0.84517073028752610  0.85484401958014500
  0.86548152425128722  0.87660699692963451  0.88671222137043226  0.89672289475211386
  0.90629032522733100  0.91630606803616133  0.92651022387333881  0.93682405159065041
  0.94653870082562053  0.95555569480791736  0.96384958903819251  0.97161215744628693
  0.97931090364256523  0.98620612837927668  0.99253886464907459  1.00000000000000000
  0.00009327917387196  0.00010582323445177  0.00012234665739742  0.00013981856685828
  0.00016094558381618  0.00018578632070878  0.00021285730360826  0.00024423341099124
  0.00027985907018375  0.00031843948968672  0.00036259120776984  0.00040823039986591
  0.00045708344009550  0.00051166918034090  0.00057592878206727  0.00064140446164568
  0.00070470039223178  0.00076752628338458  0.00083171290218502  0.00089838125363859
  0.00096884712944118  0.00104530864368586  0.00112840925589147  0.00121593143789454
  0.00130500088893172  0.00139512385052055  0.00148948524356847  0.00158840412056622
  0.00169224998711162  0.00180059180381901  0.00191299324484074  0.00203080337560004
  0.00215692328937807  0.00228060277826772  0.00240543113146655  0.00253896672167987
  0.00267803974761973  0.00282399725968192  0.00297876842965980  0.00314058399178561
  0.00330610426152982  0.00347582507507929  0.00365822466558798  0.00384451256539500
  0.00403325702254119  0.00422365233634306  0.00443451346052101  0.00466739213720736
  0.00491709726846220  0.00518035094690447  0.00545287843757421  0.00573419704020709
  0.00602707157318942  0.00632155518914138  0.00663463276411798  0.00696045921545787
  0.00728279091014503  0.00761008498338227  0.00794515532833048  0.00828097871307397
  0.00864133410259280  0.00904380513248744  0.00946861396055756  0.00993540165297880
  0.01039343577944418  0.01088319479722267  0.01140486437444784  0.01197137766808306
  0.01258083438613722  0.01323878761363708  0.01395960618222654  0.01472010002856280
  0.01553072467699556  0.01643801856154521  0.01744767721818819  0.01856906550595350
  0.01978715898713970  0.02092547942075742  0.02210816187383614  0.02334859334669872
  0.02481408732056063  0.02644836266202815  0.02837950473602270  0.03050707706601991
  0.03290723960236611  0.03583097990864263  0.03937718778887032  0.04373593747635055
  0.04861278321379896  0.05301762631405042  0.05914001140894704  0.07182997915230710
  0.09581297119087277  0.11810105658708939  0.40240241912226082  1.00000000000000000
  0.00007827382839005  0.00008395342852414  0.00008812026189325  0.00009201049807079
  0.00009582930250535  0.00009960880232220  0.00010332768084754  0.00010712827506801
  0.00011121332958612  0.00011583028749173  0.00012049965249884  0.00012517384043063
  0.00012997383914888  0.00013508948959160  0.00014033509665379  0.00014641019553839
  0.00015185036113927  0.00015804826127228  0.00016507277143921  0.00017218009621340
  0.00018052970287111  0.00018875709617070  0.00019801797158449  0.00020793828586451
  0.00021817257325880  0.00022870088852875  0.00023965044023311  0.00025118735167169
  0.00026361010318758  0.00027753716875163  0.00029198998211140  0.00030710540812435
  0.00032240861553695  0.00033751408490154  0.00035380702720765  0.00037098382887645
  0.00038908495282429  0.00040856359114752  0.00042960811106392  0.00045216387565207
  0.00047582591232631  0.00050153478891869  0.00052792246193031  0.00055659267119782
  0.00058798884537702  0.00062401973665892  0.00066374245564501  0.00070556052286623
  0.00074845301848654  0.00079109685037702  0.00083404274835761  0.00087942865260333
  0.00092775954906574  0.00097912390643664  0.00103414529773608  0.00109047462142555
  0.00115584919170845  0.00122831384750928  0.00130892696919627  0.00139690112739409
  0.00148979629793626  0.00158801135308673  0.00168812353162697  0.00179316100846487
  0.00190682400014964  0.00203020421259005  0.00216143599729670  0.00231130419547895
  0.00248654888367369  0.00266628652479182  0.00286306462801023  0.00307771224951227
  0.00331531137901959  0.00358911992875619  0.00389623662859198  0.00422744598580374
  0.00456979715957643  0.00495387261122715  0.00541485565169095  0.00596310821013247
  0.00659247536127190  0.00730042526337781  0.00804499270293876  0.00887520141349027
  0.00985316188795901  0.01106404396978416  0.01250123454142089  0.01421484992082063
  0.01637232642563637  0.01916176423637094  0.02315354672011444  0.02895233137288588
  0.03732752613789385  0.05546305492149743  0.52065030853725069  1.00000000000000000
 -0.00147596345481409  0.00520638906236035  0.01075751380108394  0.01651260570297994
  0.02266015102391931  0.02915137230937853  0.03555752316485045  0.04214152178643900
  0.04912213013264675  0.05627659500173823  0.06345424485867807  0.07069021135305666
  0.07803985153683492  0.08538804716811159  0.09238877610087237  0.09935293167214440
  0.10643983318265592  0.11373943842518398  0.12134313637610321  0.12911250987582812
  0.13669903204050002  0.14450845628285325  0.15211917734337280  0.15942454198321077
  0.16677559825130481  0.17427819436004879  0.18191399783471549  0.18992873556028311
  0.19818155730321538  0.20683467861299357  0.21608969312420323  0.22572647419620645
  0.23503757813531531  0.24380484661456278  0.25235891932977872  0.26063082974288404
  0.26895662449736751  0.27767325657356534  0.28682826407904649  0.29594778429234181
  0.30487865746907900  0.31351624997409216  0.32191129660912160  0.33052075086633181
  0.33953046946440041  0.34884735667844780  0.35857034097566254  0.36879132772949974
  0.37907724118742786  0.38931238651063044  0.39937755715062667  0.41005679161642816
  0.42112564151140225  0.43199329604166481  0.44292551934713903  0.45441499982564110
  0.46615228281703497  0.47778044237169343  0.48883297900574813  0.49954830651091642
  0.51038255726514159  0.52120046691207111  0.53197595330699343  0.54291402818554335
  0.55455339947937865  0.56658194659538275  0.57827215074663907  0.58992102148174796
  0.60176381956781588  0.61431334675757276  0.62735638881507594  0.63975814992375402
  0.65201047556328096  0.66403376652300938  0.67768339932860200  0.69269265747426145
  0.70770689871930137  0.72276460125270714  0.73738996851220362  0.75316193419018818
  0.76995515711782381  0.78530591352087353  0.79951471677413544  0.81342140011485697
  0.82765017984294154  0.84324281571958926  0.86064370991921990  0.87864722651905913
  0.89652891306191018  0.91336285809017670  0.92891113213460741  0.94319600504702061
  0.95783134847291784  0.97112953356735088  0.98521872828659030  1.00000000000000000
 -0.00220138118006053  0.01126162250544571  0.02217732575230542  0.03230614321123253
  0.04240938698499586  0.05264284685681982  0.06295326683777601  0.07359870704966449
  0.08432638235297515  0.09616489379109978  0.10759658148668784  0.11817800107345486
  0.12845952788425852  0.13840543951658216  0.14852274868238649  0.15852321903683281
  0.16818674870159153  0.17829746904136626  0.18874178611984069  0.19938413238275371
  0.20947209025662517  0.21900413801940843  0.22865586850750957  0.23907399709090069
  0.24983025181300228  0.26073318718690458  0.27152907086791822  0.28194658691360547
  0.29189811652433495  0.30144492244428095  0.31126756819455365  0.32113007010833194
  0.33084488530001244  0.34048189969400572  0.35085845768963464  0.36134610051622568
  0.37242557160649037  0.38317752952453488  0.39340372137163665  0.40321226144201633
  0.41314754488130412  0.42348678484615793  0.43416019672553752  0.44517740123623289
  0.45635269898589936  0.46744191549967595  0.47836687150199214  0.48893742307378296
  0.49914094521525276  0.50947910245140393  0.52022385916275671  0.53114534701208538
  0.54159189887055759  0.55197416952361544  0.56230128704700666  0.57281936617350770
  0.58358285994487835  0.59492727304477022  0.60619711245902297  0.61693076652365331
  0.62741931641980475  0.63794970670647411  0.64897027771362559  0.66000007476841194
  0.67114585081109446  0.68245113736269336  0.69382692802915735  0.70444865392750788
  0.71409358407551049  0.72356732297082005  0.73332693047099085  0.74444448906835980
  0.75532465953181827  0.76655383299270896  0.77661729868740503  0.78639380644125811
  0.79651547534806832  0.80681373968590198  0.81699035851970059  0.82715834626047879
  0.83785644345612620  0.84863386262413265  0.85886858520057174  0.86890729669240208
  0.87911100024569377  0.88935845753805920  0.89855792091794473  0.90810363539441630
  0.91761872253794829  0.92863088300454788  0.94015362162975880  0.95236901719308265
  0.96480091166959392  0.97665800754918841  0.98861402199968018  1.00000000000000000
 -0.00272651115577453  0.01092183951369895  0.02166780413145866  0.03299210816991713
  0.04420629985721812  0.05546923222432593  0.06670062852412426  0.07845124437268317
  0.09029068533986040  0.10138218218305077  0.11115935526418429  0.12045978643491015
  0.13047145106561436  0.14094776364058767  0.15221170017480973  0.16371963506475620
  0.17514853352961240  0.18658216933483232  0.19750176534289571  0.20803957809813534
  0.21893753466606355  0.22986650214741483  0.24064841805016135  0.25137101760175651
  0.26193713377444644  0.27258519015394350  0.28310056118008109  0.29281963326458077
  0.30202654088034053  0.31142234670614688  0.32183930215348516  0.33239783224127395
  0.34254006433849477  0.35216748688919580  0.36187387941263677  0.37195306871102651
  0.38225819422188284  0.39276505570219311  0.40308374926940838  0.41295687284363608
  0.42266436293365628  0.43235335843042660  0.44213455590153666  0.45228774313023268
  0.46293560580674936  0.47348692596246944  0.48363473148820046  0.49341972880726442
  0.50317070645167117  0.51305951381110593  0.52344998633610573  0.53426208719900781
  0.54536276605175027  0.55639834483851380  0.56755077530329456  0.57872867139099138
  0.58985049168882875  0.60117332463337336  0.61263109158944828  0.62451742004269939
  0.63656732316654996  0.64792654778176961  0.65868800690480267  0.66915252452365748
  0.67982664081432120  0.69096186284261485  0.70226414613169386  0.71382223444353998
  0.72510339643711286  0.73578575845342042  0.74603067897628839  0.75609957369612701
  0.76658492975918058  0.77724758064771482  0.78756354201488343  0.79751324961967573
  0.80737300081545404  0.81778960498767883  0.82825929043195157  0.83835720077628151
  0.84817245089330517  0.85783030574885721  0.86793116489295219  0.87820104051460535
  0.88888582906155467  0.89962619270631405  0.91037631450236112  0.92070212897032644
  0.93062729441373260  0.94070676985632007  0.95080633992943397  0.96099526746463226
  0.97103459072050324  0.98058257973134377  0.99044491613486318  1.00000000000000000
  0.00311191016678600  0.00600720035910084  0.00876895029540513  0.01159631022268249
  0.01430514553660345  0.01688716822712230  0.01940153024094539  0.02186963085522442
  0.02401558374093091  0.02620936962245501  0.02838730135357985  0.03053748786908265
  0.03266533971750168  0.03478114157667372  0.03691157882495655  0.03898822667153035
  0.04104582797761071  0.04305082245953628  0.04502564748332225  0.04697792982956881
  0.04891530071612010  0.05085233071262477  0.05278856064820315  0.05478425849905053
  0.05680374173890414  0.05885855042661554  0.06084599612596013  0.06279586773042438
  0.06472509511355995  0.06665808601037571  0.06861877394961007  0.07059657061786707
  0.07251787144798739  0.07443798038097221  0.07644059326799180  0.07849193667820908
  0.08053123074088939  0.08270142780591974  0.08479825766049619  0.08690585284627801
  0.08912761031310780  0.09144241980289597  0.09378900542778523  0.09612362902559052
  0.09842818252020404  0.10064072164540838  0.10263686395570848  0.10455674152766695
  0.10609592977747111  0.10776899010531751  0.10943355311193195  0.11139806287786522
  0.11334324583144026  0.11554788212638606  0.11774852721112192  0.11989927979944510
  0.12212223724291661  0.12446397056299320  0.12685712458714182  0.12915101634644643
  0.13151084731033502  0.13380079609858955  0.13618188902208686  0.13878223079866966
  0.14140667048084166  0.14407093592956399  0.14671629871124126  0.14937825904615176
  0.15232686618602984  0.15593605830390042  0.15997205196925463  0.16364728235564449
  0.16671096595256868  0.16950125413981876  0.17243036619743601  0.17546260758439347
  0.17878348231460620  0.18199731892222396  0.18568192269663225  0.19164919766162061
  0.19858083628608142  0.20436417477685989  0.20947705820043988  0.21433550904597787
  0.21934863478723610  0.22518830944446244  0.23277884176934030  0.24328917138581818
  0.25539187374816485  0.26557620520392139  0.28160961836732029  0.30617669875346570
  0.34695301850455990  0.39781905150187064  0.66245899463356372  1.00000000000000000
 -0.00284709732352599  0.01514719911344734  0.03000879156239113  0.04565219767325721
  0.06205864206000869  0.07858217732544566  0.09523516092542215  0.11143473588362572
  0.12724536867312930  0.14136600018138035  0.15367914306154978  0.16515341158800409
  0.17680884348568068  0.18891818218022671  0.20071982913680372  0.21323211968534544
  0.22631026795801640  0.23807773268525023  0.24917719377540962  0.25903465964643813
  0.26870352038770867  0.27855357145494603  0.28841190121417926  0.29740770172592079
  0.30577316288977124  0.31425312747506057  0.32244425742533767  0.33049192862295146
  0.33814745561221643  0.34531221393963507  0.35213389404826895  0.35908937929282486
  0.36663783859343224  0.37471270351797592  0.38308598091079615  0.39095344454223219
  0.39831142033645051  0.40611251425985295  0.41380334375687899  0.42161933097868504
  0.42905061747604772  0.43586222282654546  0.44322284051558752  0.45021255614401412
  0.45760044246806991  0.46496635314015783  0.47215717836322452  0.47959626700075059
  0.48699374734398715  0.49447458080981416  0.50185257757022139  0.50945771579258403
  0.51746091396553029  0.52563978841169923  0.53375571271537925  0.54176263086418197
  0.54992863348379062  0.55852499436762093  0.56724065008532021  0.57644980997272399
  0.58605011557296249  0.59518417707094828  0.60417164244805699  0.61280135408505776
  0.62139505323147792  0.63023114121627288  0.63922034322102461  0.64842761498833723
  0.65823871289396485  0.66850518195899444  0.67877458941030722  0.68896642615786974
  0.69957180105216321  0.71011174977449365  0.72075834155050833  0.73133720421949899
  0.74209128840091376  0.75360712593650003  0.76451990014102111  0.77491783783359836
  0.78503828348682092  0.79617105197751215  0.80886621193045538  0.82147062689531580
  0.83379452956521583  0.84715186591197233  0.86140800651665361  0.87613573053461868
  0.89099869705809398  0.90571024804718325  0.92089071683179058  0.93629515773493499
  0.95160085508689451  0.96768518687134752  0.98419889198780830  1.00000000000000000
  0.39214694642428782  0.57453218715021293  0.59801993565818790  0.62028213838108059
  0.64136858060578694  0.65925146240864707  0.67492891606963001  0.68991416633328828
  0.70418309461426476  0.71718790172699531  0.72993198939433224  0.74225743853343673
  0.75295757632289029  0.76228967533123471  0.77100717575126032  0.77905845214527747
  0.78694151057163630  0.79460231535376591  0.80188044767476696  0.80889590046666782
  0.81563890783243276  0.82211665227568675  0.82820853962289021  0.83394550366616516
  0.83940714293083041  0.84465907839714094  0.84963890150722421  0.85434489975197847
  0.85895239949167790  0.86345489280780441  0.86767036275385823  0.87156095599917149
  0.87527971161490847  0.87881441107796388  0.88229966842572072  0.88580096080787962
  0.88928320374080061  0.89280397216155738  0.89624193981400724  0.89932822685669134
  0.90227583741608330  0.90512891317740329  0.90788110171573566  0.91054969459846125
  0.91325000674860768  0.91617287853763973  0.91869761238903680  0.92096024691894407
  0.92307115075638346  0.92511728502904567  0.92718503286622544  0.92936704663657654
  0.93159509371213411  0.93375805412382329  0.93585089274180788  0.93783315721705929
  0.93964244694492860  0.94141835067370450  0.94313160608252666  0.94482963749481808
  0.94651753819919426  0.94821263321544103  0.94987643544533717  0.95150733922704045
  0.95316274151915481  0.95487941737069315  0.95657139973041505  0.95813292122364402
  0.95950270416505046  0.96083031341819780  0.96217523686647455  0.96350596335156569
  0.96481862860278444  0.96615089876429705  0.96746720611265824  0.96873826522628292
  0.97000281458246229  0.97125599358522297  0.97249467373035381  0.97372461613334982
  0.97494476542405650  0.97619201268373301  0.97745156499781383  0.97871284937225611
  0.97996578180901739  0.98119044187038185  0.98232872151415462  0.98347155174555767
  0.98464825747411355  0.98586032035705273  0.98721478502109383  0.98867589556337387
  0.99031326389187757  0.99227798095336694  0.99499272447406395  1.00000000000000000
   2.0080498343320928E-007  -1.0000000000000000     
 F F F F F F F F F F F F F F F F F F F F F F F F F F F F F F F F F F F F F F F F F F F F F F F F F F F F F F F F F F F F F F F F
  <DiscreteSampler_grid>
  grouped_processes
  1 # 1 for a reference and 2 for a running grid.
  10 # Attribute 'min_bin_probing_points' of the grid.
  1 # Attribute 'grid_mode' of the grid. 1=='default',2=='initialization'
  0.0000000000000000 # Attribute 'small_contrib_threshold' of the grid.
  0.5000000000000000 # Attribute 'damping_power' of the grid.
 # binID   n_entries weight   weight_sqr   abs_weight
    10   10   2.079286251587321E+005   3.910569295446551E+011   2.079286251587321E+005
  </DiscreteSampler_grid>
