0.11383E-01 0.21626E-04 0.00000E+01 1109976 0 0 70287 0.61724E+07 0.00000E+01 0.11367E-01 0.00000E+01 0.00000E+01 0
1 0.011129 0.00054652 2.5361 0.44644 0.011104
2 0.011263 0.00026655 1.7285 0.22985 0.011246
3 0.011044 0.00016189 1.514 0.24608 0.011031
4 0.010741 0.00046895 2.2548 0.35215 0.010711
5 0.01118 0.0002805 1.8323 0.21273 0.011165
6 0.011316 0.00016529 1.5088 0.18942 0.011302
7 0.011194 0.00051759 2.3879 0.38273 0.011187
8 0.011416 0.00029434 1.8831 0.44127 0.011397
9 0.011334 0.0001733 1.5793 0.37112 0.011323
10 0.011705 0.00060625 2.6749 0.74981 0.011695
11 0.011669 0.00029496 1.8462 0.35671 0.011654
12 0.011423 0.00017063 1.5428 0.25539 0.011411
13 0.011812 0.00058213 2.5452 0.42165 0.011794
14 0.01125 0.0002675 1.7366 0.21781 0.011238
15 0.011632 0.00017942 1.5931 0.51295 0.011615
16 0.011351 0.00054127 2.4625 0.42217 0.011337
17 0.011728 0.00029631 1.8453 0.2886 0.011713
18 0.011343 0.00017029 1.5506 0.28665 0.011325
19 0.011146 0.00054653 2.5321 0.44282 0.011118
20 0.011278 0.00028468 1.8435 0.25738 0.011263
21 0.011215 0.00017389 1.6016 0.55663 0.011198
22 0.011111 0.00058453 2.717 0.68105 0.011099
23 0.011007 0.00028512 1.8918 0.30713 0.010987
24 0.011372 0.00016666 1.5137 0.17859 0.011355
25 0.010877 0.0005144 2.4423 0.3778 0.010869
26 0.011763 0.00030937 1.9208 0.46608 0.011744
27 0.011082 0.0001595 1.4866 0.19202 0.011064
28 0.011079 0.00051445 2.398 0.52766 0.011062
29 0.011743 0.00030457 1.8942 0.43535 0.011715
30 0.011572 0.0001726 1.5406 0.26388 0.011559
31 0.010933 0.00053997 2.5506 0.43304 0.010921
32 0.011667 0.00029324 1.8356 0.32996 0.011651
33 0.011226 0.00017186 1.5812 0.34841 0.011208
34 0.011074 0.00049941 2.3288 0.33911 0.01106
35 0.01172 0.00030192 1.8814 0.27817 0.01171
36 0.011407 0.00017348 1.5707 0.40721 0.011392
37 0.011851 0.00090556 3.9463 1.841 0.011846
38 0.011349 0.00029144 1.8756 0.29205 0.011338
39 0.011347 0.00017347 1.579 0.22978 0.011335
40 0.010616 0.00047342 2.303 0.3563 0.010605
41 0.011065 0.00026761 1.7664 0.20394 0.011049
42 0.011386 0.00017488 1.5864 0.31864 0.011369
43 0.010935 0.0005298 2.5021 0.59354 0.010922
44 0.011442 0.00029301 1.8703 0.2584 0.011425
45 0.011323 0.00016814 1.5337 0.24902 0.011307
46 0.012012 0.00058346 2.5085 0.65302 0.012002
47 0.011754 0.00030196 1.8763 0.59847 0.011738
48 0.011563 0.00017378 1.5523 0.31203 0.011551
49 0.010666 0.00049154 2.38 0.29353 0.010619
50 0.011562 0.00032256 2.0375 0.68646 0.011547
51 0.01133 0.00017186 1.5667 0.28737 0.011313
52 0.012507 0.00035492 2.0726 0.50639 0.01249
53 0.01162 0.00018124 1.6111 0.34246 0.011599
54 0.011572 0.00011194 1.4129 0.23753 0.011554
55 0.011108 0.00050464 2.3462 0.2807 0.011088
56 0.011447 0.0002993 1.9095 0.46046 0.011427
57 0.011458 0.00017385 1.5671 0.45843 0.01144
58 0.011932 0.00052583 2.2758 0.28451 0.011906
59 0.01115 0.00027822 1.8223 0.27146 0.01113
60 0.011494 0.00018783 1.6879 0.85043 0.011477
61 0.011497 0.00054743 2.4591 0.37093 0.011487
62 0.011493 0.00029722 1.8888 0.40293 0.011478
63 0.01143 0.00017067 1.5423 0.2233 0.011416
64 0.010895 0.00047866 2.2689 0.26545 0.010876
65 0.011748 0.00028001 1.7408 0.27247 0.011731
66 0.011434 0.00016602 1.4998 0.17269 0.011419
67 0.011958 0.00065142 2.8133 0.97456 0.011951
68 0.010953 0.00027873 1.8586 0.40371 0.010933
69 0.011077 0.00016428 1.5317 0.20814 0.011061
70 0.011058 0.00051317 2.3965 0.37888 0.011028
71 0.011039 0.00031993 2.1166 0.98368 0.011024
72 0.011581 0.00017924 1.5985 0.36776 0.01157
73 0.012685 0.00063136 2.5704 0.4379 0.012672
74 0.011244 0.00027467 1.7841 0.25627 0.011226
75 0.010923 0.00015971 1.5102 0.22313 0.01091
76 0.010471 0.00049626 2.4476 0.36656 0.010464
77 0.01145 0.00029968 1.9116 0.40085 0.011434
78 0.011122 0.00016937 1.5728 0.27443 0.011106
79 0.010336 0.00047926 2.3945 0.34233 0.010332
80 0.011355 0.00028555 1.8365 0.29193 0.011336
81 0.011434 0.00017276 1.5606 0.33453 0.011413
82 0.011851 0.00057864 2.5215 0.3863 0.011825
83 0.01107 0.00027968 1.8451 0.37602 0.011051
84 0.011544 0.00016915 1.5134 0.35307 0.011526
85 0.012107 0.0006165 2.6296 0.45947 0.012092
86 0.011481 0.00029364 1.8679 0.52299 0.011467
87 0.011293 0.00016688 1.5264 0.20734 0.011278
88 0.012107 0.00072128 3.0767 1.2927 0.012091
89 0.011844 0.0002933 1.8086 0.34074 0.011828
90 0.011662 0.00017291 1.5314 0.26579 0.011643
91 0.010952 0.00078722 3.7122 1.6285 0.01093
92 0.011379 0.00028332 1.8184 0.23002 0.011362
93 0.011582 0.00017774 1.585 0.41297 0.011562
94 0.011301 0.00058675 2.6812 0.47956 0.011291
95 0.011777 0.0002953 1.8314 0.29407 0.011758
96 0.011381 0.00016349 1.4836 0.25033 0.011368
97 0.011932 0.00060779 2.6306 0.70532 0.011919
98 0.012246 0.00032881 1.9609 0.56462 0.012233
99 0.011282 0.00016987 1.5552 0.31929 0.011264
100 0.012011 0.00058168 2.5011 0.49934 0.011997
101 0.011491 0.00029528 1.8767 0.39697 0.011474
102 0.011243 0.00016976 1.5595 0.23455 0.011224
103 0.011863 0.00057503 2.5033 0.43937 0.011833
104 0.011118 0.00027634 1.8154 0.26015 0.011102
105 0.011193 0.00016946 1.5638 0.49492 0.011176
106 0.011744 0.00065895 2.8977 0.98057 0.011726
107 0.011523 0.00030167 1.9121 0.40794 0.011506
108 0.011489 0.00017206 1.5469 0.20339 0.011471
109 0.011127 0.00052556 2.4394 0.45596 0.011111
110 0.011318 0.00029401 1.8973 0.3712 0.011301
111 0.011189 0.00016907 1.5608 0.26652 0.011173
112 0.010862 0.00049121 2.3355 0.28191 0.010834
113 0.011493 0.00029087 1.8484 0.29176 0.011476
114 0.011306 0.00017058 1.5584 0.22364 0.011294
115 0.011385 0.00028195 1.8087 0.23237 0.01136
116 0.011465 0.00018383 1.6561 0.65026 0.011452
117 0.011557 0.00011475 1.4503 0.27965 0.011545
118 0.011957 0.00059602 2.5743 0.45747 0.011948
119 0.011293 0.00026598 1.7202 0.22361 0.011276
120 0.011217 0.00016671 1.535 0.21227 0.011201
121 0.011509 0.00059332 2.6623 0.76682 0.011499
122 0.011249 0.00031803 2.0648 0.7582 0.011227
123 0.011625 0.00018008 1.5999 0.30406 0.011611
124 0.011374 0.00055386 2.5147 0.5265 0.011362
125 0.011191 0.00027724 1.8093 0.39991 0.011177
126 0.011237 0.00016688 1.534 0.30213 0.011225
127 0.011402 0.00056892 2.5767 0.56997 0.011386
128 0.01098 0.00027878 1.8544 0.36415 0.010964
129 0.011254 0.0001724 1.5822 0.25988 0.011242
130 0.011809 0.00058353 2.5518 0.46951 0.011803
131 0.011617 0.00028465 1.7895 0.33529 0.011604
132 0.011247 0.00016576 1.5223 0.37348 0.01123
133 0.01157 0.00058878 2.6281 0.58317 0.011558
134 0.011823 0.00030535 1.8862 0.36531 0.011804
135 0.011248 0.00016552 1.52 0.27415 0.011237
136 0.013139 0.0007126 2.8008 0.67271 0.013089
137 0.011358 0.00027623 1.7763 0.28619 0.011338
138 0.011608 0.0001677 1.4922 0.25884 0.01159
139 0.010687 0.0005009 2.4205 0.35864 0.010677
140 0.01132 0.00027864 1.7977 0.30243 0.011306
141 0.011536 0.00017416 1.5594 0.26152 0.011517
142 0.011585 0.00051408 2.2917 0.28171 0.011567
143 0.011203 0.00027037 1.7625 0.28594 0.011186
144 0.011369 0.00016788 1.5252 0.31665 0.011351
145 0.01028 0.0004657 2.3395 0.34289 0.010255
146 0.011235 0.0002722 1.7695 0.32726 0.011219
147 0.011819 0.00017815 1.5569 0.26899 0.0118
148 0.011077 0.00051986 2.4237 0.31062 0.011069
149 0.011289 0.00032215 2.0841 0.8061 0.011275
150 0.011324 0.00016994 1.5501 0.25367 0.011306
151 0.011206 0.0005406 2.4914 0.47901 0.011195
152 0.011408 0.00027777 1.7783 0.32472 0.011393
153 0.011437 0.00017171 1.5507 0.27889 0.011417
154 0.010616 0.00048398 2.3544 0.42129 0.010583
155 0.011404 0.00028339 1.8148 0.44826 0.01139
156 0.011393 0.00017062 1.5469 0.30716 0.011379
157 0.011456 0.00055037 2.4811 0.50387 0.011442
158 0.011152 0.0002772 1.8153 0.30199 0.011135
159 0.011147 0.00016161 1.4975 0.24963 0.01113
160 0.011404 0.00052298 2.3683 0.38466 0.011391
161 0.011539 0.00029742 1.8824 0.36142 0.011509
162 0.011673 0.00018002 1.5928 0.47457 0.011656
163 0.011076 0.0002699 1.7796 0.29639 0.011061
164 0.011617 0.00018229 1.6206 0.31989 0.011605
165 0.011342 0.0001106 1.4243 0.39294 0.011324
166 0.010834 0.00052092 2.483 0.37598 0.010826
167 0.011225 0.00032872 2.1388 0.88426 0.011201
168 0.011471 0.00017682 1.5921 0.44124 0.011458
<lo_statistics>
<cumulated_time> 104.501772 </cumulated_time>
</lo_statistics>