  0.00302840038251181  0.01134889770945843  0.02169081362894067  0.03387178183067878
  0.04704546379776445  0.05962393400466362  0.07154235554675079  0.08273169607813829
  0.09393353831973310  0.10458352405306760  0.11452602832355645  0.12380405234219398
  0.13311652791451564  0.14322368054236262  0.15417832441578161  0.16542168065192750
  0.17596696632648687  0.18558811250000859  0.19452766212896466  0.20340379968359529
  0.21226608586686285  0.22133890935356026  0.23038463792634842  0.24014710313351076
  0.24975546165267679  0.25965200596793403  0.26879314094905371  0.27827187167925499
  0.28827401454547397  0.29748582060618806  0.30707020384268180  0.31691253442625772
  0.32624630990043052  0.33533776441556262  0.34437874977925470  0.35342815325602561
  0.36260978748418504  0.37163074562703224  0.38098974292438670  0.39020698623700784
  0.39927820016911114  0.40846949282175460  0.41830406948411691  0.42834926143040858
  0.43864803758675430  0.44939755152035771  0.46177187719371571  0.47399430705154044
  0.48427406443710425  0.49262147662030009  0.50088077708070855  0.50987362006403936
  0.52023418525030696  0.52975323735906665  0.54009859941057847  0.55150909929946390
  0.56377554551167297  0.57591170592886998  0.58758826054538627  0.59903506418803254
  0.61038238516993937  0.62193151393031576  0.63372679451887914  0.64554669699122735
  0.65707408582954385  0.66796390940374406  0.67796837271591825  0.68915372984643253
  0.70048511591011076  0.71113457086103782  0.72172999933973225  0.73307718011382295
  0.74485243593461647  0.75557014788359234  0.76579487979724259  0.77607521268645963
  0.78717021645606056  0.79811673465031208  0.80846635328645355  0.81886496797585206
  0.82982940303830188  0.84191642633113606  0.85459795750042966  0.86699892662518263
  0.87911562808233823  0.89085732836740816  0.90213999899125519  0.91307846581296215
  0.92373562784177543  0.93402706966577875  0.94460746123068606  0.95478761485549812
  0.96534589980625007  0.97567888779111855  0.98712983043279878  1.00000000000000000
  0.00243282463567498  0.00398588777846761  0.00502160744653960  0.00605440113686138
  0.00698600853016242  0.00781961741966510  0.00860557475699878  0.00935687655378139
  0.01006870968202070  0.01073353196814904  0.01140951246815646  0.01208034243242680
  0.01275962881444808  0.01342707514579075  0.01411827343694246  0.01482543331107749
  0.01553701256105717  0.01623547592326400  0.01691584863944798  0.01758438038262971
  0.01825456498994745  0.01896695296973634  0.01968231448160877  0.02034895913766218
  0.02099839071568799  0.02162520634278662  0.02229117802431239  0.02298446172635154
  0.02368811800438602  0.02444392141044568  0.02525761434315713  0.02610360882426825
  0.02694938103056363  0.02779378766429561  0.02882072049752911  0.02989485999846360
  0.03097134800707917  0.03198469359741919  0.03293347167541640  0.03385770393623613
  0.03478456605651192  0.03572242240883384  0.03668754811285865  0.03769329742040070
  0.03875082646235954  0.03981518914371136  0.04076148370617454  0.04172874092333404
  0.04273965357338918  0.04380187099655160  0.04512080769319160  0.04662324779400487
  0.04820593613224094  0.04981472790741755  0.05142487585683814  0.05305465799520973
  0.05472393186537822  0.05636951825893016  0.05800239464801969  0.05971877940804247
  0.06125979811450730  0.06282921991332686  0.06443355163825781  0.06617948055269177
  0.06808096639111737  0.07009365858171053  0.07228625490059293  0.07464781246934532
  0.07724742546421690  0.08010241576164351  0.08297414458464417  0.08545182786640225
  0.08747239342682761  0.08928031610470970  0.09109631744042385  0.09310501700889109
  0.09529457667983310  0.09759443511869431  0.09994158865735926  0.10239551460345757
  0.10510329466475987  0.10869698581325674  0.11420605068415908  0.11930085230588382
  0.12432357862127190  0.12960263033416444  0.13526400462385593  0.14095833882685435
  0.14554645451872372  0.15079993493319871  0.15774397058010409  0.16947465901395137
  0.23467921299786151  0.32196291626934243  0.37603795887942892  1.00000000000000000
  0.00009351416140375  0.00011165078978123  0.00013512107742189  0.00015950789153298
  0.00018701259450645  0.00021634307583068  0.00024605920135147  0.00027718414894702
  0.00030988547095767  0.00034554540256754  0.00038584793621723  0.00043211052316567
  0.00048281637083559  0.00053693255728563  0.00059390290556933  0.00065240811532371
  0.00071617180556343  0.00078429283698213  0.00085745044264374  0.00093240936772457
  0.00101112529482555  0.00109365103371699  0.00118387078730816  0.00127671566678644
  0.00137029520725809  0.00146729697625030  0.00156787533723173  0.00166901994799341
  0.00177046623623048  0.00187502017301628  0.00198377729008022  0.00209580348812727
  0.00221541066557374  0.00235037207875065  0.00249303490836337  0.00263032734166623
  0.00276939469008467  0.00291661676273387  0.00307020725074266  0.00323254104930006
  0.00340788220687151  0.00359516686698502  0.00378362156996376  0.00397122868772574
  0.00416775786591300  0.00435950232343412  0.00456216805479583  0.00477177130904787
  0.00499156136109724  0.00522836357696715  0.00548495546804435  0.00575209417088883
  0.00603023706658690  0.00632637108870648  0.00660453515906534  0.00688235661361169
  0.00714640145351140  0.00741402539614816  0.00772361799088589  0.00804946519013799
  0.00838491566490014  0.00873403389077811  0.00909629235358461  0.00954501872312684
  0.01005925917498433  0.01060336964320668  0.01115769495559143  0.01175972738930059
  0.01238989220922064  0.01304587940883111  0.01366539575369088  0.01432318995746428
  0.01513469200118353  0.01600080393920977  0.01682376521619349  0.01758602420295677
  0.01837836673470601  0.01950462983964089  0.02071882901237968  0.02186237359736893
  0.02304898556233562  0.02443026640773314  0.02600828777944472  0.02760218206170488
  0.02976831560924315  0.03274139983149311  0.03635060204499403  0.04037926563228719
  0.04452436278201918  0.04958875112535201  0.05572163392791345  0.06435076231901041
  0.07640800926174755  0.09243173151120841  0.11960555292481789  1.00000000000000000
 -0.00245248691909496  0.00822036352114488  0.01756149228051486  0.02678657091240204
  0.03600766165961698  0.04527363141812038  0.05463229366352382  0.06378977500126606
  0.07255682285996749  0.08119408997101628  0.08975664870752020  0.09788875438433538
  0.10588473563996989  0.11408466608657608  0.12273634736717275  0.13252383932412759
  0.14280525408046185  0.15421597197162498  0.16545694098597880  0.17581396456936177
  0.18543455703912332  0.19470999930960950  0.20397194634599575  0.21290877997032490
  0.22196588941172815  0.23081009617837941  0.23994026747102654  0.24980299560420385
  0.26012204436103592  0.26997459650974115  0.27883073836596262  0.28771214745155138
  0.29708055436256597  0.30729468508385510  0.31685770501780564  0.32583656394635929
  0.33474025933240825  0.34345461761476248  0.35172602205418829  0.35990276279673566
  0.36849047101183335  0.37770561258879365  0.38623364727630355  0.39447643303093000
  0.40358543173732053  0.41387781964636516  0.42479563019097610  0.43578560318534859
  0.44630670977851911  0.45647749328807918  0.46703506412725204  0.47700459012927515
  0.48663580413954360  0.49549949518630354  0.50491412238861499  0.51548596128773772
  0.52618700985335853  0.53708574569883860  0.54711524088695651  0.55629110580813801
  0.56441206425597068  0.57201846998134664  0.57962554127303245  0.58764901799865277
  0.59591436170976786  0.60395120543789071  0.61399691746519869  0.62268160746862866
  0.63165535785497018  0.64096998023893126  0.64984601872919556  0.66110385630425805
  0.67240059527671470  0.68438314845477943  0.69627953100764839  0.70798937863147826
  0.72007584310181216  0.73180401227205460  0.74375493560350914  0.75556673262319585
  0.76741499611779940  0.77897829612439518  0.78972719730411300  0.80089130552148158
  0.81271708179847824  0.82534484937437314  0.83884757886928762  0.85284231416326872
  0.86678005960546667  0.88205471233252553  0.89962229444924680  0.91820931586109422
  0.93728347645968035  0.95821847384543668  0.97835416829895128  1.00000000000000000
 -0.00338934949247822  0.01077569614914157  0.02240441577451396  0.03357183779138143
  0.04481366578151026  0.05544704670832517  0.06578684877225348  0.07568342845135277
  0.08703589151749938  0.09825321999813066  0.10983681929048239  0.12096350900274624
  0.13165002630042574  0.14237239559291195  0.15319065064156812  0.16496905763945999
  0.17704993592067120  0.18919744964928470  0.20161561226065589  0.21346301830208186
  0.22425624466034486  0.23546190058702127  0.24618347767417559  0.25727425801110793
  0.26840173298104419  0.27850755154333900  0.28739967823292556  0.29577746188923681
  0.30416626544859410  0.31323712376320550  0.32363272434702511  0.33487050455725670
  0.34653100770567657  0.35652081625368426  0.36546503257913454  0.37443633822976086
  0.38439304154939974  0.39540219077170918  0.40555221074051817  0.41292170232870945
  0.42156942131289327  0.43073329511665848  0.44045305609429314  0.45102318668882579
  0.46136698293518547  0.47222665513447887  0.48303805232136093  0.49321458912133342
  0.50249269194841351  0.51179991735811448  0.52163835476101295  0.53148171074306616
  0.54139368257884879  0.55144026979431315  0.56207801806245028  0.57419749065741044
  0.58659760291034124  0.59735410679148959  0.60711077148877657  0.61646213221289059
  0.62614823484865079  0.63595512163330981  0.64560908250143090  0.65591168468978145
  0.66687440025183198  0.67792337950956272  0.68841209992269159  0.69853740115654173
  0.70866973867802197  0.72032311492205836  0.73191322276861892  0.74313222349066499
  0.75383771178498171  0.76305765230889078  0.77199385633667406  0.78102565330444063
  0.79022094357975647  0.79963526150962549  0.80971267672663871  0.82165791218909101
  0.83484389659918579  0.84715714648792051  0.85829835124952258  0.86917608754075937
  0.87880800214408739  0.88868267241657006  0.89888058761533329  0.90963238128846180
  0.92047316927358880  0.93081811727228303  0.94181286146727494  0.95406047404378946
  0.96578114472202836  0.97705781155144622  0.98851945665075380  1.00000000000000000
 -0.00536441574989403  0.04298563378357092  0.07949290401569639  0.10988498482872011
  0.13586954573354254  0.16042638305105733  0.18442734331591987  0.20778912829886947
  0.23041159794893346  0.25271591000458254  0.27414194741691078  0.29416116378251189
  0.31232534999887956  0.33036884988099169  0.34909556512802831  0.36777229992559002
  0.38536309088630122  0.40166554751060346  0.41676303401801396  0.43146485296881376
  0.44601947784807267  0.46068060763778962  0.47497347699318909  0.48878531703871303
  0.50227030285527741  0.51534379540622932  0.52786796461009922  0.54013268615516397
  0.55262014212978561  0.56473654791838035  0.57525818076481339  0.58541047363820931
  0.59595233262364977  0.60707843393473560  0.61840919352607071  0.62931672315396181
  0.63985002705954319  0.65015852176862032  0.66007410738695504  0.66949923531923594
  0.67856559879480094  0.68802041519429680  0.69802447779772947  0.70804724420663889
  0.71800905036329199  0.72777083755051852  0.73712752002560811  0.74608012012801794
  0.75434190851597760  0.76238050648676237  0.77032062958432068  0.77807632722985898
  0.78617815657048939  0.79341812183831772  0.80037187288950140  0.80690379552658709
  0.81347034004375540  0.81979214136129108  0.82619445288980153  0.83253355387485006
  0.83863112960672936  0.84464704266263835  0.85057463518723331  0.85698264061351404
  0.86298792786346401  0.86900261194427086  0.87473833399340550  0.88020618746478985
  0.88571817801957886  0.89043378929058514  0.89516306480188956  0.90027538410214059
  0.90562431003132660  0.91100441587413561  0.91639053521660963  0.92154164944651062
  0.92624810135265123  0.93074423067344980  0.93516006736864576  0.93952185359646878
  0.94328725208588493  0.94770463659121262  0.95236228054786409  0.95646991698117134
  0.96028384362551478  0.96373385148801161  0.96715853409650154  0.97072522560573993
  0.97451151801346880  0.97845004197480967  0.98248833847279604  0.98653696233260024
  0.99027362141781383  0.99369669562209961  0.99699038259551698  1.00000000000000000
 -0.00188453030394604  0.00916922383998768  0.01909460749756513  0.02902871693811816
  0.03919927491919068  0.04907947680794483  0.05848399283564035  0.06720778374289370
  0.07662715837588138  0.08719686089127489  0.09912007466332730  0.11074753267931903
  0.12150714231074565  0.13205014693692291  0.14241852885914180  0.15216402435358495
  0.16244822294855915  0.17314877794621433  0.18469221361012744  0.19609622454394124
  0.20606678004021797  0.21565934366283041  0.22517196054563912  0.23513148760812852
  0.24672443940318392  0.25966685202698142  0.27362733165879327  0.28725959931710021
  0.29979428845868156  0.30969129704183862  0.31833050366816928  0.32648655663517318
  0.33541248770385268  0.34518091601785034  0.35566247812898383  0.36628245710324037
  0.37623460255058339  0.38637550988851138  0.39675556459611017  0.40805704190503828
  0.41879105794790178  0.42841736888988308  0.43715586029422571  0.44566384532702019
  0.45509808153262238  0.46721333737219750  0.47975995288713452  0.49197483959446681
  0.50392528387487434  0.51564388094297442  0.52721259207542481  0.53886455561992841
  0.55057424408426558  0.56178724116256973  0.57228957557565729  0.58247861737421724
  0.59287728377421667  0.60348167596391666  0.61325252218062887  0.62253049316541531
  0.63245337466732177  0.64348269104436295  0.65462517198779524  0.66521488364438952
  0.67603957691715622  0.68760801941518335  0.69978686182727712  0.71203086296105211
  0.72442406559023531  0.73572236541932934  0.74728257447615498  0.75835172060481049
  0.76976352247590341  0.77990357156887158  0.78976166930932401  0.80003794168809972
  0.81136477663419826  0.82297588668540078  0.83376212005994776  0.84381652791626605
  0.85355931092998683  0.86317450219894998  0.87268015958454292  0.88183403694177709
  0.89078963984138104  0.90006214350724545  0.90972730197181373  0.91964917116471101
  0.92982518816797177  0.93847210291997085  0.94833046686793232  0.95763962053755303
  0.96834484399751475  0.97829663421147417  0.98936849469326194  1.00000000000000000
 -0.00201994442973667  0.00747330824806168  0.01665922861033874  0.02675559401398981
  0.03783078959558434  0.04852508148124859  0.05952976946622307  0.07105519436269883
  0.08258754202529484  0.09359808957755426  0.10377526863271720  0.11296363973540198
  0.12190480053370269  0.13137423509217719  0.14209922887129303  0.15390323599287528
  0.16618985072876333  0.17666640194613845  0.18581019123524431  0.19401420952860712
  0.20236949055351669  0.21108115165055213  0.22090907435863646  0.23260162880385352
  0.24490789286964643  0.25827757625538916  0.27061390548949904  0.28194774150529833
  0.29310727449219959  0.30425144985076086  0.31501299371820357  0.32543814658223996
  0.33622198190778840  0.34764052732440825  0.35884843881889267  0.36907708481978063
  0.37851668283110956  0.38755783148351469  0.39686402574902413  0.40603397359105903
  0.41532794879924140  0.42532632472207427  0.43540905493488508  0.44713931567149240
  0.45829877185649476  0.46859609043824790  0.47887891366997243  0.48858433219342151
  0.49935062911104094  0.51126907759191864  0.52242833176374004  0.53206131751362606
  0.54134191747760141  0.55097379144777148  0.56132893324603450  0.57120557044239872
  0.58090589581096830  0.59031694443422289  0.59955553553576424  0.60965005432669128
  0.62040850368534184  0.63126956800837397  0.64276845876351962  0.65406867870199914
  0.66543079158132079  0.67726522890499907  0.68933801440006381  0.70068343852238635
  0.71237898513487796  0.72403348359435338  0.73502206148456040  0.74520787274120193
  0.75581830631494218  0.76656493673303927  0.77705235315532961  0.78747334139009306
  0.79852633969301645  0.80969977219893230  0.81948371819185106  0.82852145126667776
  0.83752879556119031  0.84747270314122314  0.85896247541351523  0.87137782118159013
  0.88433347651792282  0.89645700274550866  0.90672352556614455  0.91621743616392515
  0.92573298293210626  0.93566857691305994  0.94607158495417643  0.95645176718289804
  0.96700777263815485  0.97783173939692880  0.98846270661190949  1.00000000000000000
  0.20488049481420592  0.64084207746241317  0.66810897833335814  0.69002178871469100
  0.71015391032799990  0.72834920289787064  0.74414043294237608  0.75928799914543788
  0.77248084355939661  0.78394131168956049  0.79448382244816496  0.80434168295329422
  0.81330422028337179  0.82076175520252292  0.82832930641991376  0.83577739504259529
  0.84236140010043614  0.84841979023727687  0.85427385485404117  0.85983960226609168
  0.86519336589844398  0.87037223317798518  0.87522886360797836  0.87950887031883018
  0.88339267474233552  0.88715520662543135  0.89089037007577754  0.89459904992787076
  0.89786986365757648  0.90096366674110129  0.90410564205232236  0.90719152828254745
  0.91005721443341869  0.91278436433595311  0.91542511723391384  0.91795829459935308
  0.92029672332898071  0.92261453126064652  0.92474035076217742  0.92679728176295817
  0.92885117152418262  0.93096221503708110  0.93305398913520099  0.93500838516233353
  0.93687926889624751  0.93861289397334369  0.94020817387579214  0.94176259709110366
  0.94322798946499198  0.94465209115994919  0.94606500756334377  0.94745195614911071
  0.94880448280851881  0.95018926994359387  0.95153917956311640  0.95289319453401822
  0.95430159530281078  0.95573747534733033  0.95711661873706222  0.95843325144777392
  0.95973569742843512  0.96097222358187817  0.96218022132214598  0.96337524656765350
  0.96451005389235567  0.96563691065927026  0.96674464869853161  0.96786162879159543
  0.96897863079816737  0.97005732299971181  0.97118250218799274  0.97223333228653719
  0.97324231012671791  0.97421473444405493  0.97517847157632276  0.97618487990913594
  0.97720960841969473  0.97818992763362478  0.97913475832768815  0.98005486029539335
  0.98093306523189316  0.98181074167698990  0.98270337181181489  0.98367239185176880
  0.98466656582741485  0.98568331804983700  0.98672405061896629  0.98779156980016625
  0.98909708886550707  0.99071004878032665  0.99268840191084595  0.99442530902437654
  0.99579020693579534  0.99711559226893887  0.99847818306707647  1.00000000000000000
   1.2513003123169192E-008  -1.0000000000000000     
 F F F F F F F F F F F F F F F F F F F F F F F F F F F F F F F F F F F F F F F F F F F F F F F F F F F F F F F F F F F F F F F F
  <DiscreteSampler_grid>
  grouped_processes
  1 # 1 for a reference and 2 for a running grid.
  10 # Attribute 'min_bin_probing_points' of the grid.
  1 # Attribute 'grid_mode' of the grid. 1=='default',2=='initialization'
  0.0000000000000000 # Attribute 'small_contrib_threshold' of the grid.
  0.5000000000000000 # Attribute 'damping_power' of the grid.
 # binID   n_entries weight   weight_sqr   abs_weight
    10   10   1.447488766359252E+001   1.394852424810806E+003   1.447488766359252E+001
  </DiscreteSampler_grid>
