  0.00303893731749023  0.01164907348950809  0.02251472102348833  0.03505146467613442
  0.04942653429875830  0.06359859979788346  0.07449747647954987  0.08344830811560175
  0.09216365227971397  0.10364851163966954  0.11392458715725616  0.12093810567945257
  0.12795747660990975  0.13563806386436650  0.14339527150903705  0.15238937427906579
  0.16179609891792263  0.17278274582601999  0.18539602114984927  0.19915602018059103
  0.21344186541747664  0.22769183010793279  0.24211881477809261  0.25627687292720613
  0.26915778194277268  0.27888646431267772  0.28561998532740362  0.29194188123829529
  0.29818220422322911  0.30476702316077131  0.31183472843647109  0.32044968024530707
  0.33000590375958361  0.33998792636739555  0.34956555275405332  0.35985019121008543
  0.37096065168774639  0.38270186202448686  0.39498141099690015  0.40734204713880989
  0.41971276932732227  0.43109795376734578  0.44029033430261444  0.44929871649458347
  0.45858997045184263  0.47055949556484389  0.48218481282925835  0.49316162145829917
  0.50344976923965967  0.50970837676530190  0.51539908412112212  0.52123812202166508
  0.52682639530371889  0.53236414440485647  0.54233769404306842  0.55506718137070077
  0.56687632717260628  0.57678337000908952  0.58720550699973872  0.59861140753338538
  0.61133372263945618  0.62359932674841467  0.63665796245539497  0.65137301281567317
  0.66666310817504815  0.68079403762109669  0.69319759709771345  0.70265771486217787
  0.70937557249052852  0.71642702173365069  0.72502387268124535  0.73615917297839206
  0.74710756643440379  0.75857486467449553  0.77004672180149858  0.77993527466934498
  0.79050923197549283  0.80216518642440449  0.81444735120392020  0.82859279236193473
  0.84081123335345576  0.85214181789737664  0.86519288974656328  0.87825452246629909
  0.89035076449410488  0.90205665251051848  0.91376781658565409  0.92500966133340889
  0.93635763003253503  0.94866359187716875  0.96099816924566150  0.97208948094645409
  0.98092383011924056  0.98758868660241983  0.99248542400736395  1.00000000000000000
  0.00000783373245619  0.00000886545748948  0.00001062477375374  0.00001287597079040
  0.00001590956234884  0.00002027724677327  0.00002581261485615  0.00003215781493395
  0.00003840771082968  0.00004497194048045  0.00005232274423356  0.00006246610555853
  0.00007199288512335  0.00008114345713588  0.00009039506696605  0.00010014890005520
  0.00011288827000038  0.00012473685333751  0.00013576144744905  0.00014606249196923
  0.00015589206749442  0.00016762511342669  0.00017954821473411  0.00019019085717300
  0.00019931278137872  0.00020867659149354  0.00021876580423926  0.00022919043150795
  0.00024436340711368  0.00026331903988434  0.00028142501856007  0.00029461246853996
  0.00030467912276894  0.00031640819502311  0.00032877397683915  0.00034157738173186
  0.00035267324172619  0.00036188085938125  0.00037224494805624  0.00039117850662286
  0.00041379500256432  0.00043672344516039  0.00046143757648294  0.00048924239413362
  0.00052042532576652  0.00056074156591014  0.00059871522099445  0.00063732062950636
  0.00067510010586798  0.00071236016419994  0.00075287931960892  0.00079783984311282
  0.00084791246203824  0.00090735540222726  0.00096746829846366  0.00102919446741800
  0.00107857386859860  0.00111762495690184  0.00115915545665101  0.00120203649738770
  0.00124357543837373  0.00129152381371450  0.00135530996528140  0.00142892725344078
  0.00149855039789547  0.00155913122662718  0.00161512208652241  0.00167629536599631
  0.00174278596783978  0.00182199864280500  0.00193771163173024  0.00205672016661990
  0.00218516857345277  0.00232816056492145  0.00250971223631593  0.00272576379453382
  0.00296510694506667  0.00324522639607102  0.00355410183757811  0.00386255570897118
  0.00422635087271868  0.00464713188484346  0.00516523517954637  0.00587974745049509
  0.00677272818815625  0.00766928331062601  0.00858121349369159  0.00982808503964634
  0.01156384687066987  0.01485119738281172  0.01907753747214781  0.02524114339956985
  0.03426928409722045  0.05992698244299484  0.33082159605333905  1.00000000000000000
  0.00000716120785591  0.00000842742998854  0.00000905140510394  0.00000960285271270
  0.00001017261189412  0.00001068704868813  0.00001127558395395  0.00001186887885241
  0.00001277707121202  0.00001414436701373  0.00001557628694537  0.00001685663177535
  0.00001825333925645  0.00001975419051885  0.00002127135301298  0.00002283058934353
  0.00002448768540845  0.00002628290664526  0.00002814403136003  0.00002973699348362
  0.00003151775398645  0.00003346824361270  0.00003566858603146  0.00003814608596463
  0.00004246634597086  0.00004707450691019  0.00005184362361453  0.00005751356304683
  0.00006362780110642  0.00007026476516394  0.00007743028338414  0.00008479024806645
  0.00009165518325286  0.00009738369017856  0.00010234669159913  0.00010741125341311
  0.00011262799397691  0.00011992616854436  0.00012927389499580  0.00014051717753904
  0.00015351253814600  0.00016740312618063  0.00017986415437761  0.00018959840113042
  0.00020064927196222  0.00021346345406731  0.00022875876040874  0.00024566076766373
  0.00026654749299406  0.00028776931292247  0.00031334344314749  0.00033955593684059
  0.00035637453308860  0.00036923388628372  0.00038114760769511  0.00039226066614005
  0.00040508294389799  0.00041972709765290  0.00044217713580253  0.00046697363532546
  0.00048693448354271  0.00051898464581642  0.00057219446232924  0.00062591034726049
  0.00068225692857241  0.00073722020379640  0.00079859934332196  0.00086448221396107
  0.00093463976328512  0.00100682215318085  0.00108686159150504  0.00119447868996211
  0.00132243439856269  0.00147877417680913  0.00163945174204756  0.00182101074634720
  0.00205194310496963  0.00227270408768750  0.00253354066949322  0.00280223140173350
  0.00317522742979929  0.00370970376738624  0.00435366068396259  0.00493773913760222
  0.00546154421818275  0.00597471924898368  0.00685156280535480  0.00797178320587317
  0.00941217045781940  0.01170188949445056  0.01478893247638868  0.01837804681437242
  0.02763696578324922  0.04211855883535893  0.07395153037713675  1.00000000000000000
 -0.00466333235965590  0.01304694157707769  0.03019815903912805  0.04460595631519811
  0.05580321617848632  0.06620302833891581  0.07685389521122232  0.09118105544667268
  0.10628320003578935  0.12183096952489203  0.13891653719742197  0.15659189531157733
  0.17088569696210423  0.18556255989517234  0.20124378336447168  0.21713943985005044
  0.23199632191744576  0.24607680977347726  0.26190604905641374  0.27673284928939751
  0.28991725182083095  0.30193833356663208  0.31276350188802060  0.32336360839841460
  0.33528643101318351  0.35264246012004702  0.36992401871451291  0.38414205146721153
  0.39839155515700597  0.41268302539668950  0.42663234115428628  0.43854760084483835
  0.44878828846119317  0.46011473222130239  0.47130092689933184  0.48251860193048496
  0.49409396024816787  0.50591374854686388  0.51730307912810602  0.52589040980402713
  0.53447592461460935  0.54199861577760233  0.54905882223133307  0.55731119325834955
  0.56600918429689995  0.57555598438700117  0.58890039348154355  0.60231076923993732
  0.61291517327555733  0.62228680771166867  0.63205514029974019  0.64201317921287138
  0.65170750152889745  0.66182260559672401  0.67292466091652914  0.68284192153690226
  0.69380575952483714  0.70577100860889075  0.71422599798278497  0.72002540524629455
  0.72539120013078184  0.73080925928054474  0.73622824486738703  0.74169873730490510
  0.74808106861418810  0.75780904763855472  0.76859336285008217  0.77779060548585388
  0.78671412499738913  0.79526614039442889  0.80364494018363830  0.81210804075700638
  0.82120099270019020  0.82933233253601268  0.83600530590845312  0.84299469637834190
  0.84983242688165705  0.85840516069919537  0.86639933895105936  0.87459269272212148
  0.88305405032581308  0.89179409775401419  0.90092279144016485  0.91021884973055489
  0.91895879869106112  0.92563870299170958  0.93118751323370053  0.93644127740143690
  0.94220918638125839  0.94822909740349937  0.95558389348271700  0.96479930857454876
  0.97305228959400947  0.98217769892877438  0.99119621090468091  1.00000000000000000
 -0.00340535307908978  0.01185491361448237  0.02401670828758973  0.03484767254826410
  0.04533379442411291  0.05502765273871447  0.06430742888425191  0.07340615314503655
  0.08215474860481783  0.09202816368925487  0.10121253929320564  0.11138623850500967
  0.12001814316342291  0.12959257438302837  0.13870455389679995  0.14619919887302460
  0.15337749543247026  0.16107704275612469  0.17223291129706941  0.18635675625930689
  0.19995257672021485  0.21254320628794318  0.22497709939776178  0.23621695382595184
  0.24746314993991714  0.26035889796064582  0.27342707711519959  0.28616681591806670
  0.29955666895223032  0.31347227486569729  0.32680584999047030  0.33952428322941952
  0.35177681780474912  0.36374151566660695  0.37391455389535622  0.38251691954367162
  0.39083970428190828  0.40002587818648461  0.41002331154457700  0.41972631054969151
  0.42938525451761761  0.44013647199369071  0.45205163565426371  0.46418142924262740
  0.47652564476721931  0.48984894946920021  0.50466209061017475  0.52116366193232988
  0.53668209627233276  0.54913541518059639  0.56071936873563233  0.57269844748132714
  0.58558219190009253  0.59793461358289135  0.60808128907537418  0.61769023847626381
  0.62731750103947226  0.63780467252386075  0.64866457559249591  0.65951683511008441
  0.67162303264761392  0.68544095793545035  0.70033619372374178  0.71456220125250991
  0.72607444888707906  0.73610458251334909  0.74588011190901959  0.75759644341824073
  0.77176456003843397  0.78857896358407076  0.79931324519929980  0.80768794548298573
  0.81593995148542675  0.82321531956100169  0.82992035562441446  0.83646143181448807
  0.84292871345334996  0.84968330673700465  0.85694982344711690  0.86518861009896586
  0.87380360321180195  0.88191134616902989  0.88902651170937741  0.89601623347940440
  0.90299807832739709  0.91078321005079366  0.91902429628422122  0.93031780361950223
  0.94234931054305315  0.95626581081226036  0.97040049534821282  0.97855803875182423
  0.98364744752835542  0.98896603421010554  0.99445995123545228  1.00000000000000000
 -0.00282029002366507  0.01227764984441142  0.02126312416308665  0.02903624152258365
  0.03692255062784111  0.04435270513729077  0.04879037314497163  0.05308921535236015
  0.05693695419161086  0.06149402252494467  0.06650523097605279  0.07236358356644314
  0.08098911398841056  0.09085291701193433  0.09954458023370451  0.11021499381761286
  0.11959990170682075  0.12789140240648020  0.13664204671452460  0.14555140089555116
  0.15635155721441862  0.16834130702932479  0.17974509138313127  0.18935737805433492
  0.19880078254887468  0.20952625767367758  0.21886704850065386  0.22792913111334723
  0.23677625329414662  0.24607695106689809  0.25754532890323029  0.27079979109657498
  0.28535151496614219  0.29983414464715447  0.31376294171450358  0.32857669303428705
  0.34481788406081437  0.35937974339441237  0.37294822067915900  0.38610881654494295
  0.39890258122246203  0.40940128909381035  0.41917631450432202  0.42867599674199136
  0.43837731928499674  0.44920007430666381  0.45867344869110283  0.46794589359473632
  0.47717326157947842  0.48791910150345624  0.50156302251538298  0.51835816250226463
  0.53595003809189035  0.54618471685295944  0.55533535610759566  0.56297508344800407
  0.57013527753426574  0.57729551969051207  0.58556554249952841  0.59356906632952122
  0.60218565975218963  0.61099861907678299  0.62023614322971365  0.63126659319233047
  0.64502780359852996  0.65745921231853999  0.66875479246098368  0.67546227135320969
  0.68302444191311873  0.69092232200689940  0.69935013870959972  0.71162915773686453
  0.72479053357869061  0.73839083740999323  0.75279060842264478  0.76496252695606270
  0.77698461957397624  0.79072231071318944  0.80525365581550434  0.81940928187781115
  0.83303403797891029  0.84624982952467620  0.85907934289086141  0.86997613875155710
  0.87974628250013032  0.88824009084887068  0.89768760852453899  0.90904356026656474
  0.92165270348054085  0.93578449919945139  0.94884686607408375  0.96025792493150353
  0.96969595034228584  0.97985347904181030  0.98995911608607767  1.00000000000000000
 -0.00020194148232018  0.00139344585567363  0.00318412517382286  0.00514588175802499
  0.00726704510464627  0.00970241558621904  0.01218677560087071  0.01467800221084085
  0.01714836116762284  0.01964844687628182  0.02213399263467106  0.02462568322865193
  0.02715903915835098  0.02847827627152445  0.02996732485914388  0.03143898734477344
  0.03283233078403550  0.03427609142625654  0.03566054818103347  0.03787809541667270
  0.04045652644107720  0.04270578733229350  0.04454930744849539  0.04638055600345452
  0.04801718533475585  0.04945477434892771  0.05094685020735671  0.05233159937915698
  0.05369478762996212  0.05522282252682709  0.05706931313142455  0.05898057108878572
  0.06092124748005970  0.06278069726264876  0.06433182899755364  0.06588412592825874
  0.06741586825990990  0.06878824038000714  0.06996384702879115  0.07113532872789981
  0.07237668947130181  0.07377245536860490  0.07512283183502239  0.07664456730426021
  0.07884866672980374  0.08086673332250663  0.08284063684768261  0.08418210097933988
  0.08503775003537845  0.08592547415334781  0.08688198135937898  0.08805130978970326
  0.08928123511741096  0.09047768826691269  0.09171042922106654  0.09305961969964295
  0.09469850719840417  0.09682767263084260  0.09960812485820190  0.10173206487685131
  0.10330496007713157  0.10477425354354983  0.10665690689709040  0.10848633589567917
  0.11002795894077341  0.11202592615551386  0.11405428827617550  0.11568026085416215
  0.11727259586243591  0.11907768551901934  0.12061963428948168  0.12204903326060057
  0.12522742712685891  0.12770221326070855  0.12934163634790508  0.13001000258794698
  0.13059789642313707  0.13122145785245656  0.13229709433537551  0.13520344478125870
  0.13903718203070453  0.14256607597519474  0.14627902321725222  0.14994859288723669
  0.15398006801410402  0.15784573133732066  0.16189400151851868  0.16614445218993537
  0.16754532732272884  0.16884989806375592  0.17015446880478299  0.26976340331922471
  0.38652112737429667  0.50327885142936868  0.62003657548443958  1.00000000000000000
 -0.00332777845755987  0.01499932469532274  0.02406132870720960  0.03444330515170646
  0.04442397197617613  0.05480884392613969  0.06882502909801429  0.08507672894232382
  0.10166365647639622  0.11824810907460001  0.13467313656191376  0.15218067373285923
  0.17184292656058187  0.19072530293450177  0.20762739599803232  0.22484767338912090
  0.23654024328801504  0.24656976820742824  0.25740444116548616  0.27111773331611927
  0.28522158399694308  0.29861065898646794  0.31204562276980907  0.32617802726516731
  0.33882701036368551  0.34915704236027995  0.35876145559664180  0.36740387591371787
  0.37562867320819415  0.38379716990011919  0.39220445628046546  0.40039560385003703
  0.40950130601791601  0.41783297824325977  0.42556819413960711  0.43311428563565224
  0.44061957718455319  0.44806339960715796  0.45593775266342201  0.46477436960911889
  0.47225241652083516  0.47786400816696400  0.48242660329239495  0.48726528459695645
  0.49225874729908087  0.49738209780154080  0.50313599608160364  0.51045256043756870
  0.51743957295119514  0.52395380067029640  0.53049636104271447  0.53710941630332532
  0.54405322758127161  0.55136923655378123  0.55612972044802977  0.55937071396838101
  0.56361169734881300  0.56799642675858075  0.57205954553214389  0.57631101662780970
  0.58004414682092997  0.58984346957939426  0.59810121115689885  0.60672918882398241
  0.61570753660382194  0.62552058145135381  0.63700089871752041  0.64629552763012132
  0.65539239785958892  0.66479019459847410  0.67500337291700774  0.68457563575083458
  0.69332791346773925  0.70295825479096707  0.71541552566839317  0.72875061034305422
  0.74049923845089638  0.75281303490952722  0.76687753099383338  0.78373397659034960
  0.79975371377817794  0.81556303663417640  0.83018476033694666  0.84488788739249721
  0.86055561395036240  0.87165090192994910  0.88258790974797741  0.89252611280456906
  0.90271830480375936  0.91384948151857048  0.92707350022538437  0.93858847274381818
  0.95051127335864549  0.96520717016653101  0.98107028448178835  1.00000000000000000
  0.16633091965081440  0.68258723582165348  0.73714107571287901  0.77299095134808715
  0.80263590943155150  0.82785441834358087  0.84692242205845114  0.86168582284849438
  0.87545526211697533  0.88817262887069093  0.89924794341433634  0.90813888436447776
  0.91593540261984596  0.92283186468833411  0.92873094780303278  0.93417095916752280
  0.93924132920135450  0.94387875319298253  0.94814015161900500  0.95185795019327346
  0.95539981261463092  0.95840479772048637  0.96049997065564896  0.96246063230790668
  0.96445312443421904  0.96659674943956031  0.96852673366693176  0.97013627407919234
  0.97166896077755482  0.97326759784416095  0.97487233695079722  0.97624657434415152
  0.97755749029009886  0.97881377672010594  0.97996105860073768  0.98100818733510342
  0.98199687827193938  0.98297483816587572  0.98391137094501191  0.98480805226314538
  0.98562182960785816  0.98636703430857731  0.98709315241157825  0.98782810867331783
  0.98856864021502178  0.98927120799677692  0.98988567949368178  0.99049515683895417
  0.99105920843823614  0.99153891060562482  0.99200988789701150  0.99245812101593123
  0.99289175602719792  0.99331836119934502  0.99374023482537321  0.99417077945224175
  0.99460654063248455  0.99502597730786624  0.99531867704017951  0.99551262935643270
  0.99567902279314369  0.99584704977011740  0.99601710445543390  0.99618551281063306
  0.99634839892433991  0.99649252974191527  0.99662055184158904  0.99675610061304953
  0.99688558934068927  0.99703030117246405  0.99718121338675048  0.99732975178783767
  0.99747513552603584  0.99761879672026244  0.99775323297335516  0.99788072360667690
  0.99801234246803872  0.99814709231631882  0.99827813602399018  0.99840861016908189
  0.99854688000881309  0.99862703194406810  0.99870684710549684  0.99879230051970469
  0.99888395905539296  0.99898336626498740  0.99907219540258496  0.99915802668326659
  0.99924109933174587  0.99932126103977703  0.99940000226497294  0.99948596028658854
  0.99958258252558163  0.99970021423239297  0.99984353919914470  1.00000000000000000
   2.3685922998077905E-006  -1.0000000000000000     
 F F F F F F F F F F F F F F F F F F F F F F F F F F F F F F F F F F F F F F F F F F F F F F F F F F F F F F F F F F F F F F F F
  <DiscreteSampler_grid>
  grouped_processes
  1 # 1 for a reference and 2 for a running grid.
  10 # Attribute 'min_bin_probing_points' of the grid.
  1 # Attribute 'grid_mode' of the grid. 1=='default',2=='initialization'
  0.0000000000000000 # Attribute 'small_contrib_threshold' of the grid.
  0.5000000000000000 # Attribute 'damping_power' of the grid.
 # binID   n_entries weight   weight_sqr   abs_weight
    10   10   6.827161472925106E+002   1.568740492435636E+006   6.827161472925106E+002
  </DiscreteSampler_grid>
