  0.00237699514377961  0.01347911799790527  0.02064350746161899  0.02760933789625207
  0.03492544389575079  0.04164459089377363  0.05002025551240378  0.05932420023058144
  0.06949442754883142  0.08112315107847122  0.09286591862914491  0.10113934780195563
  0.10901923254237149  0.11769196811933463  0.12775472359287043  0.13873619150542418
  0.14954777409725289  0.15822002255005699  0.16435251798967232  0.16982674846904666
  0.17624481284677787  0.18388170705282658  0.19415044044057667  0.20433500727451773
  0.21512400721897848  0.22616149699196345  0.23561941567048145  0.24481317348588677
  0.25421862558736680  0.26408152998616052  0.27493536108549049  0.28585638957192799
  0.29655904830800667  0.30710726769533103  0.31756081721424878  0.32840915251455544
  0.33894615501435937  0.34980621901090814  0.36085394253735348  0.37168906000607399
  0.38217761773494097  0.39230595035675597  0.40199321656743081  0.41138906337166542
  0.42019880246999181  0.42873081572168747  0.43891021873485198  0.45025596210176683
  0.46197569761182888  0.47421219768869616  0.48671460452744225  0.49992230928495845
  0.51301634236174865  0.52472947154236849  0.53612278545841752  0.54790446052634545
  0.55995921363197865  0.57194152210607874  0.58367112169272928  0.59590193383636192
  0.60783602764504574  0.61816600259010901  0.63003328082058885  0.64310243976293924
  0.65600562810838214  0.66728342999468004  0.67633935066591766  0.68520616813492130
  0.69621586067742547  0.70845620993448233  0.71992891789157509  0.73047786121159231
  0.74142002224119619  0.75312846777124776  0.76616739373006626  0.77844650134376081
  0.79178317769081175  0.80369424620280960  0.81626857309352330  0.82981232818199147
  0.84289721478436985  0.85354236202491962  0.86351981886938001  0.87248817169322945
  0.88358377843043523  0.89594385964083345  0.90915465543873519  0.92219953368772667
  0.93415798506641101  0.94536862644612296  0.95483425171672032  0.96456319903897880
  0.97318952230229439  0.98096423931731747  0.99016163402718382  1.00000000000000000
  0.00000788961638683  0.00000843780243306  0.00000875060460586  0.00000901619665823
  0.00000925614965943  0.00000954135851439  0.00000987487392932  0.00001026449468870
  0.00001074124385271  0.00001124763324158  0.00001187683283026  0.00001260871208510
  0.00001350053784469  0.00001454862406324  0.00001577310203160  0.00001705528018913
  0.00001837954635182  0.00001969912430973  0.00002112197333290  0.00002262034843884
  0.00002405360229775  0.00002552632422175  0.00002714160980885  0.00002885571760259
  0.00003067619338114  0.00003265227577385  0.00003491009835098  0.00003734084078718
  0.00004000797128368  0.00004285743633880  0.00004643896286693  0.00005027813431203
  0.00005467724124517  0.00005979452178743  0.00006609898532755  0.00007345527532003
  0.00008126734056798  0.00008939437610532  0.00009735688010513  0.00010494486672294
  0.00011326494857111  0.00012236926709342  0.00013296924518217  0.00014633428699967
  0.00016004730235487  0.00017464807703913  0.00019156958999685  0.00020860127033851
  0.00022816733991742  0.00024841888941944  0.00027052205366622  0.00029855400937479
  0.00033343061601403  0.00037233739571818  0.00041210665248261  0.00045089370711474
  0.00048604846728272  0.00052110437065675  0.00055764726354144  0.00059087615617285
  0.00063594821458466  0.00069285174144108  0.00075299114785584  0.00081242571108259
  0.00087019541966722  0.00092952610599909  0.00099622307690008  0.00107682530874359
  0.00115645837593219  0.00123349110590098  0.00131807802529630  0.00142001409066590
  0.00155603558590711  0.00173098620264277  0.00193384262805537  0.00214829946596829
  0.00234003621871043  0.00251297443284578  0.00269546950743700  0.00290051928766911
  0.00317057298715673  0.00349596111837994  0.00389270270833285  0.00433431578645807
  0.00480742063458918  0.00546722944857767  0.00637826011071745  0.00743965184237849
  0.00863339584038690  0.00999133624808564  0.01220750833121025  0.01656267712814745
  0.02247564223058510  0.03233130852582129  0.28700611647909957  1.00000000000000000
  0.00000088063218744  0.00003580139241576  0.00010945738178308  0.00022290449287248
  0.00035677408109690  0.00049130365423970  0.00064395885339105  0.00084418151691632
  0.00108110886118235  0.00131657264004603  0.00151924432944575  0.00174831861637838
  0.00197921540927329  0.00220090899253127  0.00245006815122761  0.00271086823661271
  0.00297827526441215  0.00320953141254122  0.00348592393285578  0.00379194446387003
  0.00409110925476496  0.00442020072678997  0.00483077198015388  0.00521536580117892
  0.00553386614266373  0.00585514403209626  0.00622811502799729  0.00658723322024284
  0.00691131041669645  0.00727860542617681  0.00772973996236342  0.00810605002162513
  0.00842848070215164  0.00877890057633852  0.00929528005806978  0.00979838694334073
  0.01024522040959843  0.01066550538323294  0.01110874301055299  0.01153978238219418
  0.01193752432187451  0.01244912448040465  0.01297330499371660  0.01333772560217523
  0.01366164966415025  0.01399375657440251  0.01431651792315104  0.01472069235885597
  0.01523878586917775  0.01582579257991448  0.01646169736097593  0.01712853560613848
  0.01779586900894456  0.01848892183406220  0.01911967958676009  0.01977514650471625
  0.02042798630765293  0.02109779937441404  0.02162458833564685  0.02212387869559076
  0.02252464878822589  0.02291568751264717  0.02365344794405159  0.02467521630474734
  0.02571484900713570  0.02682155153943018  0.02795442419875534  0.02904214337496725
  0.03014162456345584  0.03149064646809886  0.03281486554145073  0.03409472595011613
  0.03522158775957647  0.03657762714438084  0.03819509245624266  0.04025948491809239
  0.04239620948278884  0.04460823757361099  0.04644014112845499  0.04773423435273967
  0.04902832757702435  0.05086357935769524  0.05321340369282416  0.05556322802795308
  0.05810221986308917  0.06070093675697493  0.06353681372169243  0.06794722289190894
  0.07235763206212545  0.07973095425445342  0.08933613097104257  0.09979952291979907
  0.13291864080728502  0.16603775869477097  0.21259922330986675  1.00000000000000000
 -0.00561700949548180  0.02283224023415627  0.04969612703827108  0.07656129641045092
  0.09562923955632734  0.10868320453829884  0.11982184710616861  0.13001934652754904
  0.14061299177407152  0.15624606083075321  0.17367667117778388  0.18688385069190572
  0.19952160326791288  0.21347974265678643  0.22934049155923986  0.24300564735059216
  0.25283087752002509  0.26212081917494601  0.27147044434307116  0.28242320863546089
  0.29592312697851481  0.30926875603006121  0.32278065030727610  0.33305732877916566
  0.34203248890543486  0.35087128395700340  0.36110200818671961  0.36970546601584159
  0.37696879866287714  0.38445950661872563  0.39322259664425996  0.40382579034200117
  0.41327055480162067  0.42425950640576243  0.43571786350600128  0.44915519414202976
  0.46138887301424536  0.47381551113725734  0.48676036747128903  0.50086615626083786
  0.51367201975617094  0.52491499817283005  0.53503625653247022  0.54373609504109099
  0.55174623408874146  0.56073157467867096  0.56997670206777629  0.57873915355149397
  0.58488169027508308  0.59114741748132693  0.59750028714938441  0.60410963726710232
  0.61277645421529015  0.62162862634819316  0.63241202442515032  0.64337911211807575
  0.65423226946897228  0.66452105730389766  0.67417424071245524  0.68308720080104013
  0.69213038862888032  0.70145294209113296  0.71142320213654364  0.72068857117024299
  0.72877115541365400  0.73639706989220166  0.74445140300716739  0.75349452468223665
  0.76292890226863730  0.77217391506534316  0.78142990970079884  0.79038824401027741
  0.79914952342706613  0.80864424519805322  0.81866257033733603  0.82873279248436027
  0.83855476681547236  0.84838477065574558  0.85821258946775947  0.86751194959806577
  0.87549258030946653  0.88099381249034880  0.88652827994409000  0.89293579156969272
  0.90230456659323233  0.91151975941042551  0.92073995954087795  0.92925004036463077
  0.93761102518240214  0.94677705580003879  0.95611143971188861  0.96538250172286832
  0.97409162290691853  0.98244177377270803  0.99053106963082904  1.00000000000000000
 -0.00144179748849051  0.00716793167538207  0.01684778965735674  0.02754056787363506
  0.03915660761871830  0.04976547917152199  0.05946254763318959  0.06862802575764956
  0.07751891101264653  0.08718222947235507  0.09850699203040063  0.11082418690893156
  0.12172072061169315  0.13192754103300922  0.14233146704885336  0.15263012733269027
  0.16344849823999233  0.17243452515410651  0.18145068816933410  0.19067778616694414
  0.20051861808405180  0.21150940702749674  0.22243781820101743  0.23304696306677253
  0.24364234241239879  0.25434425005336037  0.26541115881714084  0.27400785582670129
  0.28216719934317203  0.29054024107117005  0.30135477937243327  0.31066936174496484
  0.32232072685939800  0.33488594276307310  0.34830562367770335  0.36157406921716789
  0.37459343728200806  0.38618110430543157  0.39551385331207389  0.40474320055331875
  0.41353820134175473  0.42352652642149996  0.43489187774940619  0.44638543905369671
  0.45850668374700149  0.47021721037632858  0.48109187658580255  0.49161957192273187
  0.50259996615340508  0.51498504282477209  0.52806413212148873  0.53976663325400531
  0.54984427660285606  0.55936827419832236  0.56874936378919660  0.57851181344197355
  0.59001850480887075  0.60214927335739277  0.61394526155169327  0.62510294151966039
  0.63646826797901634  0.64599113996928015  0.65419796078634895  0.66249172058036765
  0.67139368326785631  0.68351429636821681  0.69661861917937962  0.70760123928315399
  0.71847923002571923  0.73025234501123626  0.74402685454454387  0.75618353058741750
  0.76767845848208227  0.77949029808545567  0.78899307629164339  0.79706768148011975
  0.80422155830830311  0.81100268652181695  0.81850043905537573  0.82689568090958387
  0.83782812995704925  0.85049348575879902  0.86198854242639578  0.87238467695902111
  0.88300100316083030  0.89437468412823984  0.90589980598410480  0.91908650581202012
  0.93089506714291681  0.94191161014020697  0.95197303003026512  0.96154970968581388
  0.97080491623282250  0.97914495813706603  0.98855259776053539  1.00000000000000000
 -0.00295473473979016  0.01130868486600822  0.02352037436104084  0.03528932777198397
  0.04732688788687848  0.05855804320976969  0.06890481074900560  0.08053459306134957
  0.09420886927719337  0.10749926593906389  0.11820832304328924  0.12857526206420877
  0.13810385498485059  0.14726875517106669  0.15518242140328192  0.16358472870244539
  0.17330869366909207  0.18539760194010127  0.19854620386381147  0.21109570444688680
  0.22502084500073047  0.23753402838199439  0.24781860479675652  0.25830512768821862
  0.26872105490593406  0.27793933246076280  0.28472957977396368  0.29254642355380334
  0.30047289097845459  0.30797028910156710  0.31804082451441340  0.32777339183283216
  0.33819936111666238  0.34984875266759347  0.36431092826161937  0.37795060403606490
  0.39003766475722967  0.40061609941030479  0.40967132200137085  0.42053681633219886
  0.43158714061575948  0.44428098451925035  0.45658254225280936  0.46862357243694291
  0.48094712242581228  0.49357428940793024  0.50573305666814528  0.51756766186971503
  0.52858980264350552  0.53826916265544067  0.54750756922443278  0.55629216434562645
  0.56440469276772409  0.57280971702958006  0.58188785239942931  0.59205445467262408
  0.60083824528356400  0.60849300578450916  0.61713266450160376  0.62706362751173905
  0.64157364264505956  0.65418155097183595  0.66685251307416238  0.67945330164713913
  0.69229612859929812  0.70413975863624656  0.71482558081047975  0.72442404805109051
  0.73378943038433098  0.74414769137573433  0.75515746239314330  0.76751608233815594
  0.78078507897288518  0.79410719793180851  0.80657342545485211  0.81780095109622830
  0.82859546479216462  0.83940762142620562  0.85014603968474789  0.85933685850892294
  0.86770478306030585  0.87601060315831358  0.88310383655128000  0.89060200160663250
  0.89848230711902666  0.90675000460590838  0.91545784352070569  0.92235648538541892
  0.92989929715035879  0.94040045656718485  0.95276445382623831  0.96391017180655669
  0.97417461181181320  0.98301112190525997  0.99071930040733847  1.00000000000000000
  0.00008747175291595  0.00077930931353162  0.00130417054114807  0.00173847442749240
  0.00212140698319732  0.00246756994379710  0.00277877938636278  0.00307425151167802
  0.00335350268562810  0.00362850918593394  0.00390453131530070  0.00418074699885738
  0.00446884358124914  0.00476963473732866  0.00507393683491302  0.00538144527916875
  0.00569226799275344  0.00601238553578202  0.00633715694533318  0.00666152494695849
  0.00698643659792701  0.00729851288558635  0.00758845091959692  0.00786665436698281
  0.00815041126677611  0.00843839887465928  0.00873666055120566  0.00902610880375457
  0.00933638257729481  0.00966348855899117  0.00999166124620934  0.01030710111480331
  0.01063099296641470  0.01096130645352549  0.01133589370316873  0.01172270380956107
  0.01208023810552405  0.01243193582654309  0.01279336409528486  0.01318964860959284
  0.01358590026759670  0.01390231951144831  0.01420662602400222  0.01452618018314463
  0.01485439033199700  0.01517229240641141  0.01557182897193849  0.01604792652109902
  0.01658041867302048  0.01714709393264749  0.01768663076560936  0.01825008275556315
  0.01890304499319701  0.01951098857316775  0.02005612840441293  0.02060384907306548
  0.02118204957778529  0.02184580504437493  0.02244708674970032  0.02295000781947090
  0.02342892990481981  0.02405203770105165  0.02485896209833137  0.02600078291335534
  0.02678968759698877  0.02751156733988638  0.02817758421118563  0.02891962739564077
  0.02988409185021705  0.03117273584133726  0.03213897975850579  0.03293505883381877
  0.03426708882396227  0.03576472130207830  0.03710995764896650  0.03801044724764998
  0.03893082983772904  0.04020318735178487  0.04193595402355668  0.04383909877158084
  0.04589637615942235  0.04765511391703527  0.04911675700359226  0.05073163042351408
  0.05238814294509207  0.05443684575806398  0.05712003395843777  0.06301018438984982
  0.07089555629749292  0.07592416917925074  0.08080132109293246  0.08958278000640085
  0.10078153838008726  0.11333448698315431  0.14770472853626465  1.00000000000000000
 -0.00432016750005138  0.02014854362626679  0.03746403648024266  0.05866993232458116
  0.08168029435370823  0.10278604118021284  0.12067801427694640  0.13620229366028008
  0.15091625023828090  0.16246782692175277  0.17230202147885773  0.18400134423688735
  0.19548354159259107  0.20805736924519533  0.22099359113788791  0.23319168387673059
  0.24651737376803226  0.26125874806033711  0.27442977225210263  0.28568411281531997
  0.29672329507113981  0.30692828379769571  0.31609053641805374  0.32495260611286630
  0.33295909506180654  0.34066146719821078  0.34847446756726191  0.35725094032341942
  0.36542460258185283  0.37260393511922513  0.37875632458783459  0.38409186715334565
  0.39011368554304210  0.39712361922915784  0.40296697995837094  0.40942896817015056
  0.41553042057155987  0.42238080906869491  0.42969171575337717  0.43616219686536184
  0.44172951505829472  0.44695111866601911  0.45212167893505933  0.45785050931845189
  0.46382869504133550  0.46954208705674894  0.47504027215613603  0.48022549614930399
  0.48519184140730687  0.49008178803280750  0.49492240800396509  0.50018084679389541
  0.50551651035255851  0.51139084511312305  0.51757002510204109  0.52372263911322814
  0.52973687445679229  0.53530163131845143  0.54057136075026169  0.54587618908857782
  0.55148491294603874  0.55735350251492188  0.56349902027651444  0.57005786346604836
  0.57688944219273608  0.58331961565888901  0.58948889436885021  0.59609258730554626
  0.60366455996461044  0.61104140168333720  0.61837390818663518  0.62627329107920404
  0.63580933058155842  0.64694694992448309  0.65788869242914561  0.66799454796023916
  0.67748033682884046  0.68664927142211396  0.69629717074437469  0.70672216527223997
  0.71904138204290780  0.73220423579366167  0.74500915235282117  0.75902574584610394
  0.77404873250297823  0.79110490789242049  0.80961001827384416  0.82822513300798595
  0.84791328328525351  0.86910966397419154  0.89144614554402357  0.91316025656099031
  0.93404738169906021  0.95515855589918164  0.97652710683659305  1.00000000000000000
  0.00783027514856520  0.60380332718760776  0.72192015750685568  0.77824191419569777
  0.82143370839633645  0.84929374351091647  0.86990100093852618  0.88592532231877685
  0.89938885060381790  0.90996754174941308  0.91956368248895848  0.92768430413409697
  0.93506185348128268  0.94099518050989761  0.94609809883853413  0.95056361652369548
  0.95425009098858204  0.95739865573749583  0.96011136326420798  0.96243405361764156
  0.96455735538504406  0.96666574010750694  0.96864267643962343  0.97046023234857060
  0.97217382287584564  0.97371680132900817  0.97507808700242615  0.97644308535693236
  0.97771324572246121  0.97890303425878489  0.98016183953155911  0.98128346918813447
  0.98221711475985163  0.98306687906943624  0.98393505401428627  0.98482274605765652
  0.98567671345500574  0.98646490320072711  0.98718060074232650  0.98777865791509811
  0.98831659417013662  0.98888269333145362  0.98946489450967545  0.98999540035675526
  0.99045791076834377  0.99088169257520942  0.99133419566122849  0.99180269477417793
  0.99224826529079657  0.99262606056848135  0.99297934361417906  0.99329492949245224
  0.99357394573743263  0.99384229635451427  0.99410781132755621  0.99436902062534438
  0.99462367980355315  0.99489877179792741  0.99516658626558430  0.99542970915066209
  0.99567125304605952  0.99588344795640327  0.99608056800856304  0.99626487293277310
  0.99644273503436331  0.99662617061930070  0.99681428216805945  0.99700708241081626
  0.99716655689274958  0.99730276177145749  0.99742297276117298  0.99753277425872688
  0.99763403612901114  0.99774134238691325  0.99785667900688557  0.99797836930199502
  0.99809510367111109  0.99819520862889377  0.99827885514065184  0.99836021694937405
  0.99843640590021010  0.99851858578529840  0.99861668679092275  0.99870650070947942
  0.99879496406821866  0.99888300655715945  0.99897355096945739  0.99907711394239518
  0.99917283095250919  0.99926352654180894  0.99934729599174876  0.99942261025296786
  0.99951313529602126  0.99962324403576219  0.99976007476596940  1.00000000000000000
   3.7594553665606418E-009  -1.0000000000000000     
 F F F F F F F F F F F F F F F F F F F F F F F F F F F F F F F F F F F F F F F F F F F F F F F F F F F F F F F F F F F F F F F F
  <DiscreteSampler_grid>
  grouped_processes
  1 # 1 for a reference and 2 for a running grid.
  10 # Attribute 'min_bin_probing_points' of the grid.
  1 # Attribute 'grid_mode' of the grid. 1=='default',2=='initialization'
  0.0000000000000000 # Attribute 'small_contrib_threshold' of the grid.
  0.5000000000000000 # Attribute 'damping_power' of the grid.
 # binID   n_entries weight   weight_sqr   abs_weight
    10   10   4.614720513888166E-001   5.058964316484272E-001   4.614720513888166E-001
  </DiscreteSampler_grid>
