  0.00250405131759348  0.01196214609006191  0.02205508865303542  0.03343849052062295
  0.04484674718001665  0.05534853380955776  0.06547484153082445  0.07582736953394295
  0.08727044168168165  0.09967959462855336  0.11269766900912714  0.12566472205679483
  0.13947519400317132  0.15218485631558268  0.16343513140572133  0.17457476588815554
  0.18535542070877847  0.19587842300871974  0.20662824520281475  0.21755046091933344
  0.22875347375649563  0.23829591832497748  0.24638371459181582  0.25594250312124900
  0.26615325568639769  0.27854153782872282  0.29354798750216704  0.30831015255855454
  0.32168091833400903  0.33361683785833146  0.34356233755864812  0.35276319727469657
  0.36044103716147663  0.36477359819835925  0.37008215324266530  0.37534178674707869
  0.38060163608643161  0.38478088851647868  0.39008419852490189  0.39800951727687955
  0.41111228708809905  0.42272272465322275  0.43473345541295849  0.44744295814199947
  0.46042501333795510  0.47543269931133103  0.49045125973461051  0.50386894959611173
  0.51645451677049425  0.52921556937443803  0.54211088035068433  0.55393242206366700
  0.56426257963522197  0.57408586561995611  0.58500202923069533  0.59751288029214356
  0.61319178321333079  0.62608599217243677  0.63811947325634544  0.64939797234716545
  0.66211182512261291  0.67174093886583552  0.67953862717826974  0.68811216357542149
  0.69803366025964397  0.70641084491911932  0.71361936452163810  0.71953453181666249
  0.72454270551788824  0.72992536498943728  0.73733277909750239  0.74790062600586849
  0.76312556766425443  0.77945353503015069  0.79187658886427836  0.80154736019303308
  0.81001917552230074  0.81748226152337222  0.82692047822857562  0.83745648074090506
  0.84810937455032631  0.85642428890901301  0.86499368961629663  0.87405131611006703
  0.88635161468530632  0.89699817166038609  0.90884242793764325  0.92086374467662635
  0.93176830648297870  0.94328773057146764  0.95473153063976179  0.96450275232133886
  0.97157011814742900  0.97871628936337440  0.98799970598800135  1.00000000000000000
  0.00000818904610061  0.00000862984022630  0.00000902987724421  0.00000917515502072
  0.00000936250610201  0.00000966733585249  0.00000997490703858  0.00001043657649677
  0.00001094826212774  0.00001147175304965  0.00001202017538738  0.00001263678500292
  0.00001333302227655  0.00001390251744571  0.00001446684970446  0.00001502456593208
  0.00001558048200306  0.00001620202565364  0.00001702816355851  0.00001790475808923
  0.00001885211967252  0.00002020360374911  0.00002190851491403  0.00002377757152992
  0.00002570850690624  0.00002760569229898  0.00002969254664928  0.00003217304990427
  0.00003519824628832  0.00003919625667583  0.00004357799416173  0.00004717679574861
  0.00005107022068937  0.00005513344730547  0.00005935950982535  0.00006526474668491
  0.00007133467297480  0.00007758137916118  0.00008355205876689  0.00008911794577069
  0.00009488074068031  0.00010274205015046  0.00011059430101820  0.00011777550642604
  0.00012626519454410  0.00013765740817784  0.00015144931244157  0.00016769455471471
  0.00018285472794428  0.00020252405789660  0.00022449605047255  0.00024984598263791
  0.00027780918197570  0.00030508829426129  0.00033646252829474  0.00037781176996516
  0.00043020280616700  0.00049158181467583  0.00056062046497506  0.00062184672961162
  0.00066877480635432  0.00072021430136472  0.00076958999001226  0.00082039113999161
  0.00087534538466589  0.00095545075533548  0.00105713568862283  0.00116476663805816
  0.00128432459053262  0.00144087260168143  0.00162789526055114  0.00174538097280716
  0.00191957640010878  0.00212513390959295  0.00238902521531695  0.00264682868883864
  0.00292009824059803  0.00323312164488604  0.00364622210970252  0.00420759467528604
  0.00490600173834758  0.00570055808972258  0.00645599302676167  0.00726832130739099
  0.00790011002005916  0.00850436951599039  0.00926237717044046  0.01030343983080953
  0.01165824070514670  0.01604274227228867  0.02180710516183170  0.02786131950257128
  0.03717386466519113  0.06158896250815249  0.22289276222691390  1.00000000000000000
  0.00000275323766985  0.00000503196492750  0.00000677880107179  0.00000889693639009
  0.00001128821567094  0.00001488066411883  0.00001911952905388  0.00002361152995256
  0.00002909659611848  0.00003611592059439  0.00004486784729659  0.00005612778408317
  0.00007336548321008  0.00009446053129590  0.00012067818253351  0.00015175497840086
  0.00018863247107436  0.00023819267748799  0.00029180721334385  0.00034665821490550
  0.00040391246709134  0.00047886712468148  0.00056413008681805  0.00066393668899255
  0.00077890563249011  0.00090474505431954  0.00103181400806094  0.00116243597700775
  0.00129890584372336  0.00144107959960016  0.00157529535630420  0.00170955017737339
  0.00185011454005415  0.00201392338595985  0.00218458249217530  0.00238982293300903
  0.00258424377585643  0.00278197131912396  0.00298234147499253  0.00327552463153322
  0.00358352364215730  0.00389541503506621  0.00419796316942194  0.00450114102746868
  0.00481644385979159  0.00522031726247810  0.00557425253819119  0.00594427982254526
  0.00640109661552682  0.00695747943891277  0.00745320803591198  0.00777034600971478
  0.00808243679316674  0.00840844702097110  0.00877599052830285  0.00921744989505870
  0.00971543423306057  0.01030158642150565  0.01112734210044344  0.01204016624888881
  0.01242563652843841  0.01282498538489158  0.01343792339966292  0.01416019470800671
  0.01499972150745429  0.01576446543499955  0.01627199456563956  0.01669348225828738
  0.01710702769088858  0.01754567697108502  0.01778125067199085  0.01799991852174742
  0.01825018953497679  0.01856966576592902  0.01885810897883078  0.01914685388811456
  0.01944570128139189  0.01977754126585478  0.02069799403239270  0.02177764676327931
  0.02280454030236194  0.02330188930468237  0.02379923830700281  0.02429658730932324
  0.02478159334798235  0.02525299966027959  0.02572440597257682  0.02619581228487406
  0.02689342500989076  0.02760127919331647  0.02830913337674218  0.03064012826153701
  0.03352986844221897  0.03576817599349693  0.04163394508142005  1.00000000000000000
 -0.00143404246895724  0.00681396931033955  0.01535054532848498  0.02268690750981936
  0.03334801715694091  0.04438737480617602  0.05472646377676701  0.06372057085649659
  0.07214616490577783  0.08089216732476436  0.08986402828494844  0.09851475238031736
  0.10743478453859695  0.11706117819167494  0.12725513539309921  0.13793525298799186
  0.14798832456343969  0.15553654856491742  0.16169851781165237  0.16707125608268603
  0.17215574295905756  0.17722412760114886  0.18304784589609518  0.19054305053989101
  0.19810194179862883  0.20587201887014370  0.21500538329177724  0.22564841847437556
  0.23605524246586246  0.24306315636805687  0.25008640787740466  0.25715532791735751
  0.26401182273165591  0.27193759898498288  0.28188369624383369  0.29273386945184032
  0.30519265066359824  0.31622588023574205  0.32665299690011240  0.33706488063268142
  0.34804891766180013  0.35899913491223684  0.36946769402814411  0.37963698256073775
  0.38949631562731712  0.39934220436328849  0.41029903608354101  0.42210186240702507
  0.43442664529290287  0.44680283672361853  0.45684857964437131  0.46649943862323712
  0.47562533226767967  0.48412025955835830  0.49337783790624962  0.50319444808891933
  0.51189723757557226  0.51910478793614578  0.52750536680020654  0.53418235379239154
  0.54283838681243690  0.55192189966192817  0.56109186639172237  0.57094545415047215
  0.58218089749351720  0.59317154195934474  0.60381191846195792  0.61446527501700254
  0.62589068905436540  0.63734274892829978  0.64960173526802667  0.65871567848063850
  0.66556640282550139  0.67185170772705394  0.67895585972007877  0.68729977871113435
  0.69750326371132165  0.70729392783954670  0.71836465527204585  0.73121565261871446
  0.74574091525286135  0.76231454998500903  0.78091663355447083  0.80181106410078118
  0.82308174737745754  0.84250853146091009  0.85920993587885419  0.87737788478220469
  0.90092996515380996  0.92178928765671897  0.93313134755520644  0.94525924512072790
  0.95528796610097366  0.96456020534011722  0.97894594940911861  1.00000000000000000
 -0.00273348014142160  0.01596298256738655  0.03035041781395221  0.04156830371184536
  0.05077213091060374  0.05944559586884969  0.06967733747151712  0.08153652223222489
  0.09562200876793150  0.10896338430083882  0.12278011429240246  0.13575145518674753
  0.14749913243241575  0.15905805522266597  0.16983779739697541  0.18031463814581775
  0.19037336378266084  0.20105976617262192  0.21398878307085831  0.22629347497199348
  0.23578989622946350  0.24259228611931452  0.24921518449079938  0.25571478473717751
  0.26334734957344796  0.27057930114567269  0.27914764069442449  0.29010751461940931
  0.30104041272184601  0.31025718669108848  0.31886368004995636  0.32725543352157238
  0.33638918654169253  0.34828303486680040  0.36177664866337872  0.37767681711264017
  0.39252230679229155  0.40501641943874456  0.41706123896870062  0.42829977367184469
  0.43826494357961454  0.44684395291829709  0.45621508013903656  0.46648647878018007
  0.47696154297907645  0.48719620515219747  0.49721334129143291  0.50757269087666457
  0.51916360558354280  0.53340797579848764  0.54686888229075237  0.55898750528836361
  0.57128134320592361  0.58297662177088072  0.59410250117561869  0.60760939364762012
  0.62294214142847426  0.63759014293435556  0.65012715839271329  0.66300945553328261
  0.67459551676289142  0.68521066848535916  0.69277310300772732  0.69929385842016845
  0.70588361630913599  0.71297816840716455  0.72003817966952544  0.72742875080155722
  0.73815344508909819  0.75262695937357260  0.76776307320664061  0.77749419177257595
  0.78465661351204474  0.79137396335466914  0.79787349492749848  0.80468012778189191
  0.81213252913355360  0.82020834882137128  0.82786080412530771  0.83610546900593508
  0.84718689606326947  0.85967287789053759  0.86903272818571764  0.87786044118847417
  0.88726378258975058  0.89772047273822198  0.90839939706400219  0.91726474055489637
  0.92492028990278807  0.93397341821606983  0.94224401335078323  0.95165855327639559
  0.96194953797954541  0.97357766610216090  0.98683338243450702  1.00000000000000000
 -0.00209788671275159  0.00925834262370307  0.02098944449500173  0.03453883784667748
  0.04765746430947052  0.06054425986372737  0.07360956040998372  0.08562269853861430
  0.09605240769690709  0.10670143163067203  0.12050457613393106  0.13684561530891279
  0.15211433549164441  0.16264210478216520  0.17173776816322839  0.18080204009034370
  0.19009400186889655  0.19841942394259351  0.20492265648226310  0.21062430490524905
  0.21614143788686740  0.22197771578175116  0.22838399610897656  0.23864617407262173
  0.25243680539565871  0.26603840071349749  0.27813198368860165  0.28993892889197609
  0.30175878720495797  0.31258964565628661  0.32337358273119893  0.33549103576738842
  0.34954097328082873  0.36214948159597465  0.37391100105833008  0.38533586270377779
  0.39758020188963944  0.40689235955344788  0.41541835440190134  0.42409123573713686
  0.43242676176738815  0.44472519227864532  0.45965436462730480  0.47321262692199767
  0.48299075415257298  0.48952066116827664  0.49564200317206880  0.50124992806311663
  0.50682145753047925  0.51247566720025106  0.51962258740893952  0.52778753930126188
  0.53618558684948325  0.54359859261231880  0.55101861975312549  0.55963846184677468
  0.56743553848897410  0.57605877160491881  0.58752742286757109  0.60100268107230703
  0.61349261801194155  0.62415481408562368  0.63610420273815893  0.64817672364049828
  0.65928133040516135  0.66931434303837201  0.68111803541025839  0.69390225864948707
  0.70619512719214905  0.71725593330062543  0.72674197922943395  0.73551411386769805
  0.74402108119718557  0.75197874908602069  0.76011548822554209  0.76856263442863926
  0.78033047259741217  0.79296144905852406  0.80457622532363704  0.81612340144931872
  0.82734083971366301  0.83534728221024268  0.84390350704767858  0.85084520993646418
  0.85865511968549268  0.86759686108742151  0.87754442727132342  0.88940101686860440
  0.90144270183340081  0.91422088455663830  0.92849324540676104  0.94367841832707322
  0.95755132711716184  0.97068154533017170  0.98447034486202167  1.00000000000000000
  0.00004855154908860  0.00038872331639114  0.00091717519020094  0.00148858016075542
  0.00197297649442237  0.00241751452199528  0.00286491023313223  0.00331821640450177
  0.00379717601973279  0.00426512749904754  0.00473047025680475  0.00520252793593784
  0.00563788278548857  0.00605522947677041  0.00648841903402916  0.00692035005537751
  0.00734931658050727  0.00771693433065820  0.00809201767463980  0.00848888080805917
  0.00889573399175470  0.00936234952951647  0.00990105281696399  0.01045224522717100
  0.01095645038973412  0.01150163781977115  0.01207022674339516  0.01262765891165257
  0.01316670933635903  0.01365384892836746  0.01410820657503639  0.01459718610665853
  0.01506015251979325  0.01550233780529615  0.01593804050140852  0.01639506111774544
  0.01689837358150827  0.01746072107602373  0.01789427368920814  0.01813477863025834
  0.01836464340013825  0.01856582939542473  0.01875022335170007  0.01894087427686542
  0.01914297723218902  0.01935242163855838  0.01955355249066228  0.01976033303686173
  0.01998243760550551  0.02020018136314521  0.02038649096177601  0.02092645489937746
  0.02188207222639771  0.02291166428705893  0.02374727641909368  0.02450720419722773
  0.02524823870567408  0.02582625460148419  0.02616541030256076  0.02650456600363733
  0.02684372170471389  0.02719240605980227  0.02754217305309137  0.02789194004638047
  0.02823942553975746  0.02858408787710677  0.02892875021445607  0.02927341255180538
  0.03053549025371136  0.03194888936728749  0.03364764000560392  0.03575720198420904
  0.03695371101409298  0.03786934858110413  0.03859637047988473  0.03932820270389283
  0.04076645866978458  0.04235369566083552  0.04411850204259728  0.04611136351913619
  0.04881287515684719  0.05173824833626853  0.05424096840256180  0.05728295699313743
  0.06068948044792258  0.06488211865436892  0.07118828059160194  0.07935514596977171
  0.08371234438326416  0.08891306968253691  0.09786571089901960  0.10734714836494355
  0.11814538640421057  0.13834990744740136  0.59465256846027925  1.00000000000000000
 -0.00230487113211917  0.01097459122669421  0.02101037180283661  0.03216696799431765
  0.04727543909606967  0.05774595824396285  0.06988282930694903  0.08292923996208346
  0.09562883083488820  0.11112410065761694  0.12687014299327562  0.14272421038941896
  0.15717827142933108  0.17194119532529473  0.18579929095315559  0.19989151639783187
  0.21412065626741017  0.22938067523321864  0.24407102316779400  0.25658252752215899
  0.26580209341399458  0.27468275306960244  0.28322642416806942  0.29300308011000836
  0.30439835438836732  0.31547304626131306  0.32576262011423807  0.33598943221516980
  0.34668233718837271  0.35715946485482386  0.36709835628989695  0.37706499051533177
  0.38756901000326693  0.39761564494534124  0.40606852380026393  0.41339379027122619
  0.41998406833229451  0.42670983141713587  0.43429407291981548  0.44220366581197512
  0.44864761464444841  0.45524328724175483  0.46177296349949382  0.46729908691889316
  0.47258961641287234  0.47725417280290000  0.48115318035082716  0.48469486304430109
  0.48838127568160733  0.49214815901709663  0.49723691006803233  0.50317548000744405
  0.51346358633972755  0.52349138116354721  0.53338942469505801  0.54233803689824800
  0.55167982022088946  0.55999952581863954  0.56799543673354402  0.57604878749132826
  0.58453201412355527  0.59406687068640240  0.60490904755723707  0.61620935254419940
  0.62673298853392856  0.63509435647820045  0.64341268721817768  0.65058676124517312
  0.65874202591799669  0.66774410485414470  0.67867486426914037  0.69050058228750544
  0.70065736111924959  0.70904275823562857  0.71589436414217600  0.72354251337942799
  0.73208781449348115  0.73981500111927578  0.74897385908881864  0.75856935416568916
  0.76591104852531000  0.77365766758298271  0.78706243916920959  0.80266472330936267
  0.81616052795150540  0.83027401268093348  0.84438660762512840  0.86169501304335328
  0.87963426064675110  0.89483399441704836  0.90858393621668232  0.92521610137186661
  0.94055818217130938  0.95816014867781485  0.97783440674853206  1.00000000000000000
  0.23835740851176263  0.60116388336190907  0.62502652660705715  0.64858536067529104
  0.67311722466927359  0.69296575528237292  0.70968946513786391  0.72568083036360775
  0.74153879285268398  0.75772743639869222  0.77063384039259875  0.78065723147284816
  0.79160354586329151  0.80278821878465767  0.81270716508620788  0.82159541540687131
  0.83062275675832142  0.83877966173685981  0.84591957752765490  0.85265718718415728
  0.85887108500428666  0.86479764422150840  0.87059807713080084  0.87586457950240149
  0.88043060865172251  0.88486790556411454  0.88966414867492938  0.89431733154117032
  0.89840721900986609  0.90166945501073359  0.90514815284597105  0.90839935500360258
  0.91224203768574930  0.91607270246979688  0.91933139889585269  0.92225246915767989
  0.92494656192297375  0.92765019199930943  0.93031420215375615  0.93307845443625981
  0.93591300351248563  0.93860992741268701  0.94110853651651938  0.94349872140340751
  0.94568367470977865  0.94774046689556013  0.94979933747887779  0.95194365758870847
  0.95423661344056143  0.95654005192863367  0.95849056147382228  0.96019632752648854
  0.96166887094474118  0.96308552875218201  0.96450590491355670  0.96588414491913410
  0.96718655803969800  0.96843015021276124  0.96956471904892116  0.97081993409316225
  0.97201341407596797  0.97322570154521448  0.97444582761133736  0.97564963409567418
  0.97681340028834140  0.97791923307311923  0.97904413779103150  0.98027217999624161
  0.98143126044737694  0.98241637268920012  0.98320426582706133  0.98388857187188483
  0.98456514249518712  0.98523669938657576  0.98597037943794419  0.98662979081353452
  0.98727878998389063  0.98799697266481123  0.98874245882206069  0.98952744985001806
  0.99043279007796758  0.99121474227831086  0.99189694140752771  0.99258982457906531
  0.99331587451812453  0.99397856015739605  0.99455166637588011  0.99507964744909405
  0.99561557587816019  0.99619489331196787  0.99685662323318835  0.99750032475182082
  0.99813639023741929  0.99875058870813116  0.99937256837645028  1.00000000000000000
   5.0751854615883027E-007  -1.0000000000000000     
 F F F F F F F F F F F F F F F F F F F F F F F F F F F F F F F F F F F F F F F F F F F F F F F F F F F F F F F F F F F F F F F F
  <DiscreteSampler_grid>
  grouped_processes
  1 # 1 for a reference and 2 for a running grid.
  10 # Attribute 'min_bin_probing_points' of the grid.
  1 # Attribute 'grid_mode' of the grid. 1=='default',2=='initialization'
  0.0000000000000000 # Attribute 'small_contrib_threshold' of the grid.
  0.5000000000000000 # Attribute 'damping_power' of the grid.
 # binID   n_entries weight   weight_sqr   abs_weight
    10   10   1.798605380104761E+002   9.787732460347492E+004   1.798605380104761E+002
  </DiscreteSampler_grid>
