  0.00225521988373845  0.01481915037204353  0.02733057758326267  0.03915736584990030
  0.04934346969489605  0.05995531150069007  0.07107051042973869  0.08104371111042835
  0.08996445572070301  0.09886493064204989  0.10839111762720985  0.11916216883247061
  0.12998199563691312  0.13984426415255816  0.15006738617147208  0.16158387172912511
  0.17196473454915034  0.18013564098049648  0.18832711513691977  0.19726713591563227
  0.20700671317531952  0.21885490651530762  0.22896300684373519  0.23975291695016210
  0.25078328627805563  0.26314864604452110  0.27400097709866578  0.28386459144173459
  0.29414669226296258  0.30501744610444320  0.31661813226881824  0.32827586981073831
  0.33940760536179237  0.35074332945182812  0.36200421421253748  0.37422570276879180
  0.38745545057326469  0.40046200124205006  0.41249796199575772  0.42338733611445267
  0.43423415663095627  0.44430051325685493  0.45405236474315286  0.46389874274555454
  0.47437036756806583  0.48529955067323960  0.49588830775462495  0.50652033129239138
  0.51744296535471268  0.52876961389683930  0.54009671537279391  0.55120129838452370
  0.56204688466660613  0.57177373698937728  0.58122511319924186  0.59162077272731783
  0.60042673076622322  0.60803988489423266  0.61553058492845003  0.62352185079611522
  0.63393016845440486  0.64329118069058866  0.65213675995008491  0.66138740148605368
  0.67114641294368482  0.68116847401810843  0.69094319572164531  0.70025173981529942
  0.70961780081552439  0.71997058925745705  0.73068390208351186  0.74316978813118484
  0.75500257697878193  0.76650753310683761  0.77747555162130288  0.78770813260897921
  0.79913630773974775  0.81073297715842185  0.82189238098890482  0.83273254192284807
  0.84202460488221786  0.85165147190737767  0.85988781185064711  0.86816449949590402
  0.87670345069554312  0.88640648658158605  0.89692512254428036  0.90908146805248335
  0.92249122237574865  0.93630673527058483  0.95067492280371879  0.96330045125209485
  0.97329215120765145  0.98362356692302333  0.99261583090812266  1.00000000000000000
  0.00339873454999580  0.00522116723147043  0.00696264969892581  0.00855557947787793
  0.00990387234542116  0.01104411305554179  0.01208649686646629  0.01306366184114240
  0.01403090463080419  0.01505934548672674  0.01610903864731578  0.01715339659912262
  0.01819357496117386  0.01919114852588034  0.02018316911204224  0.02116318374818923
  0.02212075840375973  0.02307781930478795  0.02406612365326435  0.02518350670310301
  0.02633305526653488  0.02761015918518484  0.02887002869049101  0.03005360661971011
  0.03118788612627360  0.03225447777111869  0.03323438402331094  0.03412102233438939
  0.03501318173532620  0.03594850520506939  0.03697039385233287  0.03806535165533649
  0.03933703939572452  0.04068425237691015  0.04222314513756511  0.04384873812676734
  0.04528146209091687  0.04665361425979991  0.04808624718792340  0.04963005517438152
  0.05129521614661339  0.05313966821262651  0.05501026241967221  0.05672129708778111
  0.05812416823093215  0.05947058115731213  0.06081910527157105  0.06219334080876875
  0.06394121779351188  0.06613356533419341  0.06873109793576052  0.07175791942304748
  0.07490840510140516  0.07764661296115760  0.08017092402132897  0.08270902715950329
  0.08535542151178946  0.08806680124410306  0.09104042954879006  0.09402327140234262
  0.09737699088079918  0.10140957009608742  0.10523269132508023  0.10919941989324240
  0.11410039886006565  0.11880782011231691  0.12365575337839783  0.12820798407151218
  0.13205589418764810  0.13558581695443531  0.13827035816775837  0.14183776792787434
  0.14595225953344362  0.15007645121457278  0.15407223824620361  0.15850306228587177
  0.16324192042565355  0.16866633354252164  0.17589686678770311  0.18330384267964192
  0.18975928621151675  0.20108734701176958  0.21556606801515296  0.23074833888962062
  0.24254545278195552  0.25663761368482990  0.27129875988831076  0.29037652239406814
  0.30637738663812819  0.32100325449354944  0.33917536972124152  0.35734748494893359
  0.38594141428257039  0.41744369251174879  0.46217809190486520  1.00000000000000000
  0.00008147068181121  0.00012428719347859  0.00016605900660556  0.00022283403753501
  0.00029099583417078  0.00036059858056732  0.00043460227885238  0.00052051789933930
  0.00062728883456534  0.00073969362707527  0.00085279837576573  0.00095960183811868
  0.00106611894115311  0.00117851838649366  0.00130043006963217  0.00143276291533454
  0.00157084303146434  0.00171664583269229  0.00187234057292097  0.00203308817013393
  0.00220721232828077  0.00239605752217458  0.00261656771785505  0.00287061813341296
  0.00313319694395651  0.00338374763734179  0.00361121585931869  0.00382672151160970
  0.00405472311506744  0.00429588640106384  0.00457816443789011  0.00492248133025491
  0.00527565099000295  0.00563094261570496  0.00594889352147237  0.00628115870080960
  0.00661341257716357  0.00700210075820582  0.00742670200573444  0.00797930452355304
  0.00853846103931945  0.00900925407830896  0.00946787848879505  0.00993900637689896
  0.01042927146472730  0.01097387192225994  0.01155456854634644  0.01214469372114660
  0.01268888585742633  0.01328081687376378  0.01392213563986855  0.01465126840096727
  0.01554060260569025  0.01649430655746247  0.01740689726626668  0.01832123942178389
  0.01931036561213580  0.02035414993345717  0.02139243542960403  0.02248312514801153
  0.02370367665061132  0.02519515802225068  0.02688965801986453  0.02857331547459042
  0.03046716936112881  0.03232949539366701  0.03443423456597713  0.03690431405483487
  0.03937838778240221  0.04170320166582321  0.04402176981862272  0.04658058660192672
  0.04941786721163777  0.05309357177829925  0.05689272903981538  0.06097465562802126
  0.06477223226460979  0.06879070399635065  0.07343340494516984  0.07852205225460809
  0.08295993023790665  0.08750494452879451  0.09301459533206505  0.09857057187679757
  0.10371581398430492  0.10991634300424591  0.12062834472704662  0.13144152961726491
  0.14122603007059920  0.15380974981388609  0.17206092929766112  0.19690143087047546
  0.25797861226512148  0.35783664787879527  0.59390559214220129  1.00000000000000000
 -0.00389822898307079  0.01776164595804728  0.03428623489277356  0.04833794948429398
  0.05976422050784691  0.07133635549200662  0.08176880381600390  0.09220165937071044
  0.10439746997154700  0.11783322678640633  0.13071509527463740  0.14195584689887755
  0.15270374535620776  0.16248898499529563  0.17095247615154610  0.18003269921096554
  0.18957714570269432  0.19982034172492541  0.21032098209893157  0.22071599322606877
  0.22979777826588843  0.23810219220837106  0.24632409297125640  0.25654414460538666
  0.26734468567261910  0.27783096672146257  0.28797743138005050  0.29832232668906533
  0.30877148012615574  0.31776997304544130  0.32707018674983679  0.33662611014213939
  0.34611486685784032  0.35559710744670103  0.36585801797454193  0.37547110703633008
  0.38831944618824976  0.40036858002887127  0.41038120715371512  0.41886348758093161
  0.42704086226530430  0.43546575215982475  0.44413807631773899  0.45335051112150221
  0.46191352067082814  0.47066618955066958  0.48017585070412100  0.48866277933118840
  0.49736769938246450  0.50607605821732893  0.51478376191358721  0.52373238912436693
  0.53227069070784538  0.54011122987910110  0.54743724104406810  0.55454513554492257
  0.56159950343162424  0.56880071706455015  0.57659212080070632  0.58627929494140973
  0.59867735312963122  0.61234792952758166  0.62523893937818675  0.63707912096851460
  0.64750672129862663  0.65610361389848482  0.66441733932923763  0.67219933216442573
  0.67962891515901369  0.68845718227610408  0.69836995295281845  0.70889510562129343
  0.71976829628706362  0.73144235937943758  0.74272630208050494  0.75355488571637741
  0.76168187941169629  0.76984789189715197  0.77798297241841052  0.78753697338355733
  0.79721455407364850  0.80719082403296949  0.81872144439703409  0.83262119374527854
  0.84443855970333059  0.85508445816768186  0.86582070878653750  0.87685728865328916
  0.88870399614065565  0.90270831621728997  0.91734908065092990  0.93310932002600655
  0.94808993892861126  0.96394307056058226  0.98153058699539508  1.00000000000000000
 -0.00233381591634915  0.00777999163314278  0.01698534963498607  0.02715300944752346
  0.03813061438805698  0.04809888805469907  0.05658211914194024  0.06435733192593102
  0.07201126936034037  0.08040690670573733  0.08940647540496487  0.10013695171368647
  0.11090166082725159  0.12282487203498432  0.13344068300656967  0.14385843985405306
  0.15254494829992116  0.16161318533751637  0.17014489048324385  0.17948054591823234
  0.19083498221451786  0.20317448559422790  0.21508023974091633  0.22609333948830515
  0.23799008576980535  0.24944346281356239  0.25900978255801038  0.26770460466776175
  0.27636253333676891  0.28529623982106045  0.29327640892309986  0.30096710282786915
  0.30949515648215448  0.32132341823313920  0.33337067567318801  0.34361618894655777
  0.35368863402402134  0.36485027056332003  0.37660344262181150  0.38678031801496299
  0.39653334653386485  0.40674995899854327  0.41825288093656354  0.43129454221973468
  0.44242630492655449  0.45134493825325211  0.46003354622828951  0.46844547563481653
  0.47718468728498198  0.48614982773294824  0.49482251330107202  0.50496207716342367
  0.51713804377799577  0.53070957519676853  0.54255575681769819  0.55262236688846011
  0.56253261557833867  0.57356664845547101  0.58531368405853623  0.59581782050302434
  0.60577705426284190  0.61541252029782889  0.62601443910544929  0.63366117548060685
  0.64151338634977029  0.64938757500562283  0.65880614142650540  0.66985517479172207
  0.68181478595391865  0.69388647616089183  0.70527241302525856  0.71614299714968244
  0.72689770088120964  0.73740168167375153  0.74875165284778200  0.76020993470653564
  0.77145849297657454  0.78414921986051200  0.79720691791985476  0.81271106801636728
  0.82713409283551220  0.83994146015313287  0.85214373364478357  0.86428091621400771
  0.87653298421717374  0.88867059476552746  0.90132264199323064  0.91428244611133069
  0.92497603158522979  0.93543043946554671  0.94598940674581156  0.95586385530447260
  0.96579314812242678  0.97542558444165550  0.98652489980713409  1.00000000000000000
 -0.00640793030248332  0.03816458424302534  0.07583018212634181  0.11306176648151725
  0.14979797994691116  0.18577669212774506  0.21493090715791063  0.23885840703845679
  0.26130127570256800  0.28234154902356723  0.30248176565160934  0.32133143718666191
  0.33887595905234336  0.35700554075360486  0.37651121244363794  0.39553129309250706
  0.41231735071262127  0.42872051425268715  0.44536219156796703  0.46020416345487142
  0.47334447796525575  0.48662768156145725  0.50065573920361439  0.51482411906887737
  0.52735984870917574  0.53924643447886778  0.55127356899687996  0.56378747989115641
  0.57667582601960998  0.58912172244565519  0.60212021526615411  0.61421279393741923
  0.62506184050593927  0.63580702235857267  0.64643605125590586  0.65681426203625581
  0.66693009936011938  0.67701109420939443  0.68715727769645996  0.69688127816445411
  0.70598324835412440  0.71442320845267493  0.72201089115172357  0.72941352954336935
  0.73687832023011979  0.74461019290844455  0.75246064951604441  0.76004996758593157
  0.76712185877558825  0.77471305978292448  0.78211088130598150  0.79026933310203995
  0.79770734839822299  0.80548771855305756  0.81221123697750974  0.81860730471775212
  0.82495494097116862  0.83146803306987593  0.83853096829883345  0.84624211523079185
  0.85379042475752109  0.86077240402600086  0.86746500169196372  0.87354616816370401
  0.87867845106553844  0.88329864615245057  0.88785269371814135  0.89245218490845146
  0.89712138225623839  0.90198737680456398  0.90706038678988188  0.91209927033722249
  0.91701634068737670  0.92148304928642877  0.92596689770240503  0.92981240593514791
  0.93299836976301043  0.93611554492173965  0.93901865028981257  0.94192683236849961
  0.94494884406280644  0.94855226000577342  0.95160422403308098  0.95428155504404188
  0.95730406796056833  0.96018144838168396  0.96387065703438002  0.96790178522803738
  0.97260332164998331  0.97748060973790818  0.98186933692636968  0.98627848846318744
  0.98964138010395575  0.99310923316018751  0.99662317684344803  1.00000000000000000
 -0.00243280657214338  0.00965681097515674  0.02023578880736793  0.02997638420791103
  0.04007450506277749  0.05057875094040436  0.06205592583225610  0.07327595374688795
  0.08537203934309000  0.10073328880971587  0.11592949734867405  0.13140784153972310
  0.14648563954696464  0.16004097379832496  0.17094211062871223  0.17955941631705066
  0.18837532294541390  0.19826894522853264  0.20874173155458953  0.21881561419436887
  0.22822626655578049  0.23781219105954110  0.24797333405431468  0.25862141804089678
  0.26887377394207834  0.27792853950651131  0.28649823495274546  0.29540558031119102
  0.30389111689233611  0.31219099150191265  0.32101075835073906  0.33084851158172585
  0.34130943562876070  0.35115015607944428  0.36048579460506192  0.36995736906264376
  0.37845109810105293  0.38699171963186463  0.39589547843082795  0.40752213545290161
  0.41893788968344126  0.42928558023998181  0.43998826564584231  0.45230123526924104
  0.46502871375428090  0.47636921253893338  0.48757709226004098  0.49804756351104845
  0.50758909780042227  0.51696585401820250  0.52636904556886499  0.53546208543682572
  0.54361878587926105  0.55116052282607031  0.55942650900765623  0.57068420574558765
  0.58462240501360518  0.59825214050770426  0.61108598747306331  0.62320168303633905
  0.63395701741824473  0.64361992635046006  0.65443640685543059  0.66587704625491217
  0.67730851362155442  0.68856381436232517  0.69958418331868633  0.71105195155368606
  0.72199741284219132  0.73280793567495306  0.74403757373179880  0.75486679060086659
  0.76488766678046771  0.77492956544659253  0.78537176064606695  0.79602813408357675
  0.80700800154501762  0.81797777901274982  0.82854674995067534  0.83894472736003300
  0.84916487688083964  0.85947059156055228  0.86921305076725697  0.87829760496057685
  0.88735325144270372  0.89666632198944962  0.90591178212979961  0.91575368559512649
  0.92702305153618159  0.93781656951691406  0.94954680347761189  0.96165023913499770
  0.97240812736462412  0.98220060564155642  0.99117176224090797  1.00000000000000000
 -0.00187635572079265  0.00736025523562516  0.01523562768223296  0.02392402936198686
  0.03280591561265969  0.04183516962253863  0.05144654500357018  0.06065911424166905
  0.07065701531525206  0.08222804364754273  0.09538764130943919  0.11081943100313080
  0.12724942143453200  0.14246417289553046  0.15504670728458053  0.16546237426075686
  0.17563515530936274  0.18623284163173084  0.19993203463656539  0.21408546071177900
  0.22672562799333448  0.23717681750380662  0.24618423087252742  0.25567550719753851
  0.26558832946256800  0.27602661736541667  0.28526020910533029  0.29635564351192178
  0.30806382813613992  0.31827396527684837  0.32782171659115633  0.33819610479275097
  0.34872065551416209  0.35779945099265764  0.36511600145605216  0.37221670458482181
  0.38016468936796877  0.38944463174677668  0.39911626398768968  0.40834445734782648
  0.41723740884658644  0.42745335980599752  0.43730356425831018  0.44895579182720141
  0.46228862267354159  0.47359067561244905  0.48550641090073954  0.49744040806653400
  0.51062371928291217  0.52368071186816723  0.53678663295448104  0.54784486490703455
  0.55838090987688638  0.56927399462819428  0.58098066611550381  0.59240483872119942
  0.60239851803593103  0.61199865111940199  0.62139003916614488  0.63042068032539766
  0.63913222493702981  0.64742409307552817  0.65646211980316960  0.66645390510120872
  0.67689797465362778  0.68694278613384774  0.69717457764687685  0.70812067646216159
  0.71907372071926801  0.72980281416842352  0.74147908857599187  0.75309302067334793
  0.76504678061765363  0.77675455791918047  0.78929092213241248  0.80092749648042538
  0.81198385200528922  0.82205808727875007  0.83251905559594008  0.84285522204529917
  0.85418788170104309  0.86562805598956893  0.87610746326063493  0.88587438929297802
  0.89545901536975803  0.90525703191201312  0.91534140877905068  0.92553228339970961
  0.93528741986940933  0.94523541171369707  0.95510136088628039  0.96412265942379538
  0.97286448810477322  0.98183489112472344  0.99116389495235091  1.00000000000000000
  0.41201667244355233  0.58626773709713098  0.67683571807813570  0.74109521396851563
  0.78237433734657147  0.81210956915756860  0.83463954235789939  0.85235171666906184
  0.86629997744547182  0.87882542874075487  0.88904758981145549  0.89740622120405111
  0.90445249763230828  0.91109400885539216  0.91697677801866329  0.92170071955542410
  0.92604153449211335  0.93006109612348253  0.93403631424930633  0.93766257843168221
  0.94031272870056193  0.94264141341815422  0.94488246869761050  0.94705052890450869
  0.94898664961637902  0.95079948509862988  0.95254873314862665  0.95430057923282996
  0.95609310999707031  0.95784126156197824  0.95936190776491148  0.96065653584384536
  0.96189831469608866  0.96306717695446276  0.96423796285064300  0.96543450080551019
  0.96659953860100578  0.96770213444436959  0.96876159987797461  0.96981297389980292
  0.97079667388640722  0.97175378358912157  0.97267345617845391  0.97357392235706020
  0.97444144654621223  0.97527671903412094  0.97606895819618811  0.97681178994473494
  0.97753518918688698  0.97819897018065072  0.97887229254096475  0.97951610065158823
  0.98013162755315109  0.98073798986538829  0.98130587444222861  0.98191752845688551
  0.98248601471317476  0.98305728607496012  0.98358596264441789  0.98407603740591720
  0.98456124732769168  0.98503385297536961  0.98549077448445321  0.98590504881655827
  0.98630204524233644  0.98669031938864649  0.98705388634716118  0.98744116268723847
  0.98781316179453260  0.98818138099784658  0.98856487094776624  0.98896178526700773
  0.98937064493404803  0.98980328413320606  0.99024794296600149  0.99067329553092687
  0.99109961950681080  0.99151819630589400  0.99193210194606951  0.99235824668585948
  0.99275041016108134  0.99313307903379378  0.99350830072823537  0.99385946135413827
  0.99420457556711372  0.99454509732038643  0.99488133880457086  0.99522611543616168
  0.99558343922669101  0.99600547944061479  0.99645479868440612  0.99690857085257245
  0.99736944604744981  0.99785431491195964  0.99865999847409304  1.00000000000000000
   2.2618996574244481E-007  -1.0000000000000000     
 F F F F F F F F F F F F F F F F F F F F F F F F F F F F F F F F F F F F F F F F F F F F F F F F F F F F F F F F F F F F F F F F
  <DiscreteSampler_grid>
  grouped_processes
  1 # 1 for a reference and 2 for a running grid.
  10 # Attribute 'min_bin_probing_points' of the grid.
  1 # Attribute 'grid_mode' of the grid. 1=='default',2=='initialization'
  0.0000000000000000 # Attribute 'small_contrib_threshold' of the grid.
  0.5000000000000000 # Attribute 'damping_power' of the grid.
 # binID   n_entries weight   weight_sqr   abs_weight
    10   10   8.498620565724194E+001   5.295800185755553E+004   8.498620565724194E+001
  </DiscreteSampler_grid>
