  0.01246035378257712  0.46043532247210595  0.46253731161087863  0.46463930074965126
  0.46674128988842395  0.46884327902719664  0.47094526816596927  0.47304725730474195
  0.47514924644351464  0.47725123558228733  0.47939319217962806  0.48194550314496348
  0.48449781411029896  0.48705012507563444  0.48960243604096992  0.49215474700630540
  0.49470705797164088  0.49725936893697636  0.49981167990231185  0.52220246749195220
  0.52410594299241331  0.52600941849287430  0.52791289399333541  0.52981636949379640
  0.53171984499425751  0.53362332049471850  0.53552679599517961  0.53743027149564071
  0.53933374699610170  0.54123722249656281  0.54314069799702380  0.54504417349748480
  0.54694764899794590  0.54885112449840689  0.55075459999886789  0.55265807549932899
  0.55456155099978999  0.55646502650025109  0.55836850200071209  0.56027197750117308
  0.56217545300163418  0.56385361742210216  0.56548546940054800  0.56711732137899395
  0.56874917335743991  0.57038102533588575  0.57201287731433170  0.57364472929277754
  0.57527658127122350  0.57690843324966945  0.57854028522811529  0.58017213720656124
  0.58180398918500709  0.58353241676476431  0.58670168384491661  0.58987095092506903
  0.59304021800522144  0.59620948508537375  0.59937875216552616  0.60254801924567858
  0.60571728632583088  0.60888655340598330  0.61205582048613560  0.61522508756628802
  0.61839435464644033  0.62156362172659263  0.62473288880674505  0.71719077439291623
  0.81786668491045267  0.87663365894784118  0.88041088215726226  0.88418810536668335
  0.88796532857610444  0.89174255178552553  0.89551977499494662  0.89803192041711155
  0.90042954099242456  0.90282716156773746  0.90522478214305047  0.90762240271836347
  0.91002002329367648  0.91241764386898938  0.91481526444430239  0.91711412386197833
  0.91907823321908710  0.92104234257619588  0.92300645193330466  0.92497056129041344
  0.92693467064752222  0.92889878000463111  0.93086288936173989  0.93282699871884867
  0.93479110807595744  0.93675521743306622  0.97605758063110371  1.00000000000000000
  0.00025303230134319  0.00074989209041396  0.00076476550699801  0.00077963892358206
  0.00079451234016612  0.00080938575675017  0.00082521294499315  0.00084490282132111
  0.00086459269764906  0.00088428257397702  0.00090397245030498  0.00112327702393470
  0.00144847698439820  0.00147631241377199  0.00150414784314578  0.00153198327251957
  0.00155981870189336  0.00158765413126716  0.00161745773987972  0.00164856120101102
  0.00167966466214232  0.00171076812327362  0.00174187158440492  0.00177297504553622
  0.00180615115434591  0.00184090633204966  0.00187566150975341  0.00191041668745717
  0.00194517186516092  0.00197992704286467  0.00285405947981009  0.00542471536953319
  0.00551503225801071  0.00560534914648823  0.00569566603496575  0.00578598292344327
  0.00587629981192079  0.00596661670039831  0.00605693358887582  0.00614645032757435
  0.00623596075810508  0.00632547118863581  0.00641498161916654  0.00650449204969727
  0.00659400248022800  0.00668351291075873  0.00677351447077216  0.00687353391575619
  0.00697355336074021  0.00707357280572424  0.00717359225070826  0.00727361169569229
  0.00737363114067632  0.00747365058566034  0.00758529587528582  0.00780009279833854
  0.00801488972139126  0.00822968664444398  0.00844448356749669  0.01065083472870469
  0.01080555567913889  0.01096027662957308  0.01111499758000727  0.01126971853044146
  0.01142443948087566  0.01157916043130985  0.01173388138174404  0.01190000531002804
  0.01207289134686278  0.01224577738369752  0.01241866342053226  0.01259154945736700
  0.01276443549420174  0.01293732153103648  0.01311020756787122  0.01329568323111641
  0.01348886703491637  0.01368205083871633  0.01387523464251629  0.01406841844631625
  0.01426160225011621  0.01445478605391617  0.01464796985771613  0.01677705269672496
  0.01750610572266927  0.01823515874861359  0.01895862951445140  0.01968068287502656
  0.02040273623560171  0.03530019729233655  0.04437007428982634  0.04437007428983634
  0.04437007428984634  0.04437007428985634  0.04437007428986633  1.00000000000000000
  0.00011145596813516  0.00011385888555632  0.00011626180297748  0.00011866472039864
  0.00012106763781980  0.00012347055524096  0.00012633494357194  0.00012950614747695
  0.00013267735138196  0.00013584855528697  0.00013901975919197  0.00025917049266339
  0.00048403570063477  0.00090400090750328  0.00115509263282526  0.00116995376039669
  0.00118481488796811  0.00119967601553954  0.00121453714311096  0.00122939827068239
  0.00124425939825382  0.00125912052582524  0.00127398165339667  0.00128900000190169
  0.00130413851939042  0.00131927703687914  0.00133441555436786  0.00134955407185658
  0.00136469258934530  0.00137983110683402  0.00139496962432274  0.00141010814181146
  0.00142524665930019  0.00144151663758486  0.00145843249988298  0.00147534836218109
  0.00149226422447921  0.00150918008677733  0.00152609594907544  0.00154301181137356
  0.00155992767367167  0.00157684353596979  0.00159375939826790  0.00162861162973529
  0.00167091812737568  0.00171322462501606  0.00175553112265645  0.00211777643160871
  0.00313256602672784  0.00318645580980345  0.00324034559287905  0.00329423537595466
  0.00334812515903026  0.00340201494210587  0.00345590472518147  0.00351360264893101
  0.00357381938748956  0.00363403612604810  0.00369425286460665  0.00375446960316519
  0.00381468634172373  0.00387490308028228  0.00394093140949888  0.00400821792274279
  0.00407550443598670  0.00414279094923060  0.00421007746247451  0.00427736397571842
  0.00446286293557499  0.00833431765139396  0.00857351011922555  0.00869840855553666
  0.00882330699184778  0.00894820542815889  0.00907310386447001  0.00919800230078112
  0.00932290073709223  0.00944744080494182  0.00956115553376956  0.00967487026259730
  0.00978858499142505  0.00990229972025279  0.01001601444908054  0.01012972917790828
  0.01024344390673602  0.01035715863556377  0.01047087336439151  0.01260318234258607
  0.02353702858023442  0.03034326231961387  0.03034326231962387  0.03034326231963387
  0.03034326231964387  0.03034326231965387  0.03034326231966386  1.00000000000000000
  0.03952586253484099  0.04600034125574073  0.05033401584481471  0.05466769043388870
  0.05900136502296269  0.06347651622269443  0.06854442375559301  0.07361233128849158
  0.07868023882139015  0.08398250659044847  0.09191367044907700  0.09984483430770554
  0.10777599816633401  0.11570716202496246  0.12363832588359092  0.13156948974221935
  0.13950065360084779  0.17161238137990173  0.25100825938289961  0.25361255057307319
  0.25621684176324677  0.25882113295342030  0.26142542414359388  0.26402971533376740
  0.26663400652394098  0.26923829771411451  0.27184258890428808  0.27444688009446166
  0.27705117128463524  0.27965546247480882  0.28225975366498240  0.28486404485515598
  0.28746833604532962  0.29007262723550320  0.29267691842567678  0.29528120961585030
  0.29788550080602388  0.30048979199619741  0.30309408318637099  0.30569837437654451
  0.30830266556671809  0.31090695675689162  0.36216650291280783  0.37884442648692013
  0.38311759885085239  0.38739077121478466  0.39166394357871692  0.39593711594264924
  0.40021028830658156  0.40448346067051388  0.40875663303444620  0.41302980539837852
  0.41730297776231084  0.42157615012624311  0.42584932249017537  0.43012249485410770
  0.43439566721803996  0.47248645742128070  0.54325650712620244  0.54671917011946680
  0.55018183311273106  0.55364449610599531  0.55710715909925967  0.56056982209252393
  0.56403248508578829  0.56749514807905255  0.57095781107231680  0.57442047406558117
  0.57788313705884542  0.58134580005210967  0.58480846304537404  0.58827112603863840
  0.59173378903190266  0.59519645202516702  0.59865911501843139  0.60212177801169564
  0.62573031014520442  0.62869221273666887  0.63165411532813331  0.63461601791959776
  0.63757792051106232  0.64053982310252677  0.64350172569399122  0.64634843476498693
  0.64876901620887206  0.65118959765275719  0.65361017909664232  0.65603076054052756
  0.65845134198441269  0.66087192342829781  0.66329250487218294  0.66571308631606807
  0.74418531803610788  0.86673376900033594  0.86877197424570718  1.00000000000000000
  0.14546143611272172  0.46071555840211631  0.46309778347089936  0.46548000853968241
  0.46786223360846541  0.47024445867724846  0.47262668374603151  0.47500890881481456
  0.47739113388359761  0.47989873017949375  0.48277323525111471  0.48564774032273561
  0.48852224539435657  0.49139675046597747  0.49427125553759843  0.49714576060921933
  0.50002501064669735  0.50357254656925099  0.50712008249180462  0.51066761841435826
  0.51421515433691201  0.51776269025946564  0.52112455312272299  0.52329089440266674
  0.52545723568261049  0.52762357696255435  0.52978991824249810  0.53195625952244185
  0.53412260080238561  0.53628894208232936  0.53845528336227322  0.54062162464221697
  0.54255823400831937  0.54428073505039931  0.54600323609247925  0.54772573713455919
  0.54944823817663913  0.55117073921871906  0.55289324026079900  0.55461574130287894
  0.55633824234495888  0.55806074338703882  0.55978324442911864  0.56150574547119858
  0.56322824651327852  0.56495074755535846  0.56667324859743839  0.56839574963951833
  0.57011825068159827  0.57184075172367821  0.57356325276575815  0.57528575380783809
  0.57700825484991802  0.57873075589199796  0.58045325693407790  0.58217575797615784
  0.58427692032486045  0.58715398826428977  0.59003105620371898  0.59290812414314820
  0.59578519208257752  0.59866226002200673  0.60153932796143594  0.61330960581854455
  0.71864311709304973  0.75461362389394437  0.76118285008298558  0.76775207627202680
  0.77432130246106812  0.78089052865010933  0.78745975483915065  0.79402898102819197
  0.80059820721723318  0.80716743340627439  0.83232907783617027  0.87646495767979204
  0.87892749774510137  0.88139003781041070  0.88385257787572002  0.88631511794102935
  0.88877765800633868  0.89124019807164789  0.89370273813695722  0.89610483167860011
  0.89811894792336500  0.90013306416812977  0.90214718041289454  0.90416129665765943
  0.90617541290242420  0.90818952914718909  0.91020364539195386  0.91221776163671864
  0.91423187788148352  0.91624599412624830  0.96401828924814847  1.00000000000000000
  0.05860226949055991  0.06478713424152577  0.06707426848305154  0.06936140272457730
  0.07164853696610309  0.07393567120762885  0.07622280544915462  0.07850993969068039
  0.08079707393220616  0.08308420817373192  0.08580397898972961  0.08857663507332528
  0.09134929115692093  0.09412194724051659  0.09689460332411225  0.09966725940770790
  0.10243991549130357  0.10653089891639775  0.11279839310124445  0.11906588728609116
  0.13070858663572577  0.20942260360877443  0.21335926626920132  0.21729592892962821
  0.22123259159005509  0.22516925425048201  0.22910591691090890  0.23304257957133573
  0.23697924223176259  0.24091590489218945  0.24485256755261628  0.24878923021304314
  0.25272589287346997  0.25666255553389683  0.26059921819432369  0.26453588085475055
  0.26847254351517735  0.31379430030576455  0.42111440253716126  0.52099270199196956
  0.52324281052893407  0.52549291906589868  0.52774302760286318  0.52999313613982768
  0.53224324467679218  0.53449335321375679  0.53674346175072130  0.53899357028768580
  0.54124367882465030  0.54349378736161480  0.54574389589857930  0.54799400443554380
  0.55024411297250830  0.55249422150947280  0.55474433004643731  0.55699443858340181
  0.55924454712036631  0.56149465565733081  0.56374476419429542  0.56599487273125992
  0.56824498126822443  0.57049508980518893  0.57274519834215343  0.57499530687911793
  0.57724541541608243  0.57949552395304693  0.58174563249001143  0.61492721435406650
  0.72224731658546326  0.82956741881685980  0.83523209003067356  0.83719989806787332
  0.83916770610507307  0.84113551414227272  0.84310332217947248  0.84507113021667224
  0.84703893825387189  0.84900674629107165  0.85097455432827140  0.85294236236547105
  0.85476240380604762  0.85633912262286549  0.85791584143968347  0.85949256025650145
  0.86106927907331932  0.86264599789013729  0.86422271670695516  0.86579943552377314
  0.86737615434059101  0.86895287315740899  0.87052959197422686  0.87210631079104484
  0.87368302960786282  0.89267989776860468  0.90624827543894448  1.00000000000000000
  0.00040757258733113  0.00388843695712663  0.00736930132692212  0.01085016569671762
  0.01433103006651311  0.01781189443630861  0.02119422959579267  0.02392858155414375
  0.02666293351249482  0.02939728547084590  0.03213163742919697  0.03486598938754806
  0.03760034134589913  0.04033469330425021  0.04341719311922070  0.04683036232157615
  0.05024353152393161  0.05365670072628707  0.05706986992864254  0.06048303913099800
  0.06389620833335347  0.06730937753570893  0.07072254673806438  0.07413571594041984
  0.07754888514277530  0.08096205434513076  0.12137788818645251  0.13255979249600278
  0.14034586808275121  0.14813194366949967  0.15591801925624818  0.16370409484299667
  0.17149017042974513  0.17927624601649356  0.18706232160324199  0.30512574121114205
  0.35593886336699071  0.35886080641116352  0.36178274945533628  0.36470469249950910
  0.36762663554368186  0.37054857858785467  0.37347052163202743  0.37639246467620024
  0.37931440772037306  0.38223635076454582  0.38515829380871863  0.38808023685289139
  0.39100217989706421  0.39392412294123696  0.39684606598540978  0.39976800902958259
  0.40268995207375541  0.40561189511792828  0.40853383816210109  0.41145578120627391
  0.41437772425044672  0.44366647995140901  0.56261960296475222  0.56519048354715329
  0.56776136412955447  0.57033224471195554  0.57290312529435661  0.57547400587675768
  0.57804488645915875  0.58061576704155982  0.58318664762396089  0.58575752820636195
  0.58832840878876302  0.59089928937116420  0.59347016995356527  0.59604105053596634
  0.59861193111836741  0.60118281170076859  0.60375369228316966  0.60632457286557073
  0.60889545344797180  0.61146633403037287  0.61403721461277394  0.61660809519517501
  0.61917897577757608  0.62174985635997715  0.62432073694237822  0.71670220763111236
  0.84133386380570951  0.85863906035418081  0.86362481661033808  0.86861057286649535
  0.87359632912265250  0.87806553652330566  0.88233232982476173  0.88659912312621780
  0.89086591642767399  0.89513270972913006  0.97999108235041299  1.00000000000000000
 -0.00142354170481363  0.08539721840404224  0.08746110347475122  0.08952498854546020
  0.09158887361616917  0.09365275868687815  0.09571664375758714  0.09778052882829612
  0.09984441389900510  0.10190829896971407  0.10397218404042305  0.10647832628030775
  0.10903047858934103  0.11158263089837432  0.11413478320740761  0.11668693551644090
  0.11923908782547418  0.12179124013450747  0.12434339244354076  0.16983730959231497
  0.17759419535836407  0.18535108112441318  0.19310796689046228  0.20086485265651138
  0.20845414340312240  0.21170342694820024  0.21495271049327810  0.21820199403835597
  0.22145127758343380  0.22470056112851167  0.22794984467358953  0.23128810441758910
  0.23467963365423999  0.23807116289089089  0.24146269212754176  0.24485422136419266
  0.24824575060084353  0.25163727983749445  0.25502880907414532  0.25842033831079619
  0.26181186754744706  0.26520339678409799  0.26859492602074886  0.31325213878236108
  0.43751720694444601  0.44170096351060628  0.44588472007676661  0.45006847664292687
  0.45425223320908720  0.45841647667880425  0.46180497827753997  0.46519347987627563
  0.46858198147501134  0.47197048307374700  0.47535898467248267  0.47874748627121838
  0.48213598786995404  0.48552448946868965  0.48891299106742531  0.49230149266616097
  0.49568999426489663  0.49907849586363229  0.50361136340002466  0.50857168899470651
  0.51353201458938846  0.51849234018407031  0.58341197098319963  0.58631387546191238
  0.58921577994062513  0.59211768441933788  0.59501958889805062  0.59792149337676337
  0.60082339785547612  0.60372530233418886  0.60662720681290161  0.60952911129161436
  0.61243101577032710  0.61533292024903985  0.61823482472775260  0.62113672920646534
  0.62403863368517798  0.62694053816389073  0.62984244264260347  0.63274434712131622
  0.63564625160002897  0.63854815607874171  0.64145006055745435  0.64435196503616710
  0.70690615100434029  0.83166712888675254  0.95642810676916479  0.96705109630727237
  0.97590405289990545  0.98416598825221713  0.99208299412610823  1.00000000000000000
  0.65324943860371909  0.71120469528948949  0.71407605724564560  0.71694741920180183
  0.71981878115795794  0.72269014311411417  0.72556150507027029  0.72843286702642651
  0.73170593919536697  0.73511691368763488  0.73852788817990278  0.74193886267217068
  0.74534983716443859  0.74876081165670649  0.77186142671575142  0.77421808779739121
  0.77657474887903100  0.77893140996067067  0.78128807104231046  0.78364473212395025
  0.78600139320559004  0.78835805428722971  0.79071471536886950  0.79307137645050929
  0.79542803753214897  0.79778469861378876  0.80014135969542843  0.80249802077706822
  0.80485468185870790  0.80721134294034769  0.80956800402198736  0.81192466510362715
  0.81365079283164099  0.81517327013073926  0.81669574742983753  0.81821822472893591
  0.81974070202803417  0.82126317932713244  0.82278565662623082  0.82430813392532909
  0.82583061122442736  0.82735308852352574  0.82887556582262401  0.83039804312172227
  0.83192052042082065  0.83348241897549979  0.83555218394557695  0.83762194891565411
  0.83969171388573138  0.84176147885580854  0.84383124382588570  0.84590100879596286
  0.84797077376604013  0.85004053873611729  0.85211030370619445  0.85418006867627172
  0.85624983364634888  0.85831959861642604  0.86038936358650320  0.86245912855658036
  0.86452889352665752  0.86659865849673468  0.86866842346681183  0.87073818843688899
  0.87280795340696626  0.87487771837704342  0.87950426368670664  0.88429134810954413
  0.88907843253238161  0.89386551695521910  0.89865260137805658  0.90343968580089407
  0.90822677022373155  0.91301385464656903  0.91780093906940652  0.92258802349224400
  0.92737510791508149  0.93216219233791897  0.93694927676075646  0.96022180801080470
  0.96298071531088736  0.96573962261096991  0.96849852991105256  0.97125743721113511
  0.97401634451121766  0.97677525181130032  0.97947050810121816  0.98175156275663833
  0.98403261741205861  0.98631367206747877  0.98859472672289894  0.99087578137831922
  0.99315683603373939  0.99543789068915967  0.99771894534457983  1.00000000000000000
   6.2684116282239733E-011  -1.0000000000000000     
 F F F F F F F F F F F F F F F F F F F F F F F F F F F F F F F F F F F F F F F F F F F F F F F F F F F F F F F F F F F F F F F F
  <DiscreteSampler_grid>
  grouped_processes
  1 # 1 for a reference and 2 for a running grid.
  10 # Attribute 'min_bin_probing_points' of the grid.
  1 # Attribute 'grid_mode' of the grid. 1=='default',2=='initialization'
  0.0000000000000000 # Attribute 'small_contrib_threshold' of the grid.
  0.5000000000000000 # Attribute 'damping_power' of the grid.
 # binID   n_entries weight   weight_sqr   abs_weight
    10   10   4.069481132682293E+002   1.101458718698781E+006   4.069481132682293E+002
  </DiscreteSampler_grid>
