  0.00352754403050425  0.01073274569505921  0.01999303339017006  0.03008586910697339
  0.04114424496620817  0.05286912156451152  0.06577763519641795  0.07900786305417003
  0.09143214329149470  0.10317065242835624  0.11441878688019996  0.12514446865358711
  0.13564309184177711  0.14589040712528137  0.15765758835135152  0.17079759301860431
  0.18375766728033177  0.19518119660664507  0.20542866876215363  0.21525893708928001
  0.22488816640957879  0.23408431459240767  0.24359272063653198  0.25293475426637230
  0.26047030374443375  0.26799182425231605  0.27523234135595831  0.28266395123975158
  0.29066386738060118  0.29858571537105327  0.30614052715058732  0.31430419125459558
  0.32657211278381776  0.33856138045535200  0.34987213967093067  0.36086278399919824
  0.37196115684584263  0.38370603394853559  0.39533022077988050  0.40633759819710852
  0.41687407705896712  0.42722178981084075  0.43867420317726358  0.45011712577523905
  0.46205778009049686  0.47442819912097556  0.48691204533514681  0.49938130443889645
  0.51068723160456675  0.52069025143349823  0.53082268802866051  0.54253280438343776
  0.55506472727492184  0.56701046730604354  0.57801187692436007  0.58848446597016246
  0.59883601149610288  0.60974080905107775  0.62136489082036417  0.63330647143806240
  0.64386353765079063  0.65351909124492458  0.66283616763975017  0.67286035450546489
  0.68349040729573973  0.69593403874158177  0.70876501398980041  0.72206537006034033
  0.73496341572804869  0.74636333548066736  0.75666728681627449  0.76654481663893170
  0.77648590363545766  0.78677776253250953  0.79679417660990104  0.80553749056180146
  0.81323551952476703  0.82090162447095327  0.82910401152994595  0.83873106420989807
  0.84821948254057844  0.85772734578193044  0.86751104863572059  0.87797864771309420
  0.88921250856600287  0.90130494621139634  0.91417793292357363  0.92606614807817045
  0.93702388821006355  0.94667298072503558  0.95573559667947672  0.96606716531693138
  0.97603033624138646  0.98507752210757771  0.99267936900135123  1.00000000000000000
  0.00001505835996820  0.00001939446443350  0.00002325870980768  0.00002932933705145
  0.00003875017033016  0.00004677126146303  0.00005569694335354  0.00006810792267358
  0.00008294567639689  0.00010057019531564  0.00012079727523563  0.00014483923413304
  0.00016954605031658  0.00019766818378118  0.00023208103666000  0.00027681194331909
  0.00033137551611692  0.00039094396658393  0.00045392625242785  0.00052065244146978
  0.00059545409952447  0.00067790901543872  0.00076651719990198  0.00086078312028760
  0.00096067235616306  0.00106968942160889  0.00119417214059956  0.00133133256576498
  0.00147352439571263  0.00161174786379937  0.00175316662661562  0.00190740584418751
  0.00207305693128727  0.00224123572895363  0.00241915184171722  0.00261204715266685
  0.00281389417255805  0.00303074248855984  0.00326042578299082  0.00349921768977496
  0.00371688485664373  0.00394546149451006  0.00418980182135804  0.00444820472853612
  0.00470813666369058  0.00497350382648282  0.00523597776792637  0.00553237438538796
  0.00579631666049084  0.00603089893117731  0.00628464743161590  0.00655793030327772
  0.00684590092964239  0.00715652139788097  0.00749603483210617  0.00785348170367424
  0.00831136586292946  0.00888301542311175  0.00943840831740055  0.00993007921991983
  0.01040407929183471  0.01091730237188731  0.01146176040923140  0.01201656433157318
  0.01257791664671479  0.01323708424346965  0.01405182532211131  0.01489880585058362
  0.01565141450886693  0.01644188949592582  0.01720470064185664  0.01789806725157683
  0.01868280608463122  0.01952292944319297  0.02036603911774243  0.02121460334231818
  0.02218711165750540  0.02324497811529048  0.02420380060958637  0.02480802153417305
  0.02526006845524635  0.02567835254540222  0.02608793431302700  0.02653966975346429
  0.02722609905095852  0.02817049065799319  0.02905359579520241  0.02984545425370283
  0.03060828387013085  0.03136259133605031  0.03220437326127606  0.03324097935244729
  0.03431327245675504  0.03523503530879703  0.14226308988217384  1.00000000000000000
  0.00000823728700111  0.00001427996263041  0.00002248602692238  0.00003321531306416
  0.00004436282629448  0.00005686725415217  0.00007017290972477  0.00008467813659887
  0.00010078191202195  0.00012014855359450  0.00014050465160401  0.00016036463058070
  0.00018056634887197  0.00020129483520756  0.00022318436979404  0.00024406667966145
  0.00026564165221251  0.00028888243849948  0.00031321375578098  0.00033901570594649
  0.00036562660263694  0.00039254255930208  0.00042120709778879  0.00045003641207554
  0.00047926211823714  0.00051058775402432  0.00054569207665435  0.00058469105065299
  0.00062600980082511  0.00066810125900613  0.00071107682597080  0.00075257932038023
  0.00079471587966112  0.00083618029229027  0.00087746286727817  0.00092310651076009
  0.00096830347076328  0.00101400962127130  0.00106152419962682  0.00111153525930068
  0.00116468228340200  0.00122402644808672  0.00129113562980482  0.00136123679552360
  0.00143474344998878  0.00150916034034414  0.00157946915557999  0.00164917957410759
  0.00171758387840670  0.00177824315479821  0.00183195920129783  0.00188401791055901
  0.00194312290859758  0.00200711646864136  0.00207592448248246  0.00214650906829306
  0.00221661292013726  0.00228661587107698  0.00235786553314254  0.00243528291340316
  0.00251451496918248  0.00259229254846016  0.00268040287781019  0.00279222741732370
  0.00292546388729184  0.00306769996277581  0.00321816842673425  0.00337926491431942
  0.00352958223260627  0.00373606402287356  0.00392645116691960  0.00413284383252381
  0.00434994958476499  0.00458718102960948  0.00482909943078674  0.00506491927853600
  0.00530763496168991  0.00556207434405209  0.00583057153277475  0.00610766976560492
  0.00642670342153823  0.00677560004945164  0.00718743736548231  0.00764680867002340
  0.00814140495235431  0.00855940074504749  0.00992194007759102  0.01238645360058888
  0.01417028273159925  0.01557274401377650  0.01682067866299251  0.02053741728336186
  0.03610590998510456  0.04066591081704099  0.04066591081705370  1.00000000000000000
 -0.00488167166268582  0.02137015793030980  0.04247909840213372  0.06264030006835214
  0.08165105483841233  0.09883515456948024  0.11451670382942812  0.13055113638332783
  0.14747569970313057  0.16547135155545867  0.18357714424412386  0.19905246684561198
  0.21247786690036893  0.22480243858473134  0.23655377524808324  0.24804703497615074
  0.25938371353594591  0.27146881026623465  0.28289436952152186  0.29293494459216490
  0.30222744571800125  0.31172466463665605  0.32207963625621971  0.33324098661670842
  0.34551327173954866  0.35883017416204993  0.37154151828537868  0.38038132616319775
  0.38724912219595548  0.39441734678296581  0.40201801814010368  0.40964386308829093
  0.41680639838719780  0.42374708777058873  0.43054541747258068  0.43737312377934079
  0.44730309506820959  0.45858341877600800  0.46943512979343521  0.48011827776795768
  0.49045444710289848  0.50038547221209562  0.51007491375040148  0.51991235023167293
  0.53028532088585179  0.54092327404327756  0.55188324404342248  0.56259473727118814
  0.57279582956574826  0.58264018662785821  0.59342409115683070  0.60412078956007575
  0.61441968151771742  0.62333747910841353  0.63220622699580009  0.64070578236193376
  0.64968193141473518  0.65903032268957107  0.66822119952295633  0.67715176207194083
  0.68591212672985336  0.69405675539709322  0.70227208529180307  0.71089978263359488
  0.71903968871073576  0.72723179310211961  0.73676753303139875  0.74615869194730422
  0.75460472672911783  0.76189398266599495  0.76897588425511432  0.77588865862150125
  0.78330521971602862  0.79094969762381473  0.79866862522025428  0.80637407711187015
  0.81552850206825356  0.82588524024499499  0.83636119447488189  0.84652922637908401
  0.85590913540442881  0.86401983919288905  0.87213180738215146  0.88067667486381762
  0.88962915045799307  0.89898223511496189  0.90893317698594789  0.91872923565144671
  0.92866245984613416  0.93803831680052474  0.94774978483521077  0.95774189551643640
  0.96898314779762951  0.98033937313623831  0.99030839514756341  1.00000000000000000
 -0.00240234354715511  0.00837699460532157  0.01982845027533063  0.03192628798005621
  0.04433303311386659  0.05702707443467671  0.06848644526101448  0.07914305965068112
  0.08942651388979905  0.09892017065532989  0.10772099745750115  0.11677655079498696
  0.12612942949147196  0.13700119627443072  0.14827875018045303  0.15948417764383613
  0.17057665810820244  0.18182553582830907  0.19285141043978510  0.20395732317888252
  0.21495989356572928  0.22624050781447957  0.23797532106225436  0.25002231683736287
  0.26169341260600404  0.27373072595845199  0.28531951870338362  0.29633274329190951
  0.30610528916557966  0.31633676499468233  0.32713733887799978  0.33854344682826742
  0.34950524989258291  0.36061796030463311  0.37123942742904248  0.37950832062022138
  0.38600130054984882  0.39327321948404842  0.40093756554637749  0.40830397307236077
  0.41514585699454798  0.42144180416279797  0.42819776642730828  0.43695270344574755
  0.44900352300207191  0.46200994308818577  0.47398378892617909  0.48445579029246633
  0.49553509155140479  0.50661805681625971  0.51832214715012126  0.53107852600860317
  0.54300935563701647  0.55423200858129185  0.56561003343520122  0.57769021774535323
  0.58910754076623273  0.59834389433686452  0.60723370921003950  0.61589190433525787
  0.62441294225769295  0.63250400800869266  0.64060907809368872  0.64992228091191850
  0.66025790846067978  0.67143565581942888  0.68218481570272216  0.69439874064150509
  0.70686786414859859  0.72065479322628023  0.73443271723148718  0.74712391890613417
  0.75923198285633275  0.77126342251257307  0.78280065096270612  0.79478822834628982
  0.80722690350329873  0.81949417452190365  0.83114434410825344  0.84134433275843579
  0.85079003768188965  0.86043971181263379  0.87013630711967671  0.87952920118029954
  0.88902660650472654  0.89843112334891628  0.90824506536883276  0.91817268867476698
  0.92858394881206818  0.93911904577848515  0.94917363001370625  0.95897721900300581
  0.96999820636809531  0.98017273152827666  0.99006719500836737  1.00000000000000000
 -0.00300727867464690  0.00959414806680607  0.02011515678597371  0.02971458502559638
  0.03893723173626545  0.04809944553330561  0.05780417645287461  0.06858781506653376
  0.08024337450134650  0.09168842685574086  0.10196374375811000  0.11192679652559329
  0.12198448818985443  0.13226720915494095  0.14296335007162386  0.15397567596349521
  0.16462613470900045  0.17456710007564444  0.18462250895121338  0.19600535697911539
  0.20791387194512592  0.21966243912522329  0.23138461248875325  0.24369008245957494
  0.25668774960867075  0.26918368042112301  0.28148251966608939  0.29354598876111471
  0.30553358700016264  0.31808122664500638  0.33098014500487138  0.34279141500682869
  0.35376351384561489  0.36464455121772621  0.37596588772863870  0.38784045637560399
  0.39921911559582840  0.41058806753862598  0.42216545699332436  0.43452376931649611
  0.44731341179285133  0.45979506553618005  0.47141659805588665  0.48173759675377215
  0.49121820176037589  0.50062539623179247  0.51073840555488970  0.52189849194546700
  0.53298996990570546  0.54292179427850329  0.55196357190329504  0.56130073572994377
  0.57052545271111277  0.58001518923608830  0.58993099209435973  0.59967584704532684
  0.60945909214551841  0.61908171426767944  0.62784037722824815  0.63600151007651984
  0.64431078217192617  0.65303606133876546  0.66167269552927443  0.67111134946692652
  0.68193749581868845  0.69333007784339451  0.70440505774638407  0.71549101799283077
  0.72639653778404034  0.73921356562368534  0.75256987666590769  0.76446517591718277
  0.77415183983409785  0.78360199504892392  0.79340701884174558  0.80389660282948616
  0.81594820811259139  0.82921622459378708  0.84205598394723802  0.85463849115763402
  0.86683055064956782  0.87911907928435784  0.89208382688086241  0.90310770744873659
  0.91326136458594320  0.92336572227671121  0.93335303272142811  0.94452899565674042
  0.95550060961416527  0.96366553679936484  0.97023216316793537  0.97717331640851091
  0.98334345405888623  0.98855111212475921  0.99397003630201619  1.00000000000000000
 -0.00107555223622984  0.00410928244746797  0.00795408342137975  0.01108790367971316
  0.01398943058274435  0.01667383260438071  0.01923198969322255  0.02163308435545064
  0.02394275731911414  0.02604027978505082  0.02804582603981825  0.02999443758895542
  0.03180091278794385  0.03355155048448321  0.03537328297713746  0.03743116899765584
  0.03953430058515745  0.04140195255127078  0.04254513418184618  0.04330462101139632
  0.04402395645399908  0.04474693563278766  0.04557950317691938  0.04666630612567679
  0.04801543084107809  0.04915902362609809  0.05005305673059952  0.05091895779180926
  0.05172530604875644  0.05253019190987507  0.05326654433446688  0.05398423963240905
  0.05470657592825696  0.05584125148473600  0.05729527776302702  0.05832674315069507
  0.05917019137262563  0.05995595767260420  0.06077405843300965  0.06161891165026615
  0.06256761248350583  0.06368115327764629  0.06486522797231624  0.06601160703043869
  0.06693340693380569  0.06776927009495008  0.06858754564021653  0.06936491273558863
  0.07026934101976179  0.07139152685139151  0.07273006111603640  0.07442865728005943
  0.07594214502741088  0.07693935840623430  0.07782034193393803  0.07873635965036056
  0.07969078586961338  0.08081604542539769  0.08192778284718685  0.08262515421695005
  0.08318368988978629  0.08402200057000270  0.08499183439282447  0.08572538138188114
  0.08633650234632932  0.08762963419454789  0.08969681263002281  0.09274743503856861
  0.09438567670477536  0.09515564778186517  0.09567584378979765  0.09610312043637789
  0.09662512539635708  0.09741678604003055  0.09820844668370403  0.09912497411810536
  0.10007447816057843  0.10212559289109907  0.10434665395797769  0.11008804085813097
  0.11308610334836479  0.11656374031802759  0.12338410674503651  0.13298062948155240
  0.13675709687915022  0.13979534654479958  0.14892327426873170  0.17801925462772869
  0.20400477524833591  0.23312413128012116  0.26326125761942498  0.29162914478319385
  0.34084665720625201  0.35588981137882103  0.89387401075791517  1.00000000000000000
 -0.00095017384677395  0.00736919317414636  0.01363913718613006  0.01970484685831988
  0.02653544993887467  0.03345430175772275  0.04045165081594454  0.04732584404165318
  0.05435575720292731  0.06065693264465113  0.06928538761166046  0.07851670812585705
  0.08797984529296186  0.09761217335938867  0.10766525332111679  0.11861538089807223
  0.12908593403151417  0.13941428828052649  0.14982668139716496  0.16046473169188463
  0.17171130758733102  0.18249716488455897  0.19205952367488019  0.20028078944828678
  0.20904840913633155  0.21864791291801364  0.22931197816494051  0.24003511445218836
  0.25070559365093958  0.26150342551978295  0.27247683475217427  0.28465944476003679
  0.29708310517661934  0.30947260762149525  0.32187294866349059  0.33456578937055659
  0.34621360687897057  0.35692330500804365  0.36701136537452855  0.37848786739959217
  0.39140019727818515  0.40472912670304084  0.41761896055330017  0.43127491293102854
  0.44563334566117024  0.45976330714824720  0.47317925775310393  0.48545268008229614
  0.49699396383872274  0.50861520000216331  0.51872677921731902  0.52754850424488031
  0.53546268635483707  0.54325429302020467  0.55177675517706481  0.56073097020408325
  0.57137064776582092  0.58185017182454501  0.59333628818130535  0.60508653247402355
  0.61885829848869556  0.63257096602418805  0.64605577193372477  0.65905791438483785
  0.67143673287730699  0.68223979892469255  0.69267383450793707  0.70332210457836586
  0.71507750705538764  0.72762127273374100  0.74105495620432038  0.75396573503784514
  0.76630283867441595  0.77829276879970699  0.79040757805344364  0.80305157051921372
  0.81567575398502123  0.82825311276531211  0.83914188031721038  0.84947422232218717
  0.85759936061775321  0.86484689241439094  0.87138142095238691  0.87840786347977451
  0.88676392060951448  0.89576093046237448  0.90497276723947528  0.91437442473660524
  0.92591338150768132  0.93792025900082809  0.94911837411122590  0.95934479172761811
  0.96913267028066419  0.97952578342564367  0.99005631445280162  1.00000000000000000
  0.04724357590133052  0.60957596377033885  0.67500800042407161  0.72777835487695575
  0.76341881624819297  0.78730099328097003  0.80650616215714610  0.82278716182943901
  0.83736813374786756  0.84943609134506071  0.85963821807047758  0.86910475194861503
  0.87764482477078209  0.88465275883369754  0.89094657136594813  0.89695899773782228
  0.90206009184194524  0.90681342463065029  0.91173937671407612  0.91671739734037239
  0.92074141751256855  0.92430796041865015  0.92766036678154595  0.93096704186671686
  0.93434372887278605  0.93752611497550509  0.94023028190195068  0.94259710418230891
  0.94486103588542036  0.94707092621358024  0.94919246176960992  0.95122914066622666
  0.95319086604827907  0.95507801388734659  0.95684890579870641  0.95843350899025459
  0.95968498442371664  0.96082836451470943  0.96204927908954452  0.96324439560190700
  0.96440509517285855  0.96551657463952667  0.96660963400225453  0.96770311212862226
  0.96871903313805729  0.96969009274159113  0.97062749899665968  0.97154684138118053
  0.97242989626916254  0.97326794753625601  0.97407678082506688  0.97487639150152283
  0.97567735494265273  0.97648343116270364  0.97729895956290835  0.97812307516114738
  0.97894147553985722  0.97971522500827790  0.98041793124349463  0.98108204868794235
  0.98173587228677861  0.98238773023337789  0.98303808359410927  0.98369645314839349
  0.98430552398149562  0.98489269418920100  0.98545997563910015  0.98600019891738611
  0.98652214765156332  0.98701893507019589  0.98754568420471556  0.98807477814779288
  0.98859521770642056  0.98912441658992578  0.98961939835600143  0.99011990273652717
  0.99060458177637811  0.99107441428419685  0.99153480883910816  0.99197875263387780
  0.99241795207139072  0.99286160496915621  0.99334008324842382  0.99379473516140915
  0.99422095045982861  0.99464698574939059  0.99509330078667435  0.99553908673702540
  0.99597755084600781  0.99639687401397969  0.99682228548784035  0.99726498281662246
  0.99773715765697324  0.99831415761837450  0.99905694404919865  1.00000000000000000
   3.0873937812678206E-007  -1.0000000000000000     
 F F F F F F F F F F F F F F F F F F F F F F F F F F F F F F F F F F F F F F F F F F F F F F F F F F F F F F F F F F F F F F F F
  <DiscreteSampler_grid>
  grouped_processes
  1 # 1 for a reference and 2 for a running grid.
  10 # Attribute 'min_bin_probing_points' of the grid.
  1 # Attribute 'grid_mode' of the grid. 1=='default',2=='initialization'
  0.0000000000000000 # Attribute 'small_contrib_threshold' of the grid.
  0.5000000000000000 # Attribute 'damping_power' of the grid.
 # binID   n_entries weight   weight_sqr   abs_weight
    10   10   1.665314350556597E+003   2.717647465061348E+007   1.665314350556597E+003
  </DiscreteSampler_grid>
