  0.03493745519620047  0.14941198478299797  0.15299063623266268  0.15656928768232739
  0.16014793913199210  0.16372659058165681  0.16741495780734161  0.17160846937006058
  0.17580198093277954  0.17999549249549851  0.18418900405821748  0.21033141937780703
  0.29207852702707404  0.29372402711042778  0.29536952719378151  0.29701502727713525
  0.29866052736048898  0.30030602744384272  0.30195152752719645  0.30359702761055019
  0.30524252769390392  0.30688802777725765  0.30853352786061139  0.31017902794396507
  0.31182452802731880  0.31341620526642722  0.31497040336201620  0.31652460145760525
  0.31807879955319429  0.31963299764878328  0.32118719574437232  0.32274139383996137
  0.32429559193555035  0.32584979003113940  0.32740398812672844  0.32895818622231743
  0.33051238431790647  0.33206658241349546  0.33362078050908450  0.33517497860467355
  0.33672917670026259  0.33828337479585163  0.33983757289144068  0.34139177098702972
  0.34294596908261876  0.34450016717820781  0.34605436527379685  0.34760856336938584
  0.34916276146497488  0.35071695956056392  0.35227115765615297  0.35382535575174201
  0.35772086835004546  0.36227523546325135  0.36682960257645725  0.37138396968966314
  0.39735213801761893  0.46021197972910349  0.46450203006033242  0.46879208039156139
  0.47308213072279032  0.47737218105401930  0.48166223138524822  0.48595228171647714
  0.49024233204770601  0.49453238237893493  0.49882243271016385  0.50311248304139278
  0.50740253337262164  0.51169258370385051  0.51598263403507949  0.52027268436630836
  0.61514492902124351  0.66854685285275650  0.67212747768083514  0.67570810250891367
  0.67928872733699230  0.68286935216507083  0.68644997699314947  0.68994197086959863
  0.69339718909151804  0.69685240731343734  0.70030762553535675  0.70376284375727605
  0.70721806197919546  0.71029811828533462  0.71319936397675687  0.71610060966817912
  0.71900185535960137  0.72190310105102351  0.72480434674244576  0.72770559243386801
  0.78302067661412644  0.82411813783997367  0.82411813783998367  1.00000000000000000
  0.00028841578750619  0.00029365788432234  0.00029889998113849  0.00030730395150676
  0.00032217683881571  0.00033704972612465  0.00034616527242457  0.00035491996387088
  0.00036367465531719  0.00037242934676351  0.00038160465837309  0.00039138719851143
  0.00040116973864977  0.00041095227878810  0.00042073481892644  0.00043152510622833
  0.00044245617012076  0.00045338723401319  0.00046431829790562  0.00047606499519892
  0.00048935588654945  0.00050264677789997  0.00051593766925050  0.00052951080670775
  0.00054436212144661  0.00055921343618547  0.00057406475092433  0.00058894417841594
  0.00060553911878944  0.00062213405916294  0.00063872899953644  0.00065532393990994
  0.00115727376734638  0.00224543813711589  0.00435673910723681  0.00681883537352486
  0.00696800968922379  0.00711718400492271  0.00726635832062164  0.00741553263632057
  0.00756484407227707  0.00773153226910075  0.00789822046592443  0.00806490866274811
  0.00823159685957179  0.00839828505639546  0.00855395617482196  0.00870445497891073
  0.00885495378299950  0.00900545258708827  0.00915595139117704  0.00930645019526581
  0.00946568160890389  0.00971610762389605  0.00996653363888822  0.01021695965388038
  0.01046738566887254  0.01073721426271139  0.01101704166249669  0.01129686906228200
  0.01157669646206730  0.01377649004998565  0.02673322580065464  0.03225418674672648
  0.03257250389367673  0.03289082104062698  0.03320913818757723  0.03352745533452749
  0.03384577248147774  0.03416408962842798  0.03448240677537824  0.03480072392232849
  0.03511904106927875  0.03543735821622900  0.03575567536317924  0.03603803071149602
  0.03631701561112308  0.03659600051075013  0.03687498541037719  0.03715397031000424
  0.03743295520963130  0.03771194010925835  0.03799092500888540  0.03826990990851246
  0.03854889480813951  0.03882787970776657  0.03910686460739362  0.03938584950702068
  0.03966483440664773  0.03994381930627479  0.07055864225784325  0.13690504073458010
  0.26563430675904565  0.34004939743456841  0.34004939743457840  1.00000000000000000
  0.00031202373992654  0.00031498678518499  0.00031794983044345  0.00032091287570191
  0.00032387592096037  0.00032683896621882  0.00032980201147728  0.00033276505673574
  0.00033572810199420  0.00033934876885627  0.00034486159005878  0.00035037441126128
  0.00035588723246378  0.00036140005366628  0.00036691287486878  0.00037242569607128
  0.00037807255569149  0.00038577734910245  0.00039348214251341  0.00040118693592437
  0.00040889172933532  0.00041659652274628  0.00050978075408179  0.00066716863354702
  0.00068331266940120  0.00069945670525537  0.00071560074110955  0.00073174477696373
  0.00074939983757601  0.00076743927159910  0.00078547870562218  0.00080351813964527
  0.00082152641838285  0.00083725949547803  0.00085299257257321  0.00086872564966840
  0.00088445872676358  0.00090019180385876  0.00091592488095394  0.00093891946744176
  0.00096286144256867  0.00098680341769559  0.00101074539282251  0.00103576737615385
  0.00106252027020002  0.00108927316424619  0.00111602605829236  0.00114277895233853
  0.00146461833388268  0.00152967023637415  0.00159472213886562  0.00166694146101000
  0.00173963081289640  0.00181536042823222  0.00189658390787385  0.00197780738751549
  0.00320791931603294  0.00542814766654905  0.00547811861023880  0.00552808955392855
  0.00557806049761829  0.00562803144130804  0.00567800238499779  0.00572797332868754
  0.00577794427237729  0.00582791521606704  0.00587788615975679  0.00592785710344654
  0.00597782804713628  0.00602779899082603  0.00607529080755040  0.00611910750152154
  0.00616292419549268  0.00620674088946383  0.00625055758343497  0.00629437427740611
  0.00633819097137726  0.00638200766534840  0.00642582435931954  0.00646964105329068
  0.00651345774726182  0.00655727444123297  0.00660109113520411  0.00664490782917525
  0.00668872452314640  0.00673254121711754  0.00751969904713523  0.01387465121938366
  0.02553593251283967  0.04712030412346011  0.07737566090519163  0.07737566090520163
  0.07737566090521164  0.07737566090522165  0.07737566090523165  1.00000000000000000
  0.16841506560643521  0.17045468892570617  0.17249431224497713  0.17453393556424809
  0.17657355888351906  0.17861318220279002  0.18065280552206095  0.18269242884133191
  0.18473205216060287  0.18677167547987383  0.18922007428002197  0.19189551607459929
  0.19457095786917661  0.19724639966375390  0.19992184145833122  0.20259728325290852
  0.20527272504748584  0.20794816684206313  0.21107031373218813  0.21426758514294877
  0.21746485655370940  0.22066212796447005  0.22385939937523067  0.22705667078599132
  0.26091719144643788  0.35428363108943728  0.41896371896729762  0.42588573420256381
  0.43280774943783001  0.43867015997827813  0.44230276986535322  0.44593537975242825
  0.44956798963950328  0.45320059952657837  0.45683320941365341  0.46046581930072850
  0.46409842918780359  0.46773103907487873  0.47136364896195382  0.47499625884902891
  0.47862886873610400  0.48035569250191856  0.48175134014249160  0.48314698778306459
  0.48454263542363762  0.48593828306421061  0.48733393070478359  0.48872957834535663
  0.49012522598592961  0.49152087362650265  0.49291652126707564  0.49431216890764862
  0.49570781654822166  0.49710346418879464  0.49849911182936762  0.49989475946994066
  0.50128535755448556  0.50267554381709556  0.50406573007970557  0.50545591634231557
  0.50684610260492557  0.50823628886753558  0.50962647513014570  0.51101666139275570
  0.51240684765536570  0.51379703391797571  0.51518722018058571  0.51657740644319583
  0.51796759270580583  0.51935777896841584  0.52074796523102584  0.52186088971870370
  0.52295567427524914  0.52405045883179446  0.52514524338833990  0.52624002794488522
  0.52733481250143066  0.52842959705797599  0.52952438161452142  0.53061916617106675
  0.53171395072761218  0.53280873528415751  0.53390351984070294  0.53499830439724827
  0.53609308895379360  0.53718787351033903  0.53828265806688436  0.53937744262342979
  0.54047222717997512  0.54156701173652055  0.62653424142799086  0.71990068107099026
  0.81326712071398954  0.89777586546836763  0.89958042303721097  1.00000000000000000
  0.00230192740758259  0.02174395822873337  0.02265458312413348  0.02356520801953359
  0.02447583291493370  0.02538645781033382  0.02629708270573393  0.02720770760113404
  0.02811833249653416  0.02902895739193427  0.02993958228733438  0.03085020718273449
  0.03176083207813461  0.03267145697353471  0.03358208186893483  0.03449270676433494
  0.03540333165973505  0.03631395655513516  0.03722458145053528  0.03813520634593538
  0.03904583124133550  0.03995645613673561  0.04086708103213572  0.04180380764175951
  0.04292849079546082  0.04405317394916214  0.04517785710286346  0.04630254025656477
  0.04742722341026609  0.04855190656396741  0.04967658971766872  0.05080127287137004
  0.05192595602507136  0.05305063917877268  0.05417532233247399  0.05530000548617531
  0.05642468863987662  0.05754937179357794  0.05867405494727926  0.05979873810098058
  0.06092342125468189  0.06204810440838321  0.06490256588642139  0.06891887880657034
  0.07293519172671931  0.07695150464686826  0.08096781756701721  0.08498413048716619
  0.08900044340731518  0.09301675632746417  0.09703306924761318  0.10104938216776217
  0.12504591541051419  0.21832171683272530  0.31159751825493642  0.40487331967714751
  0.45981552122944935  0.46328781881856052  0.46676011640767168  0.47023241399678284
  0.47370471158589395  0.47717700917500511  0.48064930676411627  0.48412160435322737
  0.48759390194233848  0.49106619953144959  0.49453849712056069  0.49801079470967180
  0.50148309229878296  0.50495538988789401  0.50842768747700517  0.51189998506611623
  0.51537228265522739  0.51884458024433844  0.56068556334605191  0.60571670359912100
  0.60862024439002405  0.61152378518092720  0.61442732597183036  0.61733086676273352
  0.62023440755363668  0.62313794834453984  0.62587282045618420  0.62830613417153824
  0.63073944788689218  0.63317276160224623  0.63560607531760027  0.63803938903295421
  0.64047270274830825  0.64290601646366219  0.64533933017901624  0.72017259573335857
  0.81344839715556971  0.90672419857778086  0.96373469034830717  1.00000000000000000
  0.05119186242421472  0.05452948391691215  0.05786710540960957  0.06120472690230699
  0.06672013147971750  0.07361670287917436  0.08051327427863124  0.08533832816992738
  0.08873034293075728  0.09212235769158718  0.09551437245241708  0.09890638721324697
  0.10229840197407687  0.10533039140718949  0.10792095503023524  0.11051151865328100
  0.11310208227632676  0.11569264589937250  0.11828320952241826  0.12087377314546402
  0.12346433676850976  0.12605490039155551  0.12864546401460128  0.13123602763764702
  0.13382659126069280  0.13641715488373854  0.13900771850678428  0.14159828212983006
  0.14418884575287580  0.14714237325203736  0.15072681154436746  0.15431124983669756
  0.15789568812902768  0.16148012642135778  0.16506456471368788  0.22275369734441264
  0.32416963593846543  0.42558557453251838  0.52700151312657117  0.62841745172062413
  0.72983339031467709  0.77302013541261949  0.77669096104874558  0.78036178668487155
  0.78403261232099752  0.78770343795712361  0.79137426359324958  0.79504508922937556
  0.79871591486550153  0.80238674050162750  0.80605756613775348  0.80972839177387945
  0.81339921741000554  0.81707004304613151  0.82074086868225749  0.82441169431838346
  0.82808251995450943  0.83175334559063541  0.89109807304834876  0.91767278349692616
  0.91901806832803901  0.92036335315915185  0.92170863799026459  0.92305392282137744
  0.92439920765249028  0.92574449248360302  0.92708977731471587  0.92843506214582872
  0.92978034697694145  0.93112563180805430  0.93247091663916715  0.93381620147027988
  0.93516148630139273  0.93650677113250558  0.93774090469887272  0.93866145560733150
  0.93958200651579038  0.94050255742424926  0.94142310833270804  0.94234365924116692
  0.94326421014962580  0.94418476105808458  0.94510531196654346  0.94602586287500234
  0.94694641378346123  0.94786696469192000  0.94878751560037888  0.94970806650883777
  0.95062861741729654  0.95154916832575542  0.95246971923421431  0.95339027014267308
  0.95431082105113196  0.95523137195959085  0.95577371517817178  1.00000000000000000
  0.00177739994257318  0.00367508666065365  0.00557277337873413  0.00747046009681461
  0.00936814681489508  0.01126583353297556  0.01316352025105604  0.01506120696913652
  0.01695889368721699  0.01885658040529747  0.02075426712337795  0.02323087665554804
  0.02573265539292738  0.02823443413030672  0.03073621286768605  0.03323799160506539
  0.03573977034244473  0.03824154907982406  0.04074332781720340  0.04380971840338639
  0.04720638957792682  0.05060306075246725  0.05399973192700768  0.05739640310154811
  0.06079307427608854  0.10775599016305706  0.16779996740578870  0.17101562990386071
  0.17423129240193269  0.17744695490000470  0.18066261739807671  0.18387827989614872
  0.18709394239422070  0.19030960489229271  0.19352526739036471  0.19674092988843672
  0.19995659238650870  0.20317225488458071  0.20638791738265272  0.20960357988072473
  0.21281924237879676  0.21603490487686880  0.21925056737494084  0.22246622987301287
  0.22568189237108491  0.22889755486915694  0.23023341169109685  0.23139758374128772
  0.23256175579147856  0.23372592784166943  0.23489009989186027  0.23605427194205114
  0.23721844399224198  0.23838261604243285  0.23954678809262370  0.24071096014281457
  0.24187513219300541  0.24303930424319628  0.24420347629338712  0.24536764834357799
  0.24653182039376884  0.24769599244395971  0.24886016449415055  0.25001893068864911
  0.25092450620122020  0.25183008171379129  0.25273565722636238  0.25364123273893346
  0.25454680825150455  0.25545238376407564  0.25635795927664673  0.25726353478921782
  0.25816911030178891  0.25907468581436000  0.25998026132693108  0.26088583683950217
  0.26179141235207326  0.26269698786464435  0.26360256337721544  0.26450813888978653
  0.26541371440235761  0.26631928991492870  0.26722486542749979  0.26813044094007088
  0.26903601645264197  0.26994159196521306  0.27222308091468900  0.36319519580034970
  0.45416731068601024  0.54513942557167094  0.63611154045733143  0.72708365534299213
  0.79803264538447072  0.79803264538448071  0.79803264538449070  1.00000000000000000
  0.01558291514714553  0.12616674241778880  0.12733348483557758  0.12850022725336635
  0.12966696967115515  0.13083371208894393  0.13200045450673273  0.13316719692452150
  0.13433393934231030  0.13550068176009908  0.13666742417788788  0.13783416659567665
  0.13900090901346543  0.14016765143125423  0.14133439384904301  0.14250113626683181
  0.14366787868462058  0.14483462110240938  0.14604860471791509  0.14754337336879861
  0.14903814201968210  0.15053291067056562  0.15202767932144912  0.15352244797233261
  0.15501721662321610  0.15651198527409962  0.15800675392498312  0.15950152257586664
  0.16099629122675013  0.16249105987763363  0.16398582852851715  0.16548059717940064
  0.16754574309609901  0.17180236586451872  0.17605898863293845  0.18031561140135816
  0.18457223416977789  0.22244360008893183  0.33337546559941822  0.33789981727750462
  0.34242416895559108  0.34694852063367748  0.35147287231176394  0.35599722398985034
  0.36052157566793674  0.36504592734602315  0.36957027902410949  0.37409463070219590
  0.37861898238028230  0.38314333405836865  0.38766768573645505  0.39219203741454145
  0.41768005893670601  0.46098174173959838  0.46514064782814868  0.46929955391669903
  0.47345846000524933  0.47761736609379968  0.48177627218234992  0.48593517827090021
  0.49009408435945051  0.49425299044800075  0.49841189653655105  0.50257080262510134
  0.50672970871365153  0.51088861480220182  0.51504752089075212  0.51920642697930242
  0.58897913798222212  0.70091121996453509  0.73181268237648545  0.73535218950850878
  0.73889169664053211  0.74243120377255545  0.74597071090457867  0.74951021803660201
  0.75304972516862534  0.75658923230064867  0.76012873943267201  0.76366824656469534
  0.76720775369671868  0.77074726082874190  0.77428676796076534  0.77782627509278868
  0.78136578222481201  0.78490528935683535  0.78844479648885868  0.80171150180152895
  0.91364358378384192  0.94370168216509354  0.95158316895821682  0.95863349683797139
  0.96072462016402593  0.96281574349008048  0.96451765696207670  1.00000000000000000
  0.67862099011739097  0.68014633826935467  0.68167168642131837  0.68319703457328196
  0.68472238272524566  0.68624773087720936  0.68824609157507144  0.69241356429781165
  0.69658103702055196  0.70074850974329217  0.70491598246603238  0.72630011931698779
  0.75249674442343584  0.75577086094709611  0.75904497747075628  0.76231909399441644
  0.76559321051807661  0.76886732704173677  0.77188353310360502  0.77451211618223914
  0.77714069926087326  0.77976928233950737  0.78239786541814160  0.78502644849677572
  0.78765503157540984  0.79028361465404395  0.79291219773267807  0.79554078081131219
  0.79816936388994630  0.80079794696858042  0.80342653004721454  0.80605511312584865
  0.80868369620448277  0.81131227928311689  0.81460289934197805  0.81843924469537943
  0.82227559004878081  0.82611193540218220  0.82994828075558358  0.84507560236970347
  0.87774827970871105  0.88167320423192475  0.88559812875513844  0.88952305327835202
  0.89344797780156560  0.89729642570848744  0.90102638336213958  0.90475634101579172
  0.90848629866944386  0.91221625632309600  0.91594621397674814  0.91778901210093744
  0.91918003852988406  0.92057106495883068  0.92196209138777729  0.92335311781672391
  0.92474414424567053  0.92613517067461715  0.92752619710356377  0.92891722353251038
  0.93030824996145700  0.93169927639040362  0.93309030281935035  0.93448132924829697
  0.93587235567724358  0.93726338210619020  0.93873324905056243  0.94021927585181309
  0.94170530265306363  0.94319132945431416  0.94467735625556482  0.94616338305681535
  0.94764940985806601  0.94913543665931654  0.95062146346056708  0.95210749026181773
  0.95359351706306827  0.95507954386431893  0.95656557066556946  0.95805159746682000
  0.95954844580349652  0.96104782576652037  0.96254720572954422  0.96404658569256807
  0.96554596565559181  0.96704534561861566  0.96854472558163951  0.97004410554466336
  0.97154348550768710  0.97304286547071095  0.97454224543373480  0.97604162539675865
  0.97754100535978250  0.97904038532280624  0.98912539060980176  1.00000000000000000
   1.1598381475876889E-009  -1.0000000000000000     
 F F F F F F F F F F F F F F F F F F F F F F F F F F F F F F F F F F F F F F F F F F F F F F F F F F F F F F F F F F F F F F F F
  <DiscreteSampler_grid>
  grouped_processes
  1 # 1 for a reference and 2 for a running grid.
  10 # Attribute 'min_bin_probing_points' of the grid.
  1 # Attribute 'grid_mode' of the grid. 1=='default',2=='initialization'
  0.0000000000000000 # Attribute 'small_contrib_threshold' of the grid.
  0.5000000000000000 # Attribute 'damping_power' of the grid.
 # binID   n_entries weight   weight_sqr   abs_weight
    10   10   7.402589922994882E+003   4.549040145405433E+008   7.402589922994882E+003
  </DiscreteSampler_grid>
