  0.00329484944652753  0.01178917447192387  0.02293289020951857  0.03505804036320150
  0.04845458752414662  0.06159544589890700  0.07477058219153822  0.08795436424447171
  0.10073372640401299  0.11375445945376474  0.12619729776034269  0.14108165716837556
  0.15621025905780905  0.17101740074867605  0.18441406796074911  0.19597766061016539
  0.20741141640752153  0.22009529758814989  0.23254778511676746  0.24435468979582453
  0.25685472108794111  0.26851275866836416  0.27667056975785398  0.28329522193621470
  0.29061312458206817  0.29598033950958169  0.30100750378942459  0.30518632018378905
  0.30931341026862230  0.31378394646252739  0.32088845139550559  0.32804229746018204
  0.33587744368026973  0.34345781810615339  0.35016887820266068  0.35670507564828574
  0.36428087476652482  0.37229407826266370  0.38166476823658174  0.39252006678001500
  0.40339891955511947  0.41381740074061951  0.42390880774681916  0.43539002811794419
  0.44666557525850797  0.45577370296403485  0.46440310776824006  0.47230082006275975
  0.48099808309244491  0.49043527388844727  0.50088487776876656  0.51201301882294803
  0.52150177195811176  0.52860069065809234  0.53525490878132953  0.54223611349230993
  0.54908006516587804  0.55558474624006948  0.56203215536286011  0.56903345574572661
  0.57749871868514291  0.58676365813287901  0.59946366554371611  0.61073799844609389
  0.62220686517025792  0.63246042745482345  0.64358215964587251  0.65545691820512686
  0.66864822641888311  0.67962166798594692  0.69159205965180637  0.70302128983525125
  0.71355327069677210  0.72763484375680698  0.74282835941921221  0.75794782323621501
  0.77264711608275594  0.78630660286668375  0.79806990987117332  0.80738250455754135
  0.81690769889845405  0.82638827162381068  0.83652862758869651  0.84879591415063516
  0.86313436073917804  0.87936533116367754  0.89105209659680273  0.90033770074517661
  0.91074010616249557  0.92141796558788058  0.93201697217725565  0.94610946079273728
  0.96041881673417018  0.97386636220117995  0.98697322340672600  1.00000000000000000
  0.00027417867113885  0.00067324264848109  0.00087563327786319  0.00107272599173153
  0.00127139952155036  0.00146281591013269  0.00165377316954309  0.00185627993444149
  0.00201415127528385  0.00216814461871228  0.00233206858503634  0.00247726730694134
  0.00265128559448232  0.00286900038449884  0.00306559108844860  0.00327155769637223
  0.00347821815000986  0.00367831078406712  0.00387125352950554  0.00410962647340592
  0.00435114090676208  0.00460539038104722  0.00486814348876018  0.00517519695208143
  0.00550028413645859  0.00589605252430269  0.00633392976946868  0.00674604088167243
  0.00714440670908197  0.00749422228444950  0.00785452370953400  0.00826290324713683
  0.00870411298714490  0.00914312692140062  0.00962781686748656  0.01011582770043622
  0.01064240811036137  0.01114393246244927  0.01169316771691314  0.01222264556812989
  0.01282081230563341  0.01345414879572671  0.01415988302694679  0.01496711897049664
  0.01580624952679574  0.01651934601864036  0.01711990328511317  0.01779215512276617
  0.01851323541602657  0.01922994434896717  0.02003049911665153  0.02086146489402384
  0.02180756621849896  0.02300607756812798  0.02394147381062130  0.02454523090959065
  0.02522144508739139  0.02584303313257199  0.02640620189417337  0.02691244866228761
  0.02754236410777747  0.02818426158432671  0.02905055898069452  0.03011819506766944
  0.03102774788540831  0.03168142205291369  0.03303356575939885  0.03481026237714128
  0.03731833299087126  0.04306528730584554  0.04994273774527942  0.05649622305834461
  0.05903133130609049  0.06141338036183572  0.06365310749056073  0.06562172694030345
  0.06747428814830612  0.06931085814434215  0.07102259579147058  0.07308916204496686
  0.07584174762104234  0.07932849774615422  0.09056452449375020  0.10002509021017511
  0.10401267484864482  0.10823220706862581  0.11097114938454490  0.11547007630114478
  0.12424352399535703  0.13876851963041281  0.15895762110255210  0.18505785352124196
  0.21506533304427841  0.24893959090616666  0.52711614009530983  1.00000000000000000
  0.00000744385309511  0.00000759619438718  0.00000780370674520  0.00000810553129739
  0.00000840418296998  0.00000868553047035  0.00000897804998512  0.00000924978517517
  0.00000947444772431  0.00000974374330763  0.00001006955129543  0.00001046155732646
  0.00001101960934570  0.00001181234968600  0.00001255696617967  0.00001347613350433
  0.00001432461811010  0.00001510056483166  0.00001591988583936  0.00001673391608878
  0.00001753997952335  0.00001834528232297  0.00001919442219345  0.00002019198788515
  0.00002130424912889  0.00002276318134957  0.00002456089182112  0.00002634487122290
  0.00002856851835736  0.00003120606287530  0.00003399008329926  0.00003691647929419
  0.00004005639850610  0.00004368867978075  0.00004774931674861  0.00005211263083585
  0.00005687833473594  0.00006229476986559  0.00006710934499891  0.00007216500138247
  0.00007785669143485  0.00008378366583070  0.00008942162951707  0.00009487366595492
  0.00010164190834490  0.00011027910342391  0.00011955880241377  0.00012964733824072
  0.00014022662316809  0.00015122557640371  0.00016154009855732  0.00017389274627582
  0.00018977567931042  0.00021072212835943  0.00023334747556474  0.00025404891151723
  0.00027262933673087  0.00029349465789824  0.00031377606727452  0.00033314142227861
  0.00035990998820637  0.00039223428275136  0.00042780495247832  0.00046476665233276
  0.00050404397518849  0.00055191984467572  0.00060952840296995  0.00068677792256144
  0.00080762712077861  0.00094726286027524  0.00108638245341698  0.00124114470866395
  0.00142094813491096  0.00163190472556296  0.00183563791059409  0.00205159631576871
  0.00227582791813813  0.00254443034305766  0.00282346388386214  0.00304065442987998
  0.00324929568968314  0.00344331784558155  0.00365684609253583  0.00398493153719808
  0.00445238695358564  0.00501735752206821  0.00545853819548224  0.00600627281836807
  0.00714386334416910  0.00863104964974375  0.01011559252016136  0.01207274434630175
  0.01666081844278457  0.02429099540773939  0.04796900002818574  1.00000000000000000
 -0.00196550306046300  0.01329848446043454  0.02725360364079984  0.04421212399620533
  0.06353415213895600  0.07986352370983771  0.09410980265014121  0.10766531682730010
  0.12003731807032761  0.13375368033876442  0.14922245801513703  0.16488970487122476
  0.18223077430375978  0.19956066685965906  0.21422360140691879  0.22638145766005027
  0.23624342258448555  0.24516739275888755  0.25456486237156445  0.26331469876773117
  0.27216586620415290  0.28264138005226530  0.29384830962210806  0.30682759127103815
  0.32099922233041500  0.33527009846008365  0.35212862744864853  0.36879839015210314
  0.38677476518594456  0.40364621991375577  0.41837928040280448  0.43125077254867022
  0.44192326112300639  0.45066318160590429  0.45931119988207353  0.46824521170550643
  0.47764268850611596  0.48788628313318477  0.49927235630708799  0.51349688209141719
  0.52785155817380824  0.54115699861626032  0.55270494577719065  0.56339894216563113
  0.57375193737721242  0.58396288857807832  0.59231765489533006  0.60027826547066565
  0.60770461777166263  0.61489953131012753  0.62370814098222449  0.63462111068869886
  0.64594699146501988  0.65734792224283767  0.66802399503878218  0.67825986339387967
  0.68781867245634265  0.70025395423547132  0.71037120957258437  0.71822630866840276
  0.72492536913589445  0.73178355774119697  0.74011848693861881  0.74789996016248383
  0.75484144056339775  0.76113793886334191  0.76574792725882290  0.76942099925026475
  0.77350657516539478  0.77893157731345519  0.78703472436212518  0.79659901529334776
  0.80597299648055321  0.81535114512033946  0.82522290203633353  0.83596043154825583
  0.84731480035151541  0.85718923131454938  0.86633415225733879  0.87453024195182416
  0.88201320312305287  0.88963964846396737  0.89839005351048351  0.90796112417524610
  0.91700869983733324  0.92582568823802525  0.93448057316887656  0.94437242738445770
  0.95393869277177867  0.96330320897156629  0.97017506188264024  0.97545737937911148
  0.98100928124661380  0.98688625483070924  0.99310489229815280  1.00000000000000000
 -0.00160270106831261  0.00700687474884292  0.01399638058800265  0.02218297361915609
  0.03065544907485731  0.03754574162202933  0.04644143703943202  0.05875560291395794
  0.07218415909135101  0.08357167867090917  0.09040857960069329  0.09649194451892373
  0.10229089710357545  0.10873161896637107  0.11695832823303740  0.12711202142710565
  0.13573018764222483  0.14521629064833469  0.15471537087395928  0.16622570659893290
  0.17702246770113095  0.18895962359442825  0.20165688098316403  0.21557549243946436
  0.23034581369187293  0.24520324643682762  0.25945025655231990  0.27276322662338681
  0.28626591407259105  0.29947313144760368  0.31195335092181437  0.32458192970584610
  0.33694653469669372  0.34857049015574632  0.36007870852333729  0.37181890810786439
  0.38276703854029209  0.39246384336697565  0.40188532572315333  0.41144392855433426
  0.42158654295902354  0.43230716754806447  0.44265228874668217  0.45194275224122066
  0.46010022519844196  0.46779991928263404  0.47540283330762750  0.48287638791132692
  0.48993851661951310  0.49754540008731418  0.50665295880317340  0.51484269780885306
  0.52537576534881980  0.53723957252298049  0.54869683413854375  0.55910517780392099
  0.56898947756891849  0.57908864800530024  0.59176711555003148  0.60371694981305901
  0.61710036216839637  0.63035464092535176  0.64149139501811947  0.65299827096319152
  0.66327797300871527  0.67371497279752124  0.68483468527034408  0.69844454462886207
  0.71281165616068898  0.72849712697853020  0.74117035919934060  0.74936141282098778
  0.75484123279379889  0.75913083817216698  0.76350605689204598  0.76839482801124048
  0.77425530234959994  0.78236150756959211  0.79355248174805604  0.80668445155074175
  0.81864762212742637  0.83038917125290679  0.84228473944342630  0.85749840869784877
  0.87333743430163213  0.88789711643641156  0.90133923856063425  0.91479034056293185
  0.92789772417220051  0.93975388283458894  0.95077876439722353  0.96185491298498982
  0.97412541740143654  0.98384852461697969  0.99231133446650333  1.00000000000000000
 -0.00167501784760816  0.01083002510016273  0.02376368916354240  0.03936360049047757
  0.06314514672050828  0.09429516678418162  0.12989970393375924  0.16714359646632912
  0.19747268010143365  0.22469310628788056  0.25282432704757352  0.28122294186106894
  0.30849728937757592  0.33575327958540269  0.36397559443360911  0.39508262892422841
  0.42080944564664202  0.44118846643567527  0.46305328906388687  0.48848754730653721
  0.51101969576014872  0.52846049441332121  0.54497424019194884  0.56021356965557745
  0.57657300802723355  0.59257878565602251  0.60737018211992810  0.62223907900511011
  0.63786818628977304  0.65319100875658809  0.66790671598841556  0.68261470161240723
  0.69679087242823023  0.71178949997387897  0.72604411377658729  0.73853814642261939
  0.74970185241806997  0.76009165820671687  0.76918003826959469  0.77825769885563700
  0.78733806481582658  0.79687518208541996  0.80616609105540082  0.81510365132803420
  0.82365531500698086  0.83199303311017903  0.84048857182919146  0.84940348695310075
  0.85811373788608747  0.86690196492391991  0.87544765523492141  0.88245345759355687
  0.88819913496520719  0.89302228030258246  0.89724179008675209  0.90122150000113321
  0.90510589403383290  0.90975435751233258  0.91469854477653467  0.91919100050807245
  0.92206414136139658  0.92466147825190736  0.92731686902238464  0.92976158011411003
  0.93241041622894250  0.93569772608786950  0.93913866441782623  0.94249979895738323
  0.94578504144495079  0.94899078630197420  0.95217098347955698  0.95536933020344950
  0.95847131961301180  0.96128130680540125  0.96386864461524779  0.96641929428069351
  0.96877994732446882  0.97103633122217670  0.97325750375972631  0.97535960488834272
  0.97738084641808776  0.97940453871880229  0.98135901421790095  0.98327237171011628
  0.98513949673321755  0.98713002792810045  0.98862883972482496  0.98982451201652311
  0.99101115732685019  0.99218647697368212  0.99333515048010823  0.99461052363640579
  0.99604144443161957  0.99732450489401192  0.99863987165347745  1.00000000000000000
 -0.00323533994447233  0.01526156723362511  0.02945694493346421  0.04156705590990954
  0.05322624998047172  0.06338781657192560  0.07239186692981717  0.08014830165910479
  0.08701393506204766  0.09465870777501027  0.10265765569056667  0.11150616657288112
  0.12011783647614387  0.12954087247090321  0.14179505706354836  0.14987687174813208
  0.15759124918387776  0.16491082257547576  0.17702890680333253  0.18814777855680909
  0.19856875586394185  0.20905287839387862  0.22348293594207747  0.23706857582843141
  0.25052397478533561  0.26340851531902182  0.27606829166163643  0.28897430009703023
  0.30087917203118730  0.31259587905430203  0.32582943222724892  0.33941941913426316
  0.35373874824516760  0.36970427605940487  0.38671991900273028  0.40087103943708424
  0.41180526933203893  0.42022583741487335  0.42811200962462220  0.43633061383193200
  0.44331041238175189  0.45030326141047056  0.45798625229481715  0.46645674151878247
  0.47424924313339989  0.48465043008227104  0.49919621355371113  0.51373689430417480
  0.52854053001434542  0.54225493473388475  0.55501127127741179  0.56462595089752832
  0.57451079711630704  0.58491044145989646  0.59712954706254828  0.61124194180568059
  0.62512465720996191  0.63745356491697469  0.64793592183162674  0.65790101089948794
  0.66765023972486282  0.67782878413511793  0.69011509749638944  0.70117418163194822
  0.71158434081850774  0.72232638401046101  0.73377913121557392  0.74499892318154570
  0.75616219316083499  0.76655835175113152  0.77528677751014952  0.78193585289963818
  0.78707378589553756  0.79187887819968505  0.79661218176348370  0.80132750659588392
  0.80899378506545183  0.81722268430151046  0.82550858546378802  0.83352505491905993
  0.84190498003913905  0.85029947865563693  0.86054485388231872  0.87023548637478909
  0.88008222324980856  0.88892053596872045  0.89922790568116673  0.91371993713767874
  0.92839530760845868  0.94203353590831151  0.95455876410003171  0.96386937782003612
  0.97208408056529583  0.98052418470123692  0.98999766044423310  1.00000000000000000
 -0.00292244892302078  0.01071666063549160  0.02137888315462424  0.03018915991375110
  0.03903435101892666  0.04761273431727425  0.05574642716756760  0.06440135113174184
  0.07510154392083848  0.08697888029796431  0.09551650596666714  0.10274840356452257
  0.10991208457811363  0.11696073163939949  0.12664722141714518  0.13816683772592339
  0.14947282198036413  0.16005928026860514  0.17054923975064495  0.18263755717601093
  0.19022003577195698  0.19711745397419114  0.20470165990640771  0.21182709684187034
  0.21912648117713260  0.22598139302426101  0.23280412035380588  0.23947433136617188
  0.24506871948752831  0.25069736626678107  0.26060780112998810  0.27183313909990564
  0.28053061122219020  0.28800408822661644  0.29549633182625634  0.30421239551137025
  0.31308801829248400  0.32821127056053795  0.34386775542218062  0.36044254172709317
  0.37631232434646661  0.39136040427734503  0.40567458934530937  0.41896649255042528
  0.43162897071455258  0.44275433162235295  0.45302847304770250  0.46302760553031919
  0.47316177760070122  0.48253050769126343  0.49142787743211658  0.50106205838532292
  0.51192852984371962  0.52309168921318794  0.53326314147237708  0.54375899099181380
  0.55710856952115007  0.56885086535015306  0.57847082516594450  0.58826731804447885
  0.59963505170580333  0.61144977769169040  0.62123613703066038  0.63040502803880072
  0.64001678388897509  0.65059059500064842  0.66150553469215001  0.67412266896440765
  0.68946075134213103  0.70542382628367695  0.71833006400909649  0.73011205684138791
  0.74178548617115569  0.75311163933876024  0.76407883767361762  0.77469464075081718
  0.78541167374655796  0.79858630340750314  0.81076157243998248  0.82438426532168430
  0.83760034091940205  0.85121922203833378  0.86564543025499463  0.88132009503285502
  0.89534362213761454  0.90607827227216098  0.91602209609678320  0.92623299392484437
  0.93787391112606844  0.94530887935256025  0.95313170349982845  0.96273692834215485
  0.97398798242414131  0.98340174313512729  0.99174020974934374  1.00000000000000000
  0.36679313421250687  0.65148289723897002  0.69458215196606377  0.72926440818753813
  0.75963182109024940  0.78320834776460113  0.80410897097020162  0.82285845368105826
  0.83862704185871806  0.85228726745247874  0.86374974436406315  0.87471969461074695
  0.88506183369470848  0.89451979278404747  0.90276342398062859  0.91016737616390397
  0.91686901608416826  0.92245351414427978  0.92738441497485136  0.93235251477923420
  0.93750224866197973  0.94190391443155730  0.94587376134239487  0.94973145381441926
  0.95330441047240688  0.95657210690150452  0.95884956660833653  0.96048617616249454
  0.96218403819302700  0.96375947580562948  0.96529693595150889  0.96677134083278782
  0.96825472977579619  0.96974759834184932  0.97123353735945384  0.97261035184634603
  0.97397408202977975  0.97531564969922302  0.97657970845203923  0.97775883381598150
  0.97890744040460831  0.97996320878214815  0.98097313381893736  0.98190232544313516
  0.98267988659127148  0.98341832038362031  0.98409102302779683  0.98478270467774076
  0.98550166668823469  0.98620179779678674  0.98687466016859660  0.98752308756663221
  0.98815318628156290  0.98875348859753209  0.98928974291377736  0.98977677968989375
  0.99024661840672379  0.99064894760201583  0.99107633898015024  0.99151606913300416
  0.99196181810458517  0.99241063917155747  0.99284723801789898  0.99325940009866376
  0.99365208467570332  0.99402336851931983  0.99437016425714064  0.99471654742545179
  0.99505650960834147  0.99538508893062794  0.99572448981401718  0.99603353230123781
  0.99631944385302429  0.99659358077099325  0.99685843796686902  0.99710641089424967
  0.99727637371424283  0.99743187694558111  0.99758022146169545  0.99772725918984473
  0.99787593178025358  0.99802823785306183  0.99817566933319002  0.99832074541972349
  0.99845201808016792  0.99858180554155029  0.99870234978035910  0.99882212108379631
  0.99894531699877664  0.99906949452211491  0.99919439351186423  0.99931948406504323
  0.99946235316783616  0.99961789051367134  0.99979490251886005  1.00000000000000000
   1.2217273015994234E-007  -1.0000000000000000     
 F F F F F F F F F F F F F F F F F F F F F F F F F F F F F F F F F F F F F F F F F F F F F F F F F F F F F F F F F F F F F F F F
  <DiscreteSampler_grid>
  grouped_processes
  1 # 1 for a reference and 2 for a running grid.
  10 # Attribute 'min_bin_probing_points' of the grid.
  1 # Attribute 'grid_mode' of the grid. 1=='default',2=='initialization'
  0.0000000000000000 # Attribute 'small_contrib_threshold' of the grid.
  0.5000000000000000 # Attribute 'damping_power' of the grid.
 # binID   n_entries weight   weight_sqr   abs_weight
    10   10   2.663803520007940E+000   3.899040008407395E+001   2.663803520007940E+000
  </DiscreteSampler_grid>
