  0.06310067805553846  0.10884354708919414  0.11352042751172155  0.11819730793424894
  0.12287418835677635  0.12792398875207411  0.13328454424207470  0.13864509973207528
  0.14400565522207584  0.16731781533878884  0.16872915158374407  0.17014048782869931
  0.17155182407365455  0.17296316031860975  0.17437449656356499  0.17578583280852023
  0.17719716905347546  0.17860850529843070  0.18001984154338591  0.18143117778834114
  0.18284251403329638  0.18425385027825161  0.18566518652320682  0.18707652276816206
  0.18848785901311729  0.18989919525807253  0.19131053150302774  0.19272186774798297
  0.19413320399293821  0.19554454023789344  0.19695587648284868  0.19836721272780389
  0.19977854897275912  0.20118988521771436  0.20260122146266960  0.20401255770762483
  0.20542389395258004  0.20683523019753527  0.20824656644249051  0.20965790268744575
  0.21106923893240098  0.21248057517735625  0.21389191142231148  0.21530324766726672
  0.21671458391222198  0.21812592015717722  0.21953725640213245  0.22094859264708772
  0.22235992889204295  0.22377126513699819  0.22518260138195345  0.22659393762690869
  0.22800527387186392  0.24783075064732143  0.35321978238518731  0.45860881412305299
  0.56399784586091894  0.66938687759878479  0.77095758131146730  0.77427885504212379
  0.77760012877278017  0.78092140250343667  0.78424267623409305  0.78756394996474954
  0.79088522369540593  0.79420649742606231  0.79752777115671880  0.80084904488737518
  0.80417031861803157  0.80749159234868795  0.81081286607934444  0.81403359416206900
  0.81715051596569699  0.82026743776932487  0.82338435957295286  0.82650128137658074
  0.82961820318020874  0.83273512498383662  0.83841396904063814  0.84470128377523579
  0.85098859850983333  0.85671927027407513  0.86188097806117070  0.86704268584826627
  0.87220439363536184  0.87799307926723058  0.88452255446826122  0.89105202966929176
  0.89749240561979204  0.90368909234185557  0.90988577906391910  0.91608246578598262
  0.92482569430791617  0.93383399110872445  0.93955778581526028  1.00000000000000000
  0.00030539236116693  0.00030980298823493  0.00031421361530293  0.00031862424237093
  0.00032303486943894  0.00032744549650694  0.00033185612357494  0.00033626675064294
  0.00034194773172906  0.00034839550857771  0.00035484328542636  0.00036129106227501
  0.00036773883912365  0.00037418661597230  0.00050435288263149  0.00074380360774268
  0.00076677828167351  0.00078975295560433  0.00081272762953516  0.00083739158206966
  0.00086306360846508  0.00088873563486049  0.00091440766125591  0.00094270241471766
  0.00097138847752018  0.00100007454032270  0.00110122447308569  0.00180006982347142
  0.00186586471695587  0.00193165961044033  0.00199760639267970  0.00207112596676820
  0.00214464554085671  0.00221816511494522  0.00229886564142942  0.00238101681590366
  0.00246316799037790  0.00370295746364855  0.00500973852514889  0.00529412314303561
  0.00559698059797951  0.00591475352650162  0.00625305907574059  0.00660814028530776
  0.00766956075536844  0.00795916509217480  0.00824876942898115  0.00854856853564169
  0.00887217400665318  0.00919577947766468  0.00952825939305824  0.00988985791752575
  0.01025145644199327  0.01169575166026354  0.01325948706902223  0.01336341448594799
  0.01346734190287374  0.01357126931979949  0.01367519673672525  0.01377912415365100
  0.01388305157057675  0.01398697898750251  0.01409090640442826  0.01419483382135402
  0.01429876123827977  0.01440268865520552  0.01450661607213128  0.01461054348905703
  0.01471447090598279  0.01480556428060973  0.01489554241805138  0.01498552055549303
  0.01507549869293468  0.01516547683037632  0.01525545496781797  0.01534543310525962
  0.01543541124270126  0.01552538938014291  0.01561536751758456  0.01570534565502621
  0.01579532379246786  0.01588530192990950  0.01597528006735115  0.01606525820479280
  0.01615523634223444  0.01624521447967609  0.01633519261711774  0.01642517075455939
  0.02541107339883803  0.03564476147010029  0.03564476147011029  0.03564476147012029
  0.03564476147013029  0.03564476147014028  0.03564476147015028  1.00000000000000000
  0.00026999045954026  0.00093250770564590  0.00094727477645220  0.00096204184725851
  0.00097680891806481  0.00099157598887111  0.00100634305967741  0.00102111013048372
  0.00103933411360551  0.00105901498616369  0.00107869585872186  0.00109837673128004
  0.00111805760383821  0.00113773847639639  0.00117127679453075  0.00121460519040045
  0.00125793358627015  0.00130370898124526  0.00135212436793528  0.00140053975462530
  0.00145109276285186  0.00150519238092666  0.00155929199900145  0.00187372000615464
  0.00253825602601658  0.00262899346551085  0.00271973090500513  0.00281345643132868
  0.00291484694284424  0.00301623745435980  0.00311828946862885  0.00323158378112745
  0.00334487809362605  0.00345817240612465  0.00489015606973963  0.00504067263694724
  0.00519118920415485  0.00534170577136246  0.00544140076957558  0.00548426417713772
  0.00552712758469987  0.00556999099226201  0.00561285439982416  0.00565571780738630
  0.00569858121494845  0.00574144462251059  0.00578430803007274  0.00582717143763488
  0.00587003484519703  0.00591289825275918  0.00595576166032132  0.00599862506788347
  0.00604148847544561  0.00608748799798004  0.00613538380419023  0.00618327961040041
  0.00623117541661060  0.00627907122282078  0.00632696702903096  0.00637486283524114
  0.00642275864145133  0.00647065444766151  0.00651855025387170  0.00656644606008188
  0.00661434186629206  0.00666223767250224  0.00671013347871243  0.00675802928492261
  0.00681145695853248  0.00686649726181157  0.00692153756509067  0.00697657786836976
  0.00703161817164886  0.00708665847492796  0.00714169877820705  0.00719673908148615
  0.00725177938476524  0.00730681968804434  0.00736185999132344  0.00741690029460253
  0.00747194059788163  0.00752698090116072  0.00919991876212375  0.01641383905110002
  0.02933965165649052  0.03712872001741931  0.03918048786586364  0.04125411523674615
  0.04334181568439861  0.05507893555766171  0.06026791404369031  0.06026791404370031
  0.06026791404371031  0.06026791404372030  0.06026791404373030  1.00000000000000000
  0.03590505917867032  0.04645309412246985  0.05123952157827297  0.05602594903407609
  0.06081237648987921  0.06558096574221253  0.07033984022327226  0.07509871470433201
  0.07985758918539175  0.08513510607925814  0.09181752182451883  0.09849993756977951
  0.10518235331504019  0.11186476906030079  0.11854718480556142  0.12870586900058911
  0.23656343846524269  0.34442100792989616  0.45227857739454957  0.56013614685920310
  0.58446707813633625  0.58591147224991791  0.58735586636349957  0.58880026047708123
  0.59024465459066278  0.59168904870424444  0.59313344281782610  0.59457783693140775
  0.59602223104498941  0.59746662515857107  0.59891101927215273  0.60035541338573439
  0.60179980749931605  0.60324420161289771  0.60468859572647937  0.60613298984006103
  0.60757738395364269  0.60902177806722424  0.61046617218080590  0.61191056629438756
  0.61335496040796922  0.61479935452155088  0.61624374863513254  0.61768814274871409
  0.61913253686229575  0.62057693097587741  0.62202132508945907  0.62346571920304072
  0.62491011331662227  0.62635450743020393  0.62779890154378559  0.62924329565736725
  0.63068768977094891  0.63213208388453057  0.63357647799811212  0.63502087211169378
  0.63646526622527544  0.63790966033885710  0.63935405445243876  0.64079844856602031
  0.64224284267960197  0.64368723679318363  0.64513163090676529  0.64914192574262986
  0.65557650887287189  0.66201109200311381  0.66844567513335573  0.67488025826359754
  0.68131484139383947  0.68762365163353290  0.69081358140522764  0.69400351117692227
  0.69719344094861690  0.70038337072031165  0.70357330049200628  0.70676323026370091
  0.71005935926940700  0.71345842752355337  0.71685749577769975  0.72025656403184612
  0.72365563228599261  0.72705470054013899  0.73045376879428536  0.73385283704843163
  0.73725190530257800  0.74065097355672438  0.74405004181087075  0.74744911006501713
  0.77691397910765359  0.88477154857230711  0.92379544661671398  0.93391745906879142
  0.94345626054867238  0.95267555957751326  0.96105939547220853  1.00000000000000000
  0.02081590493520098  0.12776260885429561  0.13052521770859121  0.13328782656288685
  0.13605043541718245  0.13881304427147806  0.14157565312577367  0.14433826198006927
  0.14734515308385293  0.15064017719594847  0.15393520130804403  0.15723022542013959
  0.16052524953223515  0.16382027364433072  0.18100423994904488  0.25183657126954473
  0.25716313874738495  0.26248970622522516  0.26781627370306538  0.27314284118090559
  0.27846940865874587  0.28379597613658614  0.28912254361442635  0.29444911109226662
  0.29977567857010684  0.30510224604794700  0.31042881352578722  0.35446749409663086
  0.35586357814104341  0.35725966218545591  0.35865574622986840  0.36005183027428095
  0.36144791431869344  0.36284399836310599  0.36424008240751848  0.36563616645193098
  0.36703225049634353  0.36842833454075602  0.36982441858516851  0.37122050262958106
  0.37261658667399356  0.37401267071840610  0.37540273089197274  0.37677824066853949
  0.37815375044510624  0.37952926022167299  0.38090476999823975  0.38228027977480644
  0.38365578955137319  0.38503129932793995  0.38640680910450670  0.38778231888107345
  0.38915782865764015  0.39053333843420690  0.39190884821077365  0.39328435798734040
  0.39465986776390716  0.39603537754047391  0.39741088731704066  0.39878639709360741
  0.40016190687017417  0.40153741664674092  0.40291292642330767  0.40428843619987442
  0.40566394597644118  0.40703945575300793  0.40841496552957468  0.40979047530614143
  0.41116598508270819  0.41254149485927494  0.41391700463584169  0.41529251441240844
  0.41667307373502938  0.42316503715755877  0.42965700058008816  0.43614896400261760
  0.52088929263259209  0.62507083006267827  0.63132132508394323  0.63757182010520808
  0.64382231512647303  0.65007281014773799  0.65632330516900295  0.66257380019026801
  0.66882429521153297  0.67507479023279782  0.68132528525406277  0.68877669349742043
  0.79408069661431180  0.89938469973120294  0.92489560070450416  0.93474017750778371
  0.94320489568873056  0.95113209842527524  0.95592266718546548  1.00000000000000000
  0.00410991509755451  0.08585903559301014  0.08838473785268702  0.09091044011236390
  0.09343614237204080  0.09596184463171768  0.09848754689139456  0.10101324915107145
  0.10353895141074833  0.10644195740710244  0.10946974787835458  0.11249753834960673
  0.11552532882085886  0.11855311929211101  0.12158090976336315  0.12460870023461530
  0.17099393542310970  0.18029564678833310  0.18959735815355649  0.19889906951877989
  0.20820078088400329  0.21750249224922677  0.22680420361445028  0.30581310522863026
  0.39644744809989535  0.40140753877473045  0.40636762944956556  0.41132772012440066
  0.41628781079923571  0.42055757343764821  0.42477024779352424  0.42898292214940031
  0.43319559650527634  0.43740827086115242  0.44162094521702844  0.44583361957290446
  0.45004629392878054  0.45425896828465656  0.45852521770770244  0.46436970062477123
  0.47021418354184008  0.47605866645890893  0.48201155520692929  0.48808756746089155
  0.49416357971485375  0.50023959196881596  0.50631560422277810  0.51239161647674036
  0.51846762873070251  0.52454364098466477  0.53061965323862714  0.53669566549258940
  0.56035155049682883  0.66309222448876104  0.76583289848069314  0.81318313345972326
  0.81443480316763550  0.81568647287554774  0.81693814258345998  0.81818981229137233
  0.81944148199928457  0.82069315170719681  0.82194482141510905  0.82319649112302129
  0.82444816083093353  0.82569983053884588  0.82695150024675812  0.82820316995467036
  0.82945483966258260  0.83070650937049484  0.83195817907840708  0.83320984878631932
  0.83420746419724456  0.83517727231122263  0.83614708042520069  0.83711688853917887
  0.83808669665315694  0.83905650476713511  0.84002631288111318  0.84099612099509125
  0.84196592910906942  0.84293573722304749  0.84390554533702555  0.84487535345100373
  0.84584516156498180  0.84681496967895986  0.84778477779293804  0.84875458590691610
  0.84972439402089417  0.85069420213487235  0.85166401024885041  0.85263381836282848
  0.85360362647680665  0.89120841423670449  0.89120841423671449  1.00000000000000000
  0.00203945789613681  0.00452523996294530  0.00701102202975380  0.00949680409656229
  0.01198258616337078  0.01446836823017927  0.01695415029698776  0.01943993236379625
  0.02225635201004033  0.02549452073716989  0.02873268946429944  0.03197085819142900
  0.03520902691855856  0.03844719564568812  0.04169493523224578  0.04659063657014934
  0.05148633790805290  0.05638203924595646  0.06127774058386001  0.06617344192176358
  0.07106914325966714  0.07596484459757069  0.08086054593547426  0.08575624727337784
  0.09065194861128145  0.09554764994918506  0.10044335128708867  0.12492930061433805
  0.21163082929964847  0.29833235798495900  0.38503388667026939  0.47173541535557989
  0.55843694404089039  0.64513847272620073  0.73184000141151129  0.75598878775050615
  0.76356429784208524  0.77113980793366432  0.77871531802524352  0.78629082811682260
  0.79386633820840180  0.80144184829998089  0.80901735839155997  0.85934278020968391
  0.91699235234820575  0.91795354066416668  0.91891472898012772  0.91987591729608864
  0.92083710561204957  0.92179829392801060  0.92275948224397153  0.92372067055993246
  0.92468185887589349  0.92564304719185442  0.92660423550781534  0.92756542382377638
  0.92852661213973731  0.92948780045569823  0.93044898877165916  0.93141017708762019
  0.93237136540358112  0.93333255371954205  0.93429374203550308  0.93525493035146401
  0.93621611866742493  0.93717730698338597  0.93785219707973444  0.93838239318032046
  0.93891258928090648  0.93944278538149262  0.93997298148207864  0.94050317758266477
  0.94103337368325080  0.94156356978383693  0.94209376588442295  0.94262396198500908
  0.94315415808559511  0.94368435418618124  0.94421455028676726  0.94474474638735340
  0.94527494248793942  0.94580513858852555  0.94633533468911157  0.94686553078969771
  0.94739572689028373  0.94792592299086986  0.94845611909145588  0.94898631519204202
  0.94951651129262804  0.95004670739321406  0.95057690349380020  0.95110709959438622
  0.95163729569497235  0.95216749179555837  0.95244288841883340  1.00000000000000000
  0.03437530597050991  0.06504151766765802  0.06758303533531602  0.07012455300297404
  0.07266607067063205  0.07520758833829007  0.07774910600594809  0.08029062367360609
  0.08283214134126411  0.08577925846767173  0.08882600831602422  0.09187275816437671
  0.09491950801272919  0.09796625786108168  0.10101300770943415  0.10405975755778664
  0.20392298133576606  0.30730699547961676  0.35689553592075807  0.36188668562376852
  0.36687783532677898  0.37186898502978949  0.37686013473279995  0.38185128443581040
  0.38684243413882086  0.39183358384183131  0.39682473354484182  0.40181588324785233
  0.40680703295086285  0.41179818265387336  0.41920749838019461  0.52093334872009300
  0.52681442854062432  0.53269550836115565  0.53857658818168697  0.54394490576997312
  0.54874551472924915  0.55354612368852529  0.55834673264780144  0.56314734160707758
  0.56794795056635372  0.57274855952562975  0.57754916848490589  0.58234977744418204
  0.58819473480628270  0.59430879375095313  0.60042285269562357  0.64424567835030122
  0.74762969249415201  0.79703969970942345  0.80639965640407962  0.81575961309873579
  0.82511956979339196  0.83447952648804813  0.84383948318270441  0.85319943987736058
  0.93761412025148838  0.93887362764771587  0.94013313504394325  0.94139264244017073
  0.94265214983639811  0.94391165723262560  0.94517116462885298  0.94643067202508047
  0.94769017942130795  0.94894968681753533  0.95020919421376282  0.95146870160999020
  0.95272820900621769  0.95398771640244506  0.95524722379867255  0.95650673119489993
  0.95776623859112742  0.95886982263705800  0.95984570348226450  0.96082158432747100
  0.96179746517267750  0.96277334601788411  0.96374922686309061  0.96472510770829711
  0.96570098855350361  0.96667686939871011  0.96765275024391662  0.96862863108912312
  0.96960451193432962  0.97058039277953623  0.97155627362474273  0.97253215446994923
  0.97350803531515573  0.97448391616036223  0.97545979700556873  0.97643567785077523
  0.97741155869598173  0.97838743954118823  0.98261958758036305  1.00000000000000000
  0.67594855626424155  0.73322711391844331  0.73728756117021976  0.74134800842199633
  0.74540845567377279  0.74946890292554935  0.75400437372099205  0.75861132612116677
  0.76321827852134150  0.76782523092151611  0.79836429941256315  0.83601029000300486
  0.84079753528916934  0.84558478057533382  0.85037202586149829  0.85472013154709292
  0.85738944464269706  0.86005875773830121  0.86272807083390535  0.86539738392950938
  0.86806669702511352  0.87073601012071766  0.87340532321632181  0.87537473077617189
  0.87630553290621438  0.87723633503625675  0.87816713716629924  0.87909793929634161
  0.88002874142638410  0.88095954355642647  0.88189034568646896  0.88282114781651133
  0.88375194994655382  0.88468275207659619  0.88561355420663868  0.88654435633668105
  0.88747515846672353  0.88840596059676591  0.88933676272680839  0.89026756485685077
  0.89119836698689325  0.89212916911693563  0.89305997124697811  0.89399077337702049
  0.89492157550706297  0.89585264268190312  0.89679639904042319  0.89774015539894325
  0.89868391175746321  0.89962766811598327  0.90057142447450333  0.90151518083302340
  0.90245893719154346  0.90340269355006353  0.90434644990858348  0.90529020626710355
  0.90623396262562361  0.90717771898414368  0.90812147534266374  0.90906523170118381
  0.91000898805970376  0.91095274441822383  0.91189650077674389  0.91284025713526395
  0.91378401349378402  0.91472776985230408  0.91567152621082415  0.91661528256934410
  0.91761888144818837  0.91862592614670002  0.91963297084521178  0.92064001554372343
  0.92164706024223508  0.92265410494074684  0.92366114963925849  0.92466819433777026
  0.92567523903628190  0.92668228373479355  0.92768932843330532  0.92869637313181697
  0.92970341783032873  0.93071046252884038  0.93171750722735203  0.93272455192586379
  0.93373159662437544  0.93473864132288720  0.93574568602139885  0.93675273071991050
  0.93938177036714610  0.94667663638472532  0.95397150240230466  0.96061027649236752
  0.96627335067479492  0.97193642485722231  0.97611225048700967  1.00000000000000000
   6.9557696887226291E-011  -1.0000000000000000     
 F F F F F F F F F F F F F F F F F F F F F F F F F F F F F F F F F F F F F F F F F F F F F F F F F F F F F F F F F F F F F F F F
  <DiscreteSampler_grid>
  grouped_processes
  1 # 1 for a reference and 2 for a running grid.
  10 # Attribute 'min_bin_probing_points' of the grid.
  1 # Attribute 'grid_mode' of the grid. 1=='default',2=='initialization'
  0.0000000000000000 # Attribute 'small_contrib_threshold' of the grid.
  0.5000000000000000 # Attribute 'damping_power' of the grid.
 # binID   n_entries weight   weight_sqr   abs_weight
    10   10   4.962832943614466E+000   8.392177464485978E+001   4.962832943614466E+000
  </DiscreteSampler_grid>
