  0.00265529648421987  0.40077776005144167  0.40572218676955007  0.41066661348765854
  0.41561104020576695  0.42112381817393957  0.42679087678883376  0.43245793540372801
  0.43828703877460173  0.44542341885979853  0.45255979894499526  0.45969617903019205
  0.46683255911538890  0.47396893920058569  0.48110531928578254  0.48824169937097928
  0.49537807945617601  0.53924273944363232  0.60727060278862954  0.61471274332097370
  0.62215488385331796  0.62594182792428044  0.62746655678837837  0.62899128565247631
  0.63051601451657435  0.63204074338067229  0.63356547224477022  0.63509020110886816
  0.63661492997296609  0.63813965883706403  0.63966438770116196  0.64118911656525990
  0.64271384542935794  0.64423857429345588  0.64576330315755381  0.64728803202165175
  0.64881276088574968  0.65033748974984773  0.65186221861394567  0.65338694747804360
  0.65491167634214154  0.65643640520623958  0.65796113407033752  0.65948586293443545
  0.66101059179853350  0.66253532066263143  0.66406004952672937  0.66558477839082730
  0.66711480434420112  0.66865777143019811  0.67020073851619510  0.67174370560219210
  0.67328667268818909  0.67482963977418609  0.67637260686018308  0.67791557394618007
  0.67945854103217707  0.68100150811817406  0.68254447520417105  0.68408744229016805
  0.68563040937616504  0.68717337646216203  0.77529953813068708  0.83538272884645415
  0.83966175877668614  0.84394078870691813  0.84821981863715012  0.85249884856738212
  0.85677787849761411  0.86105690842784599  0.86533593835807798  0.86961496828830998
  0.87389399821854186  0.87817302814877385  0.88245205807900584  0.88673108800923772
  0.89101011793946971  0.89528914786970171  0.92207753777210200  0.92996773409771993
  0.93785793042333798  0.94574812674895592  0.95363832307457397  0.95978832667336933
  0.96338128898139463  0.96697425128942005  0.97056721359744536  0.97416017590547077
  0.97775313821349608  0.98107948103574638  0.98423290086312198  0.98738632069049759
  0.99053974051787330  0.99369316034524890  0.99684658017262451  1.00000000000000000
  0.00057003920475918  0.00057082978147339  0.00057162035818759  0.00057241093490180
  0.00057320151161600  0.00057399208833021  0.00057478266504441  0.00057557324175862
  0.00057636381847282  0.00057715439518703  0.00057794497190123  0.00057873554861544
  0.00057952612532965  0.00058031670204385  0.00058110727875806  0.00058189785547226
  0.00058268843218647  0.00058347900890067  0.00058426958561488  0.00058506016232908
  0.00058585073904329  0.00058664131575749  0.00058743189247170  0.00058822246918590
  0.00059029153553044  0.00059408643144137  0.00059788132735231  0.00060167622326325
  0.00060547111917418  0.00060926601508512  0.00061306091099605  0.00061685580690699
  0.00062065070281792  0.00062444559872886  0.00062824049463980  0.00063203539055073
  0.00063583028646167  0.00063962518237260  0.00064342007828354  0.00064721497419447
  0.00065100987010541  0.00065480476601635  0.00073479303522623  0.00103483552179631
  0.00106095882700520  0.00108708213221410  0.00111320543742300  0.00113932874263189
  0.00116774916665656  0.00119693949087520  0.00122612981509384  0.00125532013931249
  0.00128499074266736  0.00131760817071391  0.00135022559876047  0.00138284302680703
  0.00141546045485358  0.00188802556026409  0.00317062303922090  0.00532804375467328
  0.00688688528050174  0.00710657536804385  0.00732626545558596  0.00754595554312806
  0.00778937405158004  0.00803485695780860  0.00828033986403717  0.00852087147130812
  0.00874999179720791  0.00897911212310771  0.00920823244900750  0.00943735277490730
  0.00960740233848954  0.00977574241263606  0.00994408248678258  0.01011242256092910
  0.01028076263507562  0.01044910270922214  0.01061353511993954  0.01077173815872454
  0.01092994119750954  0.01108814423629455  0.01124634727507955  0.01140455031386455
  0.01156275335264955  0.01172095639143455  0.01574543971144514  0.02645344936829769
  0.03560488129642835  0.03560488129643834  0.03560488129644834  0.03560488129645834
  0.03560488129646834  0.03560488129647834  0.03560488129648834  1.00000000000000000
  0.00015167977826472  0.00016044218165978  0.00016552148692286  0.00017060079218595
  0.00017623102905057  0.00018265778785439  0.00018908454665820  0.00019576674180419
  0.00020326927513916  0.00021077180847412  0.00021845210489943  0.00022683547671083
  0.00023521884852222  0.00024376578196707  0.00025313340751304  0.00026250103305901
  0.00029257759459999  0.00052557315944948  0.00094624739086387  0.00143984817894349
  0.00147085481181829  0.00150186144469309  0.00153286807756789  0.00156387471044269
  0.00159488134331750  0.00162747134078485  0.00166028543068281  0.00169309952058076
  0.00172591361047871  0.00175872770037667  0.00179214255883246  0.00182880920248269
  0.00186547584613293  0.00190214248978316  0.00193880913343340  0.00197547577708363
  0.00201911475362029  0.00207177801839289  0.00212444128316549  0.00217710454793808
  0.00222976781271068  0.00229448610304087  0.00235937930421759  0.00242427250539431
  0.00248916570657103  0.00256129842736545  0.00263381044553415  0.00270632246370285
  0.00277883448187155  0.00476814737943589  0.00757546699175499  0.00763159819207849
  0.00768772939240200  0.00774386059272551  0.00779999179304901  0.00785612299337252
  0.00791225419369603  0.00796838539401953  0.00802451659434304  0.00808064779466654
  0.00813677899499005  0.00819291019531356  0.00824904139563707  0.00830517259596057
  0.00836130379628408  0.00841743499660758  0.00847058119847078  0.00851910550835866
  0.00856762981824653  0.00861615412813441  0.00866467843802229  0.00871320274791017
  0.00876172705779805  0.00881025136768593  0.00885877567757381  0.00890729998746169
  0.00895582429734956  0.00900434860723744  0.00905287291712532  0.00910139722701320
  0.00914992153690108  0.00919844584678896  0.00924697015667684  0.00929549446656472
  0.00934401877645259  0.00939254308634047  0.00944106739622835  0.01643362433153136
  0.02824719834346012  0.02824719834347012  0.02824719834348012  0.02824719834349012
  0.02824719834350012  0.02824719834351012  0.02824719834352012  1.00000000000000000
  0.18836313088734943  0.25094635617380828  0.25189271234761662  0.25283906852142490
  0.25378542469523319  0.25473178086904152  0.25567813704284981  0.25662449321665814
  0.25757084939046643  0.25851720556427471  0.25946356173808305  0.26040991791189133
  0.26135627408569961  0.26230263025950795  0.26324898643331623  0.26419534260712452
  0.26514169878093286  0.26608805495474114  0.26703441112854942  0.26798076730235776
  0.26892712347616604  0.26987347964997438  0.27081983582378266  0.27203398549482349
  0.27325200986352755  0.27447003423223160  0.27568805860093565  0.27690608296963970
  0.27812410733834375  0.27934213170704780  0.28056015607575185  0.28177818044445591
  0.28299620481315996  0.28421422918186401  0.28543225355056806  0.28665027791927211
  0.28786830228797616  0.28908632665668021  0.29030435102538427  0.29152237539408826
  0.29596326631934877  0.30083725511453063  0.30571124390971244  0.31058523270489430
  0.37113734435875551  0.39861345307731505  0.40234870942558798  0.40608396577386097
  0.40981922212213390  0.41355447847040688  0.41728973481867981  0.42102499116695274
  0.42476024751522568  0.42849550386349861  0.43223076021177148  0.43596601656004441
  0.43970127290831734  0.44343652925659027  0.44717178560486320  0.45090704195313608
  0.45464229830140901  0.45947671862092637  0.55605541655767765  0.62656463534078266
  0.63203289248320260  0.63750114962562254  0.64296940676804248  0.64843766391046243
  0.65390592105288248  0.65937417819530253  0.66484243533772247  0.67031069248014252
  0.67577894962256246  0.68124720676498240  0.68671546390740235  0.77022245958985835
  0.77350952649883786  0.77620275470865030  0.77889598291846285  0.78158921112827540
  0.78428243933808794  0.78697566754790049  0.78966889575771304  0.79224408316478245
  0.79448018651665742  0.79671628986853238  0.79895239322040734  0.80118849657228230
  0.80342459992415727  0.80566070327603223  0.80789680662790719  0.81013290997978216
  0.81236901333165712  0.90342130206324400  0.92675286928812661  1.00000000000000000
 -0.00226110617319742  0.00470846161422673  0.00941692322845347  0.01412538484268020
  0.01883384645690693  0.02393464246197752  0.02932501941245772  0.03471539636293793
  0.04010577331341813  0.04649375109841174  0.05328834989959483  0.06008294870077793
  0.12974896145316081  0.23412925947751417  0.31346420885430454  0.31733372518739866
  0.32120324152049279  0.32507275785358691  0.32894227418668104  0.33281179051977516
  0.33668130685286934  0.34055082318596347  0.34442033951905765  0.34828985585215183
  0.35215937218524601  0.35602888851834014  0.35989840485143426  0.36376792118452839
  0.36763743751762251  0.37150695385071664  0.38515529244504521  0.48953559046939860
  0.50123145624911192  0.50260012530338816  0.50396879435766440  0.50533746341194052
  0.50670613246621676  0.50807480152049300  0.50944347057476924  0.51081213962904537
  0.51218080868332161  0.51354947773759785  0.51491814679187409  0.51628681584615033
  0.51765548490042645  0.51902415395470269  0.52039282300897893  0.52176149206325517
  0.52313016111753141  0.52449883017180765  0.52586749922608378  0.52723616828036002
  0.52860483733463626  0.52997350638891250  0.53134217544318874  0.53271084449746497
  0.53407951355174121  0.53544818260601745  0.53681685166029369  0.53818552071456993
  0.53955418976884617  0.54092285882312241  0.54229152787739854  0.54366019693167478
  0.54502886598595102  0.54639753504022726  0.54776620409450338  0.54913487314877962
  0.55050354220305586  0.55187221125733210  0.55324088031160834  0.55460954936588447
  0.55597821842016071  0.55734688747443695  0.55871555652871319  0.56008422558298943
  0.56145289463726555  0.58702376186345073  0.69140405988780407  0.79578435791215751
  0.83663107742323806  0.84178164900411456  0.84693222058499118  0.85208279216586769
  0.85695533429134174  0.86163895052115180  0.86632256675096186  0.87100618298077181
  0.87550428919657919  0.87892832481358651  0.88235236043059384  0.88577639604760117
  0.88920043166460849  0.89262446728161582  0.89263147513071694  1.00000000000000000
  0.09867018063863127  0.10014555584863717  0.10162093105864307  0.10309630626864898
  0.10590711242048237  0.11224715343511776  0.11858719444975317  0.12492723546438857
  0.22931407505932300  0.23525193811594905  0.24118980117257510  0.24712766422920115
  0.25306552728582721  0.25900339034245329  0.26494125339907931  0.27087911645570539
  0.27681697951233153  0.28275484256895766  0.28869270562558375  0.34562040450207587
  0.35818770282309825  0.36255396036163456  0.36692021790017088  0.37128647543870719
  0.37565273297724350  0.38001899051577981  0.38438524805431606  0.38875150559285238
  0.39311776313138869  0.39748402066992500  0.40185027820846136  0.40621653574699773
  0.41058279328553410  0.41494905082407041  0.43811989815308755  0.43961768373967808
  0.44111546932626855  0.44261325491285908  0.44411104049944955  0.44560882608604008
  0.44710661167263055  0.44860439725922108  0.45010218284581155  0.45159996843240208
  0.45309775401899255  0.45459553960558308  0.45609332519217355  0.45759111077876408
  0.45908889636535455  0.46058668195194508  0.46208446753853560  0.46358225312512613
  0.46508003871171660  0.46657782429830713  0.46807560988489766  0.46957339547148819
  0.47107118105807866  0.47256896664466919  0.47406675223125971  0.47556453781785024
  0.47706232340444077  0.47856010899103124  0.48005789457762177  0.48155568016421224
  0.48305346575080277  0.48455125133739330  0.48604903692398377  0.48754682251057424
  0.48904460809716477  0.49054239368375524  0.49204017927034577  0.49353796485693624
  0.49503575044352677  0.49653353603011724  0.49803132161670777  0.49952910720329824
  0.54261860415391505  0.54579037376285322  0.54896214337179139  0.55213391298072967
  0.55530568258966784  0.55847745219860601  0.56164922180754429  0.56443540229102473
  0.56708024195917184  0.56972508162731894  0.57236992129546593  0.57501476096361304
  0.57765960063176014  0.58030444029990724  0.58294927996805423  0.67572824103524631
  0.78381882735682473  0.89190941367840315  0.90362757841746011  1.00000000000000000
  0.00229282357741243  0.00316869048744933  0.00404455739748623  0.00492042430752312
  0.00579629121756002  0.00667215812759691  0.00754802503763381  0.00842389194767071
  0.00929975885770760  0.01017562576774450  0.01105149267778139  0.01192735958781829
  0.01280322649785519  0.01367909340789208  0.01455496031792898  0.01543082722796588
  0.01630669413800278  0.01718256104803967  0.01805842795807657  0.01893429486811347
  0.01981016177815036  0.02068602868818726  0.02176730470029776  0.02289011143167389
  0.02401291816305001  0.02513572489442613  0.02625853162580225  0.02738133835717838
  0.02850414508855450  0.02962695181993062  0.03074975855130674  0.03187256528268287
  0.03299537201405899  0.03411817874543512  0.03524098547681123  0.03636379220818736
  0.03748659893956349  0.03860940567093961  0.03973221240231573  0.04085501913369186
  0.04243646693903898  0.04521426342416866  0.04799205990929833  0.05076985639442801
  0.05354765287955769  0.05632544936468737  0.05910324584981705  0.06188104233494673
  0.06465883882007641  0.06743663530520608  0.07021443179033576  0.07299222827546545
  0.07577002476059512  0.07854782124572479  0.08132561773085448  0.11108329936987256
  0.21118156158541609  0.29277341547063662  0.29842184989799436  0.30407028432535210
  0.30971871875270984  0.31536715318006758  0.32101558760742527  0.32666402203478301
  0.33231245646214075  0.33796089088949854  0.34360932531685634  0.34925775974421408
  0.36727214200742053  0.46737040422296416  0.56746866643850780  0.66756692865405154
  0.75093218675013029  0.75621434160694501  0.76149649646375983  0.76677865132057466
  0.77206080617738948  0.77734296103420431  0.78262511589101924  0.78790727074783407
  0.79318942560464889  0.79847158046146371  0.80375373531827854  0.80903589017509325
  0.84695244474209563  0.93798025638538496  0.94301368792172824  0.94804711945807152
  0.95308055099441480  0.95811398253075808  0.96252967181047844  0.96691721402178255
  0.97130475623308676  0.97569229844439087  0.98306066195170094  1.00000000000000000
  0.02244793971379596  0.50309316362455148  0.50618632724910295  0.50927949087365443
  0.51237265449820590  0.51546581812275738  0.51855898174730886  0.52180021688690970
  0.52545273895104505  0.52910526101518041  0.53275778307931565  0.53641030514345100
  0.54006282720758636  0.54382615532338296  0.54767622948638128  0.55152630364937960
  0.55537637781237792  0.55922645197537624  0.57801747773849521  0.60518603813529426
  0.60654945490422651  0.60791287167315877  0.60927628844209114  0.61063970521102340
  0.61200312197995566  0.61336653874888791  0.61472995551782028  0.61609337228675254
  0.61745678905568480  0.61882020582461705  0.62018362259354942  0.62154703936248168
  0.62291045613141394  0.62427387290034630  0.62563728966927856  0.62700070643821082
  0.62836412320714308  0.62972753997607545  0.63109095674500770  0.63245437351393996
  0.63381779028287222  0.63518120705180459  0.63654462382073684  0.63790804058966910
  0.63927145735860147  0.64063487412753373  0.64199829089646598  0.64336170766539824
  0.64472512443433061  0.64608854120326287  0.64745195797219512  0.64881537474112749
  0.65017879151005975  0.65154220827899212  0.65290562504792438  0.65426904181685663
  0.65563245858578900  0.65699587535472126  0.65835929212365363  0.65972270889258589
  0.66108612566151814  0.66244954243045051  0.66381295919938277  0.66517637596831514
  0.66653979273724739  0.76065019819450497  0.81587584363404619  0.82263229111923775
  0.82938873860442919  0.83614518608962074  0.84290163357481240  0.84965808106000396
  0.85641452854519551  0.86317097603038706  0.86992742351557850  0.87627679919062196
  0.88139989156327270  0.88652298393592333  0.89164607630857406  0.89676916868122480
  0.90189226105387554  0.90701535342652628  0.91213844579917702  0.91726153817182765
  0.92238463054447839  0.92750772291712902  0.93263081528977976  0.93782089943999880
  0.94429568424054044  0.95077046904108209  0.95724525384162384  0.96232722277346838
  0.96712785194462991  0.97192848111579155  0.97576398054758706  1.00000000000000000
  0.56468146642049155  0.73231212544768542  0.73545758422870400  0.73860304300972268
  0.74174850179074137  0.74489396057176005  0.74803941935277862  0.75137900350015330
  0.75503980079642152  0.75870059809268975  0.76236139538895797  0.76602219268522620
  0.76968298998149443  0.77445215784079002  0.77972920464818629  0.78500625145558267
  0.79028329826297894  0.79276076573108967  0.79424358258863736  0.79572639944618506
  0.79720921630373276  0.79869203316128046  0.80017485001882815  0.80165766687637585
  0.80314048373392355  0.80462330059147114  0.80610611744901883  0.80758893430656653
  0.80907175116411423  0.81055456802166193  0.81203738487920962  0.81352020173675732
  0.81500301859430502  0.81648583545185272  0.81796865230940030  0.81945146916694800
  0.82093428602449570  0.82241710288204339  0.82389991973959109  0.82538273659713879
  0.82686555345468649  0.82834837031223418  0.82983118716978188  0.83131400402732958
  0.83279682088487716  0.83430179426261752  0.83581932940038317  0.83733686453814871
  0.83885439967591435  0.84037193481367989  0.84188946995144553  0.84340700508921107
  0.84492454022697672  0.84644207536474225  0.84795961050250790  0.84947714564027343
  0.85099468077803897  0.85251221591580462  0.85402975105357015  0.93344923527522961
  0.94200519531493976  0.94673001461418271  0.95145483391342556  0.95617965321266840
  0.95914392567420781  0.96063349977734958  0.96212307388049123  0.96361264798363289
  0.96510222208677465  0.96659179618991631  0.96808137029305796  0.96957094439619973
  0.97106051849934139  0.97255009260248304  0.97403966670562481  0.97552924080876646
  0.97701881491190812  0.97850838901504988  0.97982884602185849  0.98101538449116099
  0.98220192296046338  0.98338846142976588  0.98457499989906827  0.98576153836837077
  0.98694807683767316  0.98813461530697566  0.98932115377627805  0.99050769224558055
  0.99169423071488294  0.99288076918418544  0.99406730765348783  0.99525384612279022
  0.99644038459209272  0.99762692306139511  0.99881346153069761  1.00000000000000000
   2.0011107798924197E-011  -1.0000000000000000     
 F F F F F F F F F F F F F F F F F F F F F F F F F F F F F F F F F F F F F F F F F F F F F F F F F F F F F F F F F F F F F F F F
  <DiscreteSampler_grid>
  grouped_processes
  1 # 1 for a reference and 2 for a running grid.
  10 # Attribute 'min_bin_probing_points' of the grid.
  1 # Attribute 'grid_mode' of the grid. 1=='default',2=='initialization'
  0.0000000000000000 # Attribute 'small_contrib_threshold' of the grid.
  0.5000000000000000 # Attribute 'damping_power' of the grid.
 # binID   n_entries weight   weight_sqr   abs_weight
    10   10   1.949669794141012E+001   1.528079606768211E+003   1.949669794141012E+001
  </DiscreteSampler_grid>
