  0.00276489094370930  0.01180410565984711  0.02131854185034021  0.03249100368431800
  0.04455212709475924  0.05632033275003955  0.06741039053713148  0.07789237399296889
  0.08925187288557254  0.10111217922562386  0.11241580847552310  0.12362166372490925
  0.13535358886285143  0.14802016230853826  0.16134924802424924  0.17431661053013089
  0.18488302440793272  0.19400177643834529  0.20373063250314227  0.21219027866712425
  0.22261746202610738  0.23470259448861236  0.24751695262227635  0.25986763348295566
  0.27185072261362875  0.28293688894039581  0.29401713352079800  0.30573290201707060
  0.31873916671932301  0.33198668595987951  0.34262440151008489  0.35198094099297361
  0.36146976111747603  0.37148052298190448  0.38155048263178626  0.39103427497092602
  0.40142993402234112  0.41132734823273193  0.42176050303202745  0.43136787945324234
  0.44122826821804151  0.45133768457418161  0.46201616659056333  0.47389661147536344
  0.48580840068074632  0.49663482610660686  0.50534050028526822  0.51363688485268544
  0.52232289179158775  0.53038853079493475  0.54091332496414413  0.55385195353070937
  0.56595622423305558  0.57655489596171527  0.58740639674652129  0.59857830600418271
  0.61107090239614381  0.62260401610026328  0.63259218863409472  0.64121635424292989
  0.65032350500454350  0.65940361233997857  0.66871895741586074  0.67670201795940332
  0.68455450974676091  0.69254719188818525  0.70102646895412413  0.70998551116955799
  0.71942294020685127  0.72937597307370960  0.73958252766043919  0.75030581516106831
  0.76152298143820141  0.77347977382663802  0.78643556137535664  0.79955432193432652
  0.81109094126250059  0.82116551310561503  0.83174693672060218  0.84301958944067601
  0.85311460651587323  0.86256765526475532  0.87229884874338426  0.88364632936008480
  0.89469398811844925  0.90457875466210147  0.91341652588511790  0.92161690093025450
  0.93005138230588980  0.93912632216803693  0.94872592531086342  0.95754335830442727
  0.96617572356093573  0.97478074733407571  0.98622270484752561  1.00000000000000000
  0.00008412700924664  0.00008987384147007  0.00009253548140021  0.00009492379000843
  0.00009784616565515  0.00010059376472891  0.00010319682078499  0.00010559453148085
  0.00010779899832426  0.00011028209803956  0.00011272160769195  0.00011547178822196
  0.00011842407666256  0.00012167533851752  0.00012582110058273  0.00013024280641056
  0.00013448653127740  0.00013888991366445  0.00014350532036971  0.00014857823813234
  0.00015448248394384  0.00016091442532146  0.00016807850053884  0.00017611575728378
  0.00018469415478616  0.00019416511198666  0.00020343657114534  0.00021342827176339
  0.00022349518890412  0.00023380372438558  0.00024403849320400  0.00025388113799706
  0.00026356197370982  0.00027398012435096  0.00028550247556710  0.00029702238792677
  0.00030964411459245  0.00032340311694045  0.00033891477793281  0.00035619767683472
  0.00037391647191740  0.00039069967684693  0.00040540745017449  0.00042076092406307
  0.00043664006811443  0.00045300356270471  0.00046876696718785  0.00048872638386723
  0.00051165122532259  0.00053605094113753  0.00056474656991172  0.00060457868044871
  0.00064676857577351  0.00069140233320296  0.00073735303063479  0.00078532481875694
  0.00083940588315471  0.00090490312008235  0.00097678538442671  0.00104668974099301
  0.00111471781762191  0.00118426428244536  0.00126415148925337  0.00136733768260877
  0.00149246842373257  0.00162377927504653  0.00176221190416469  0.00191416628410351
  0.00207688174372638  0.00223242581787073  0.00236924902071267  0.00250897924559724
  0.00269408510530268  0.00290719352666833  0.00315196452411840  0.00345141742486232
  0.00377687392152878  0.00410722136492566  0.00443679982668977  0.00481236767918817
  0.00519880625440908  0.00571345896645236  0.00640706384462978  0.00725068896659735
  0.00819071316468629  0.00933683138763010  0.01079051931606161  0.01252430347214637
  0.01470326557269483  0.01789439820894882  0.02282732776970088  0.03078963025801698
  0.04391109923314668  0.06788861417014132  0.57373986742801419  1.00000000000000000
  0.00004533826067601  0.00006877897968191  0.00008409373485039  0.00009889015714092
  0.00011822287529426  0.00014084065098358  0.00017229725534715  0.00020602194678523
  0.00023932234223051  0.00027374566979739  0.00031448692332769  0.00036536115915125
  0.00043491901008620  0.00051434083772810  0.00060342669237604  0.00070537437308422
  0.00082220342346702  0.00095333812634495  0.00108652250380304  0.00123576801321615
  0.00141103298697826  0.00161991834492300  0.00184325937176588  0.00208703671927395
  0.00234773870646044  0.00262274723509814  0.00294936491445146  0.00331250580726982
  0.00368415326530742  0.00405246192506520  0.00441002473040271  0.00478622955534976
  0.00518413484471742  0.00561317923653661  0.00608022712444855  0.00654441423671690
  0.00698872674088340  0.00746120563489791  0.00792443622110196  0.00842538440107574
  0.00904261561697489  0.00966803410845949  0.01028397171230908  0.01088540044697448
  0.01146496148435599  0.01209352224231953  0.01276143574159213  0.01355050874211270
  0.01440994473106188  0.01538881473874661  0.01639237418612581  0.01732029220864211
  0.01819899247743260  0.01902807984030138  0.01979554000118472  0.02051668009599807
  0.02121167709784212  0.02188279301958435  0.02255818605365297  0.02346039719573605
  0.02437422288376528  0.02506365560542911  0.02567007167608514  0.02635433637994236
  0.02707213202712134  0.02783780322556042  0.02912156603791110  0.03060593465935545
  0.03204813328158573  0.03355697918371608  0.03535782545152235  0.03739596068025444
  0.03951915739941128  0.04178236990853688  0.04368262920009194  0.04495422884159116
  0.04606080448979055  0.04706493755187934  0.04806906041728679  0.04918690333477942
  0.05028030775721903  0.05170905038452028  0.05336055535711560  0.05502916019781338
  0.05733742900754447  0.05947399878571673  0.06147531302635817  0.06519509117361863
  0.06971393519654398  0.07433724486637883  0.07896479675441863  0.08387942328103160
  0.09070505127953223  0.09753067927803286  0.18550226634371472  1.00000000000000000
 -0.00206124226378734  0.00558307801768517  0.01294517904340309  0.02031694975939748
  0.02835443490230084  0.03767731199687381  0.04626972562399981  0.05444401262549575
  0.06255906559790055  0.07071742362298429  0.07855956772938810  0.08612785142827409
  0.09356929623156179  0.10153150014494268  0.11056239652383758  0.12043574395157627
  0.13014621978822066  0.13941951988456119  0.14821445813087453  0.15659584383274894
  0.16490251843589335  0.17313201907087389  0.18194343424587589  0.19060090781624309
  0.20052852294448922  0.20935562365903496  0.21921986122268744  0.22867331840066751
  0.23925139461205794  0.24946880310318056  0.25781532686294079  0.26573128600914786
  0.27373898221425924  0.28194480089671192  0.29032973238980381  0.29881897185080747
  0.30725315460602054  0.31558585393364397  0.32441864697366579  0.33317310732212657
  0.34204180582285088  0.35061985215749691  0.35876819579613212  0.36684632523371746
  0.37553929004474934  0.38510470928768487  0.39541220157859142  0.40610207081662325
  0.41730417327423591  0.42835750831889846  0.43817010930074862  0.44731315011846873
  0.45609998428245802  0.46517738516520424  0.47470371246592963  0.48436859132533044
  0.49424844987561589  0.50414441089540618  0.51356147896465631  0.52279206395235200
  0.53295637709946930  0.54463543198712283  0.55599099260119522  0.56696360189422668
  0.57873226982392745  0.58966568999227276  0.59996874489696761  0.61279563800124937
  0.62688253041753594  0.64117120488573676  0.65432046861392335  0.66600957566565366
  0.67676721147996344  0.68900232675015294  0.70013746392132048  0.71024532800177709
  0.72064150619891565  0.73238938358185013  0.74493722918471228  0.75754850106708982
  0.77035077641981331  0.78357164326036421  0.79732950207125852  0.81305386981621042
  0.82748009561847113  0.84287321375333291  0.85957069004222741  0.87439208268259516
  0.88644411071503193  0.89551987001892586  0.90278609533367160  0.91498092984629398
  0.92812106414024365  0.95264861390231637  0.97716802858950402  1.00000000000000000
 -0.00219240044874178  0.01165645370857530  0.02221686644572564  0.03227712528225559
  0.03951087832166417  0.04697093987304574  0.05423388914964306  0.06300342055152029
  0.07521782691091081  0.08845279038389126  0.10124221390751713  0.11353442273934708
  0.12532856220322908  0.13681080425469563  0.14816651493826810  0.15940478036660122
  0.16940190092608332  0.17756831110952148  0.18656385757712107  0.19619482538733021
  0.20547518179493676  0.21396994190901358  0.22202590347908599  0.23027678230103096
  0.24059177153618899  0.25104191294699363  0.26131619061258515  0.27218923148827601
  0.28422175915470022  0.29776151645374571  0.31129445617377127  0.32435574959113905
  0.33566669066231342  0.34513596546833397  0.35353478565642560  0.36141743890004713
  0.37072754117983397  0.38081719342646647  0.39016126377502941  0.39969243503758861
  0.40976386118773517  0.42295311136630043  0.43791661254654646  0.45054034167823698
  0.46206880104790815  0.47254293358636862  0.48293239128226367  0.49337582782981532
  0.50438871329713963  0.51642829595500661  0.52813219985261373  0.53985714871375956
  0.55069921580209535  0.56130319021351438  0.57226702767193938  0.58293408004008052
  0.59308594971612183  0.60322405724210448  0.61322386939931472  0.62357919108560733
  0.63413365251344733  0.64426120584063662  0.65473899396697099  0.66538387771823537
  0.67515066929631273  0.68548770604425957  0.69556870268160131  0.70504728708327713
  0.71563752879491760  0.72640386332143347  0.73769999963196253  0.74916472740493600
  0.76017404011833589  0.77079702812772988  0.78120976917380680  0.79278715747633943
  0.80480097258555539  0.81740062530797308  0.82951458671789791  0.84200412197602659
  0.85307044719836356  0.86239151710935058  0.87140382219139800  0.88136703153945861
  0.89177484948474350  0.90227295588788137  0.91172324765868196  0.92037803300974130
  0.92987441063078669  0.93887750243554580  0.94697387821776280  0.95605751096184399
  0.96623474288962174  0.97892234214033358  0.98970508237738752  1.00000000000000000
 -0.00299318946360201  0.00898892132193543  0.01832235437071376  0.02677050597065683
  0.03571665702764908  0.04556541600529428  0.05583095478978807  0.06501549840981993
  0.07318877338566676  0.08157167526563081  0.09025374848570208  0.10104955360732404
  0.11227307476907868  0.12286827813776459  0.13293935212430857  0.14442407527951562
  0.15548525567798546  0.16539900470050986  0.17522222263310339  0.18512685540480722
  0.19525492847335574  0.20551308223419720  0.21571383187988663  0.22662528008366251
  0.23879364059074046  0.25176275963646327  0.26406295355692899  0.27590676030159428
  0.28743108443392140  0.29846224922764070  0.30910183199052238  0.32008061683619526
  0.33084238293135743  0.34024796216381431  0.34864012325052002  0.35809908683896957
  0.36899291331327100  0.37830134881403010  0.38640604634960501  0.39459212165361512
  0.40457171551144050  0.41537042532472440  0.42671571562832539  0.43769929471613939
  0.44649058146128995  0.45548195551385695  0.46429772418734921  0.47401708225801353
  0.48412042505327196  0.49441544838157753  0.50524443894232340  0.51651804782750943
  0.52787805952759226  0.53922461114232545  0.55105872212565887  0.56382373604309621
  0.57744693415101234  0.59026684187456635  0.60213411723150789  0.61255806259874812
  0.62245958425154901  0.63269304971753371  0.64335814687476256  0.65451865050094626
  0.66678631798617960  0.67882368962976203  0.69097085108335765  0.70245445545290541
  0.71373380729953995  0.72328009338843979  0.73394605707353677  0.74420113988988301
  0.75378607701011913  0.76392333265855283  0.77366659736557231  0.78269801634172764
  0.79103149577030518  0.79990341151388888  0.81000121293802774  0.82131200539308857
  0.83278991982952211  0.84571263603758928  0.85600696096604889  0.86643392719952306
  0.87717570278436063  0.88826488055989461  0.89976912414083654  0.91027131602159461
  0.92062140049567898  0.93013080534704429  0.94056008816365633  0.95220533103746618
  0.96492185496700478  0.97648668760311952  0.98815065714764228  1.00000000000000000
  0.00285297994765242  0.00371960138038990  0.00449250150126719  0.00534247986248245
  0.00621459584988205  0.00711650164447855  0.00803418621884942  0.00893021603082498
  0.00978449865801729  0.01062739127468974  0.01144212640367216  0.01224638282512617
  0.01305240021170718  0.01381049763483674  0.01460775289800503  0.01540903508925973
  0.01623775703845904  0.01710020320918685  0.01796843781802503  0.01882162703947694
  0.01965823946711972  0.02053472782333107  0.02140821881321097  0.02228545298299525
  0.02315085673771757  0.02399549415986156  0.02488588281159141  0.02576880437240107
  0.02663918243493499  0.02751111089694454  0.02835751838294012  0.02914084185807689
  0.02986194120821101  0.03054375896180406  0.03124482471121471  0.03205255132712533
  0.03305264750757306  0.03406580053412157  0.03501126621490602  0.03599254077572034
  0.03700197088922945  0.03817866937141117  0.03940430374691472  0.04059213230191934
  0.04173671493946234  0.04284324465665679  0.04400378289181906  0.04515936827034116
  0.04645051402682591  0.04756575916684606  0.04862496835660614  0.04929446672377058
  0.04995008246393757  0.05053718922659512  0.05111337708177995  0.05174921510680040
  0.05245482732955699  0.05319546297193870  0.05408020545770431  0.05518432463263407
  0.05642496556892904  0.05794879879456325  0.05972744671134934  0.06107756697449342
  0.06262644358936779  0.06449218017181438  0.06651333776151265  0.06826972493996152
  0.06983738595297610  0.07119783634382178  0.07235922910113497  0.07369696892814037
  0.07521742642643600  0.07690692511162178  0.07913449326704892  0.08171000105778074
  0.08589475526194031  0.09174526196312266  0.09762220012717901  0.10303769870163874
  0.10747171155306605  0.11169194184429071  0.11729083848927972  0.12247325243573821
  0.12610715116425036  0.12966452455632044  0.13308118118871984  0.13646839590266438
  0.13962657622053073  0.14278475653839712  0.15291746708714252  0.16899627040959955
  0.19108767008058578  0.23788546336310387  0.65587797214355292  1.00000000000000000
 -0.00258581547414216  0.01387691272980390  0.02687740458952350  0.04113142341014903
  0.05483103543296753  0.07047992023792153  0.08479733999084760  0.09960155144593369
  0.11654704296785777  0.13318540889008659  0.14710709603185043  0.16112788893782895
  0.17451876572254027  0.18734063626807446  0.19880766515580237  0.21026879977111385
  0.22028029691915146  0.23018131601680411  0.24013817161261608  0.25030013655193339
  0.26089615730946680  0.27107559212398197  0.28077316621856263  0.29030161013661399
  0.29879060700393584  0.30720385389015220  0.31535264162016557  0.32392166868652189
  0.33282762366799468  0.34131608914332373  0.34899330573818560  0.35680607287278010
  0.36429063701559289  0.37173504955482956  0.37775892968882108  0.38345903050160984
  0.38961055631671965  0.39531465504850644  0.40128770934452329  0.40951974997734863
  0.41787657910011261  0.42702571911703679  0.43572975131604647  0.44460101204578206
  0.45338392563691438  0.46219295513865721  0.47169061013255609  0.48031348460155132
  0.48727570153785743  0.49535280205791071  0.50371291526107576  0.51214381821036026
  0.51967018669772558  0.52744690217480306  0.53506004179603595  0.54321246835840120
  0.55252392708700748  0.56216322248395545  0.57240116892900983  0.58301896931070141
  0.59428745593773002  0.60634117033844226  0.61892891183016330  0.63021693948760527
  0.64005015107232799  0.64888706904628191  0.65737844482351837  0.66605909602330649
  0.67521403187437423  0.68520625062287388  0.69535008922174268  0.70515523402293545
  0.71466919174745358  0.72382436551036855  0.73345562130666253  0.74332891608078344
  0.75285011658098355  0.76360854575989456  0.77438424966636654  0.78610614783869925
  0.79799020067887594  0.80956045004864674  0.82136938743549104  0.83372622785028816
  0.84685008450471622  0.85995254706466140  0.87286581929506024  0.88700691757623029
  0.90321706067428886  0.91855474826315653  0.93192651439131358  0.94522031113055827
  0.95905557163788413  0.97245958248341324  0.98534804588312708  1.00000000000000000
  0.42893936890793261  0.57695837904025793  0.59454733566266704  0.61009346013194432
  0.62589633023586244  0.64080224415859843  0.65584051539626198  0.67011817949665975
  0.68265557249990239  0.69434802898378867  0.70629908961209265  0.71734168638461204
  0.72785265332089888  0.73785103212176129  0.74649167175479347  0.75419566936434423
  0.76163923512579790  0.76960043294035130  0.77691351257261887  0.78341960129524757
  0.78948780792349327  0.79545599932342981  0.80145149394596449  0.80786285191040053
  0.81418612881005925  0.82046775303980535  0.82640674642414580  0.83207543882630952
  0.83722208719261837  0.84229176545946149  0.84729823671084170  0.85247537251996097
  0.85738453852135910  0.86182969970591872  0.86613799205408648  0.87038541266882774
  0.87474478363290697  0.87916887090120621  0.88345761452064442  0.88723866356991976
  0.89063214009871194  0.89377185606227827  0.89695099395034750  0.90009918517360632
  0.90304734562697253  0.90593927900504945  0.90883152411222523  0.91176266120612148
  0.91461514766945762  0.91736152108081481  0.92001656332311132  0.92252065517871662
  0.92486118480682844  0.92702283848657707  0.92917906838063324  0.93133810663887395
  0.93346631748947895  0.93564044602084828  0.93765163409010877  0.93950623590029370
  0.94122415623804734  0.94283246166778578  0.94447910250921985  0.94610641856486966
  0.94771565393162505  0.94936283876395477  0.95106306069954527  0.95280350657100310
  0.95447386498149689  0.95623885547266474  0.95793603379359415  0.95951891739820860
  0.96111685968788974  0.96289221842096639  0.96487147556684472  0.96674931659848307
  0.96820685937247675  0.96942887032421399  0.97051614744698023  0.97155789550697891
  0.97259891302981272  0.97363397970863119  0.97478073065332693  0.97631945814991949
  0.97785358129809963  0.97934062587935777  0.98079190392826354  0.98221313730880921
  0.98355650774098491  0.98506265787395664  0.98662804039678487  0.98821105739423520
  0.98989816709603129  0.99186838071945649  0.99466580493485490  1.00000000000000000
   8.6015772546307757E-008  -1.0000000000000000     
 F F F F F F F F F F F F F F F F F F F F F F F F F F F F F F F F F F F F F F F F F F F F F F F F F F F F F F F F F F F F F F F F
  <DiscreteSampler_grid>
  grouped_processes
  1 # 1 for a reference and 2 for a running grid.
  10 # Attribute 'min_bin_probing_points' of the grid.
  1 # Attribute 'grid_mode' of the grid. 1=='default',2=='initialization'
  0.0000000000000000 # Attribute 'small_contrib_threshold' of the grid.
  0.5000000000000000 # Attribute 'damping_power' of the grid.
 # binID   n_entries weight   weight_sqr   abs_weight
    10   10   8.432168400816030E+001   2.747294709607320E+004   8.432168400816030E+001
  </DiscreteSampler_grid>
