  0.00326970839856663  0.01278089540431619  0.02406063918343738  0.03488007645472806
  0.04564325465045788  0.05649225154733109  0.06850686279497777  0.08062993437653361
  0.09253272668866007  0.10413487908657859  0.11504791499111661  0.12544738537854958
  0.13576136292022767  0.14644244235893566  0.15763916041197751  0.16965647728485378
  0.18175953592178656  0.19308959771584799  0.20371315625549399  0.21422969504043662
  0.22448266525591595  0.23447404838950275  0.24452872252702398  0.25508709247586303
  0.26670238775867350  0.27961301792487009  0.29273653273294498  0.30458068869506294
  0.31587943472737529  0.32588885961699471  0.33618465307821954  0.34613925217521196
  0.35713093178397315  0.36817456381645691  0.37889346003799262  0.38899899705571478
  0.39950342672993477  0.41062962609075393  0.42252860533773900  0.43427678927872032
  0.44518619073010629  0.45566012195023076  0.46582679681557998  0.47612196488592273
  0.48624505435592258  0.49679162191881882  0.50786974857873513  0.51945618594920118
  0.53063526921265958  0.54143444079425529  0.55227915357836010  0.56287720210481096
  0.57324969195030950  0.58396250069877997  0.59522025424151803  0.60629268594163954
  0.61708298218782864  0.62831583353185128  0.64031805719153279  0.65227702907222751
  0.66313524856332062  0.67341648835983547  0.68329196245778279  0.69316344156146259
  0.70297922766505694  0.71330243314582520  0.72341218018481546  0.73319705007349034
  0.74285781184281241  0.75262779349790943  0.76239697493234115  0.77241092327350902
  0.78276014755735723  0.79362012207545707  0.80452292955011906  0.81539685559360842
  0.82645984719063026  0.83752959743486988  0.84837107184291682  0.85863371427948665
  0.86898374608739903  0.87932285478934513  0.89023385856684190  0.90062784171904908
  0.91060207040472529  0.92085630519887707  0.93102986982740832  0.94079265298106551
  0.94893287824616901  0.95717626691324154  0.96532890526615345  0.97336957550044767
  0.98091955379603701  0.98720907624624354  0.99230387929358310  1.00000000000000000
  0.00008871679748277  0.00010027055427580  0.00011367530028094  0.00013142799264324
  0.00015334449475624  0.00017809957045763  0.00020617572995744  0.00023901207432627
  0.00027603214777492  0.00031749680967617  0.00036389219433332  0.00041518557708703
  0.00046992563371023  0.00052899500590140  0.00059296951574637  0.00066101848115207
  0.00073231632372171  0.00080670692385590  0.00088141081996380  0.00095811049412098
  0.00104136672882805  0.00112891188592518  0.00122168311766381  0.00131827603299392
  0.00142124590034298  0.00152549533808374  0.00162847791652885  0.00173099609869542
  0.00183459510173483  0.00194000728263366  0.00205377703746659  0.00217180755844984
  0.00229176673206970  0.00241680460792606  0.00254810259356098  0.00269742487047550
  0.00285327447255982  0.00301051815996087  0.00316525177643776  0.00332973142859628
  0.00349427317061130  0.00366731317633253  0.00384727506814461  0.00403057370330156
  0.00421679398911145  0.00440443620838200  0.00459374662911938  0.00478818298933453
  0.00500418145892757  0.00522876522810111  0.00547570102224204  0.00573634558255308
  0.00601269976757048  0.00630494214222612  0.00660833326401028  0.00691866586388704
  0.00722941379577691  0.00754356848030593  0.00786523349702453  0.00817692219861000
  0.00851071217217919  0.00887993001511777  0.00928359200187545  0.00972904318436593
  0.01018085607438765  0.01065685567337188  0.01118290620494928  0.01176813016351325
  0.01239625775509179  0.01307311926522610  0.01380185989000489  0.01457459968062700
  0.01542318623582395  0.01637737166068542  0.01742342422356495  0.01846502235076567
  0.01958337309737982  0.02084325928008958  0.02224824960058109  0.02381316119714515
  0.02541029225164779  0.02709784086944002  0.02894583114383483  0.03120391389827726
  0.03396511395777891  0.03731753584108069  0.04124159276999752  0.04575464996892098
  0.05150118889291001  0.05781981722328200  0.06366017385610044  0.07181260686775415
  0.08363949287886821  0.11138662467099336  0.36331826304275572  1.00000000000000000
  0.00007846126259529  0.00008234952214472  0.00008564814152620  0.00008898721885904
  0.00009287993976214  0.00009657337135366  0.00010027216957945  0.00010435953542659
  0.00010881318272506  0.00011366996691658  0.00011855129380169  0.00012302770321265
  0.00012790213394898  0.00013332428318171  0.00013861061169981  0.00014483764505723
  0.00015117921446120  0.00015796668704410  0.00016499960610388  0.00017229791013032
  0.00018031079026448  0.00018903888391600  0.00019826558992944  0.00020815327093117
  0.00021896680750153  0.00023034819082759  0.00024242532359538  0.00025556982346263
  0.00026920670768080  0.00028351648868765  0.00029898899253188  0.00031543237993309
  0.00033187465550069  0.00034807067968183  0.00036360233020360  0.00038033415325834
  0.00039886673694756  0.00041976361946580  0.00044280970051900  0.00046494959065297
  0.00048981847337298  0.00051654093048060  0.00054469268348625  0.00057434093097460
  0.00060496042556606  0.00063703514798681  0.00067133547253867  0.00070830472482723
  0.00074847972518355  0.00079226044916706  0.00083892257365146  0.00088834233713046
  0.00093724213211939  0.00098901520474595  0.00104335814552348  0.00110346330377902
  0.00116831534236997  0.00123870183631257  0.00131697993292353  0.00140208651072652
  0.00149294785081560  0.00159302662688389  0.00170368704178521  0.00181166005289576
  0.00192495571890665  0.00204630004014320  0.00218405339771638  0.00234628957369339
  0.00253022027094652  0.00272886155284686  0.00293166530915967  0.00313806961460178
  0.00334953190378308  0.00358216013420623  0.00385071654908127  0.00414516848984927
  0.00446484456531210  0.00481148895594882  0.00518362283320596  0.00562271893812580
  0.00613927481259558  0.00671551222981555  0.00737768129444794  0.00816512685755934
  0.00920372059336336  0.01039292102300439  0.01181979714009015  0.01334088928902223
  0.01540317637746950  0.01820162629906231  0.02266818923368757  0.02874241690913385
  0.03906412404148633  0.06134623538140128  0.54178887657973795  1.00000000000000000
 -0.00130475768772535  0.00538578841814376  0.01194523921234663  0.01835996243046953
  0.02496157956240529  0.03189886850299354  0.03908696244134829  0.04618187122340403
  0.05289083004078399  0.05930260126106494  0.06569653637130837  0.07216323772160109
  0.07896723936468471  0.08665487879775892  0.09464391621638121  0.10249828779933588
  0.10984614329344088  0.11706992346789521  0.12427541837511805  0.13158833984209170
  0.13900783191696070  0.14643794931228357  0.15390338644605644  0.16161836808974023
  0.16977765048351601  0.17852098352352447  0.18745385240225099  0.19604635720597044
  0.20495993788155437  0.21364353881955597  0.22247985052962982  0.23093656582733890
  0.23974770783741153  0.24872472401796575  0.25734910494878449  0.26559791135660066
  0.27351790431338158  0.28127928690493292  0.28921273712342171  0.29712367648077509
  0.30509832881757049  0.31366987728682560  0.32280345532931476  0.33206988886688998
  0.34131979165920523  0.35076382000281142  0.36031550082671804  0.36994247384076367
  0.37973511949970024  0.38942662344891188  0.39949525276784875  0.40982671099377532
  0.42044515428853874  0.43168694125078810  0.44282472748001805  0.45339476684583652
  0.46339547580310197  0.47293276684190366  0.48217406902229520  0.49141640713212187
  0.50136997915149750  0.51208744300099418  0.52281669926597174  0.53378486677893344
  0.54535198820945585  0.55762562345588784  0.57012087127715094  0.58313561792364721
  0.59622107330882301  0.60905003523869283  0.62117901698825428  0.63339718618351015
  0.64591697140496496  0.65885599336741474  0.67218247323914027  0.68557222127869943
  0.69951458109804576  0.71341110550793863  0.72760987772548069  0.74245767433667165
  0.75781349593673974  0.77359741128411563  0.79029139501760282  0.80694631916434312
  0.82305285257020577  0.83780463786333847  0.85285899604410431  0.86837725311833325
  0.88482976495724297  0.90184356762199414  0.91915864666178149  0.93827037548523429
  0.95708752886168902  0.97331473165552507  0.98723442511762927  1.00000000000000000
 -0.00202329201927771  0.00921823401919466  0.01943768525933409  0.03033826532871224
  0.04116229168714145  0.05219343153037583  0.06353679173992879  0.07556610455337541
  0.08706815590991811  0.09830265316747314  0.10849743883720009  0.11884465237407857
  0.12932719812863408  0.14063400284851832  0.15190180854066004  0.16268767094885211
  0.17338850284388457  0.18435080385516175  0.19553843317990457  0.20648202689850620
  0.21735037641520041  0.22789723683748775  0.23768436953283639  0.24750721886557636
  0.25757640432183482  0.26846373515817967  0.27873987019283830  0.28968875822370399
  0.29961331098841465  0.31055592478175131  0.32034135921825724  0.33006533950790262
  0.33960129605557537  0.34959490955575012  0.36016351863492913  0.37122086955813199
  0.38192729690386956  0.39246298591403600  0.40284854003377146  0.41343644506360627
  0.42388275950760124  0.43439913012510561  0.44543502114073996  0.45633162653096404
  0.46660701620245570  0.47637657235265013  0.48667957091472741  0.49657012758908964
  0.50644676017113976  0.51654304484187030  0.52714045303000423  0.53764724274729359
  0.54808332752965461  0.55832148707858453  0.56859739800309450  0.57876363332604819
  0.58905298518885374  0.59889901730313522  0.60870642426262034  0.61819292928919689
  0.62792101560252855  0.63765520927897690  0.64806503011631367  0.65864236186854563
  0.66927586321169130  0.67961400089837387  0.69025057920183952  0.70107886401706776
  0.71222796066793848  0.72303692360082228  0.73334070125723649  0.74357285444128152
  0.75429892495063544  0.76527298888245454  0.77679284063333365  0.78832541999568095
  0.79944221178058161  0.81038541959465549  0.82115318924014402  0.83160033353363294
  0.84169730584980973  0.85158484109820742  0.86182765549304530  0.87196103101161848
  0.88133294499404879  0.89039002101786879  0.89973172119398237  0.90978440907465974
  0.92105618089794805  0.93289848964210698  0.94474984790011385  0.95618379636722894
  0.96718638480098706  0.97846842517332611  0.98931434792045625  1.00000000000000000
 -0.00189876454519793  0.01031382039568359  0.02157494396377865  0.03426605938758874
  0.04690024977844651  0.05729377794645685  0.06788374832068886  0.07819884791545349
  0.08856569164952145  0.09881205001631528  0.10902646404720728  0.11900309772672155
  0.12830019073763399  0.13745294343854164  0.14721661091703539  0.15764826806477186
  0.16844515711754515  0.17935918932842612  0.18997501043407070  0.20032533942816594
  0.21096926881140252  0.22203572823117310  0.23315420950034638  0.24397025107253811
  0.25476955243521249  0.26642952369012046  0.27819777309367610  0.28993783687249985
  0.30020607266957600  0.30996336414381470  0.31979120144460482  0.32977980605309659
  0.34111430109358581  0.35238289654420096  0.36372481515136024  0.37424830106488871
  0.38390430236325451  0.39338883660833435  0.40330006635337240  0.41346463863419630
  0.42342516020696147  0.43296023236170900  0.44232623110817215  0.45259254497624196
  0.46249133137224263  0.47265114203832076  0.48266395915380150  0.49284402903369606
  0.50313531485837393  0.51330113528464560  0.52320312949187342  0.53296175349040975
  0.54256192747588861  0.55240449375922651  0.56258811660304564  0.57390156822171512
  0.58508462814890261  0.59642235671678456  0.60803914831069761  0.62011717191368032
  0.63145426355120549  0.64286890020961063  0.65430574008449605  0.66606739181941754
  0.67763063791307543  0.68959028672337308  0.70152160330232849  0.71324010475704813
  0.72504058624971757  0.73634124017985947  0.74724247344345718  0.75786868680782027
  0.76863219167556374  0.77939381234792493  0.79026953130930278  0.79976974052348415
  0.80922524613480984  0.81861180066739281  0.82860089851469620  0.83851124689702050
  0.84869705526659112  0.85931562421774521  0.86972649176985550  0.88006094027541881
  0.89005579200235752  0.89983981005768687  0.90970820851564593  0.91924877305326591
  0.92903151460104727  0.93896013894261232  0.94929796478819461  0.95935437786620159
  0.96899856496502923  0.97905694620003469  0.98932423238932732  1.00000000000000000
  0.00225616459011672  0.00562072061921837  0.00823532806096653  0.01064911441287494
  0.01295278111549942  0.01516156121613255  0.01730923954404931  0.01939814924373269
  0.02142572481375401  0.02339001335022894  0.02534420289408595  0.02733690443543311
  0.02938111570548423  0.03144808804537470  0.03354035808189976  0.03562835910669206
  0.03766994171863536  0.03972516073683201  0.04178643568320752  0.04385558996072812
  0.04595764271459953  0.04809277979753363  0.05018066139735521  0.05223599864310664
  0.05429131671530056  0.05636671221779799  0.05842119835141363  0.06042635712290451
  0.06238222624648920  0.06424884275573087  0.06624709990916922  0.06826007568871963
  0.07037732685780182  0.07262554707339805  0.07497640220270994  0.07741078983321145
  0.07995711881453731  0.08252806454055192  0.08503928575142063  0.08766606557813152
  0.09012688155986620  0.09246777523377878  0.09482973049166556  0.09730623987067867
  0.10020077710670250  0.10322395901328389  0.10583398471370202  0.10829456703723861
  0.11067033956203365  0.11307238508889482  0.11554241844384497  0.11802518573824379
  0.12057655684368349  0.12330689234589168  0.12601001593300348  0.12856628682388746
  0.13154483562675698  0.13435246382379967  0.13749506645231965  0.14076996546637477
  0.14482846687967726  0.14900952726093283  0.15354716479177904  0.15800204731050418
  0.16314874716857664  0.16749030502619047  0.17179107307740915  0.17612460918282655
  0.18040397271218078  0.18436942113748409  0.18981910112905398  0.19512382214034185
  0.19951712427555973  0.20371454152166896  0.20865069645561238  0.21458183560412017
  0.22201942469586375  0.23077102558274204  0.23969950597300996  0.24815389149661904
  0.25845833643789801  0.26907945378169845  0.27790368933815118  0.28507219758390773
  0.29487742618598750  0.30686000340278324  0.32753612387335790  0.34052032279867178
  0.35009699247734549  0.36397215214741957  0.37926009611619704  0.39603834645637515
  0.41728074259016673  0.49821422579532881  0.67906346861841882  1.00000000000000000
 -0.00304583667418762  0.01445819538710693  0.02995676683109303  0.04595914525019817
  0.06034699480767447  0.07493950625006116  0.08872321260236711  0.10150229565750228
  0.11413908081904979  0.12743577275815793  0.14125120935206653  0.15487970094172407
  0.16831406321350598  0.18109553994825631  0.19379119655598578  0.20641266761060859
  0.21842833070056103  0.23004844416604653  0.24107084970138870  0.25216530160189066
  0.26238001791116244  0.27244773218939250  0.28189454836909605  0.29135451190822975
  0.30062931579677327  0.30991769201444880  0.31907956469025733  0.32791552323027717
  0.33669746174046328  0.34544462559220890  0.35425915096780258  0.36275994768647890
  0.37107803714958099  0.37890156624732579  0.38620860553146408  0.39329541627551229
  0.40031976420167759  0.40739316646056867  0.41479414475030241  0.42240497101577684
  0.42999708019899358  0.43737725694988611  0.44466574085954169  0.45216760095152414
  0.45972986104766977  0.46770746151737858  0.47541862508581806  0.48336451191800323
  0.49094198128285793  0.49836447810372364  0.50534669752254524  0.51227597973267092
  0.51923716717314761  0.52638357231740651  0.53396857067802228  0.54201177578405724
  0.55022692806698736  0.55839509591449199  0.56668975074709671  0.57515487440306423
  0.58329151010812741  0.59172590178642115  0.59961481903187064  0.60758933162950890
  0.61565172820092340  0.62391161754285995  0.63242631109196812  0.64105362898242679
  0.64974694582197301  0.65864290688571270  0.66769967122544005  0.67664485980046574
  0.68591688704800580  0.69528830927503382  0.70520522813770126  0.71586455928496262
  0.72726232554874581  0.73875686859346190  0.75008247281318163  0.76134685471088781
  0.77269862777159659  0.78401711069897073  0.79666297595872804  0.80967172001007259
  0.82276235974956846  0.83582912420162025  0.85045002550826665  0.86601634156010832
  0.88301500162668756  0.90021006737761244  0.91671078058771238  0.93282679540394886
  0.94962050352746319  0.96717173654961763  0.98408878040792924  1.00000000000000000
  0.36250911088103271  0.56745732831849793  0.59350900143157281  0.62210631427214058
  0.64219288326635682  0.65849792115772443  0.67348236311564214  0.68701326298731480
  0.69977035770892626  0.71154837782409508  0.72248895038388272  0.73263804469976967
  0.74187240982791969  0.75061559495131480  0.75867414406937861  0.76648965937447333
  0.77409174948649373  0.78135839642850868  0.78820012012900365  0.79443398117108688
  0.80036110019273587  0.80623034015752515  0.81207578429956495  0.81769044900686272
  0.82298825245529394  0.82824680000031237  0.83331521423965527  0.83801232333144238
  0.84243890854097647  0.84689913026929742  0.85140045871316472  0.85578710390792312
  0.85953924808636051  0.86316098237727279  0.86661327311134029  0.87003564070385453
  0.87353631159030920  0.87698875192751624  0.88024607419363932  0.88341667991780237
  0.88642153098361509  0.88938509452099612  0.89236559033463925  0.89535381008675197
  0.89821145838254524  0.90099004890863177  0.90370903907992584  0.90642083316717326
  0.90914806947059734  0.91184586534739509  0.91452916406412021  0.91721439793509174
  0.91970413085160596  0.92208649541683940  0.92437973249118266  0.92662750159254648
  0.92884859438508927  0.93103758643044476  0.93318417411690602  0.93528030796666639
  0.93731187488030066  0.93923888455370474  0.94116528530768229  0.94302787668766741
  0.94488692100818905  0.94669403136314101  0.94843035109729135  0.95014004126670926
  0.95188792999669369  0.95363422453694968  0.95535636415951419  0.95708958661783738
  0.95880915761759944  0.96050863949693888  0.96217971309726746  0.96379667018858595
  0.96535127421518252  0.96689822828029481  0.96847527051820859  0.97010687815649443
  0.97174965903920052  0.97334445302889616  0.97486689282097105  0.97629237329162510
  0.97776761895846465  0.97927416071415041  0.98077291113193255  0.98227224914910349
  0.98384206169100319  0.98539454042491048  0.98705022493837657  0.98901613237775499
  0.99139062700615155  0.99420388258659198  0.99717779833414855  1.00000000000000000
   1.0347010181330957E-007  -1.0000000000000000     
 F F F F F F F F F F F F F F F F F F F F F F F F F F F F F F F F F F F F F F F F F F F F F F F F F F F F F F F F F F F F F F F F
  <DiscreteSampler_grid>
  grouped_processes
  1 # 1 for a reference and 2 for a running grid.
  10 # Attribute 'min_bin_probing_points' of the grid.
  1 # Attribute 'grid_mode' of the grid. 1=='default',2=='initialization'
  0.0000000000000000 # Attribute 'small_contrib_threshold' of the grid.
  0.5000000000000000 # Attribute 'damping_power' of the grid.
 # binID   n_entries weight   weight_sqr   abs_weight
    10   10   5.862309983610250E+003   2.044457055048829E+008   5.862309983610250E+003
  </DiscreteSampler_grid>
