  0.00343422134843568  0.01159367962870232  0.02185272791310889  0.03021569500751732
  0.03861876328973707  0.04717963162122405  0.05676158668854981  0.06636459891539737
  0.07617811025081332  0.08591556306577496  0.09582611761903997  0.10636791760124702
  0.11788556139002265  0.13020370040224005  0.14195943115879478  0.15457436468767266
  0.16799424040829963  0.18056624683462677  0.19208099537685891  0.20354208510701410
  0.21497488638922982  0.22677193422558126  0.23898633991016316  0.25075611538499371
  0.26149647067911524  0.27215526587158451  0.28350296719368506  0.29464745224388500
  0.30601935720919704  0.31723924435836948  0.32852043549212939  0.33847139468309989
  0.34687296152953212  0.35541067807669569  0.36389948493609509  0.37324656300972531
  0.38301426041073527  0.39311980652080958  0.40345191448980994  0.41367543103702892
  0.42393794024270287  0.43448345582179287  0.44528852565298011  0.45578509215133434
  0.46562441759445472  0.47551087803668890  0.48567058675495467  0.49577684732318289
  0.50548179046928832  0.51476894311549060  0.52359348188778776  0.53398711928187559
  0.54447990669293345  0.55518742429556733  0.56581067360219428  0.57703122207634649
  0.58956819980472386  0.60237467603058703  0.61570629027644708  0.63056196166170442
  0.64644496125037998  0.65727968595702035  0.66671524374927471  0.67587332584633453
  0.68562104082145292  0.69569498818493258  0.70623883805001841  0.71821649339323590
  0.72999669944001089  0.74070421162997424  0.75050006371391975  0.76082402687210060
  0.77146791273133253  0.78169393763320705  0.79023091218797625  0.79915058448822363
  0.80794517209430849  0.81782920989038499  0.82842691979908589  0.83893690194633141
  0.84900312401369682  0.85936832103220784  0.86982840434952946  0.87987520321305845
  0.89000044291142455  0.90047538633613344  0.91098301556454375  0.92053975186220793
  0.92871336658400450  0.93666338976335384  0.94546777800922699  0.95559023690285783
  0.96582401818914532  0.97596832882096396  0.98712367561320702  1.00000000000000000
  0.00001663835436900  0.00002628663475620  0.00003725415816449  0.00004633592157432
  0.00005483756949605  0.00006273409353910  0.00007742699678481  0.00009987241406398
  0.00012365840986929  0.00015037188371384  0.00018127030399780  0.00021416813258202
  0.00025203532181843  0.00029483697863639  0.00034057358169595  0.00038878883939632
  0.00044256117176223  0.00050106157176536  0.00056550530944230  0.00064344504391563
  0.00072730991037488  0.00081458136552427  0.00089745430049151  0.00098459035690091
  0.00108368839069097  0.00119062423236390  0.00129836532234341  0.00140845830785420
  0.00152324978694306  0.00164458318879745  0.00177465356094408  0.00191498165238840
  0.00205655793814751  0.00218493859508184  0.00231591270165928  0.00245630916447748
  0.00260313739302868  0.00276269084456185  0.00292348968865865  0.00308637282117264
  0.00326718345164219  0.00344365791215504  0.00362567958110431  0.00381013596462273
  0.00401758254553567  0.00424774340488221  0.00448550692375321  0.00469777864319333
  0.00488299170360016  0.00506501754232600  0.00524893813563245  0.00544179071178265
  0.00564060269531813  0.00583730755139688  0.00601972356591916  0.00621083418443840
  0.00641066583819287  0.00660840757036403  0.00680088858661303  0.00699412400548743
  0.00720773138139161  0.00750117424252439  0.00773320892052920  0.00794616063197357
  0.00818980466982808  0.00852666187305927  0.00884122313252735  0.00912086330343046
  0.00940295489539281  0.00973422788538368  0.01013962091288123  0.01057917085005230
  0.01089957063714437  0.01125519772413765  0.01155527074396122  0.01191785577214975
  0.01230030221040202  0.01265512314063809  0.01313574555912448  0.01364160524328277
  0.01422295382895965  0.01490967442046536  0.01568386161706691  0.01656234445436523
  0.01755760341046206  0.01869434155238761  0.02001456472752516  0.02199554727437351
  0.02523564532658414  0.03533325208282206  0.04665956730381796  0.05702668449712523
  0.06819336729562317  0.08638110843771565  0.11074497839307480  1.00000000000000000
  0.00000780048317059  0.00001233463198955  0.00001743235955854  0.00002480032319179
  0.00003304949667962  0.00004211137255764  0.00005158142097446  0.00006305301353610
  0.00007702226751173  0.00009240260062717  0.00010727612009281  0.00012202896090100
  0.00013782447599139  0.00015489654999094  0.00017181299743766  0.00018834161349563
  0.00020510904384989  0.00022184617708596  0.00023911532121256  0.00025926241114248
  0.00028097326986135  0.00030342881281177  0.00032476737393268  0.00034577043198412
  0.00036770898983328  0.00039102894357643  0.00041524596105290  0.00044065732505749
  0.00046663343349480  0.00049241171933320  0.00052058636863382  0.00055052979220851
  0.00058124165191259  0.00061177848861921  0.00064557141860870  0.00067969909065029
  0.00071720528789969  0.00075667165690486  0.00079740491284185  0.00083844754857024
  0.00087814005360753  0.00091784624627725  0.00095947259762786  0.00100262197545842
  0.00104594756063417  0.00108840795952781  0.00113094667462847  0.00117493331647770
  0.00122702047870146  0.00128276316022060  0.00134353253450271  0.00140226091657620
  0.00145885678499265  0.00151717021299508  0.00157973251048809  0.00165243856349268
  0.00172913326201250  0.00179695880318218  0.00186270337801209  0.00192759715601717
  0.00200365245242216  0.00208598706542528  0.00219752978422524  0.00233337572756733
  0.00246077463502756  0.00258451429017642  0.00270415915312596  0.00283334574152502
  0.00297792620595374  0.00312860516468275  0.00325895996499289  0.00338780880938575
  0.00353051196761035  0.00374759015015679  0.00400491084490600  0.00430125416383171
  0.00461317356800721  0.00494857565753812  0.00530070426926195  0.00570070736943273
  0.00613138348781319  0.00666865598343892  0.00731908469376281  0.00793158683700416
  0.00853343431028748  0.00917451633437342  0.00992759238746462  0.01085185123750440
  0.01202722797479283  0.01406136585709667  0.01722827748093589  0.02303135093143048
  0.02792841159351987  0.03348700787365797  0.20470740902147991  1.00000000000000000
 -0.00546232088416232  0.02935260201793623  0.05285609631937954  0.07463003777857496
  0.09705124663612490  0.11839821989563278  0.13840734279027062  0.15372745603339041
  0.16758353426308414  0.18045124431276963  0.19238144213007333  0.20420340160176534
  0.21905229560974679  0.23728412051933398  0.25385824429635950  0.26874000055981379
  0.28241172488347427  0.29587893925556485  0.30819745861385900  0.32037572161270272
  0.33259830016844671  0.34535084834608393  0.35629772135724286  0.36649853606658012
  0.37674413924809802  0.38703317948020588  0.39641864932064053  0.40463368222925361
  0.41261074565181105  0.42103029882091514  0.43052769639584637  0.44033597938961261
  0.44901722623698970  0.45765330582411518  0.46654220233949112  0.47582870221698281
  0.48514354049109187  0.49417164575707473  0.50326280925988098  0.51285516471020931
  0.52288482874705122  0.53328009240322527  0.54304241655573193  0.55279450915969042
  0.56314098055961359  0.57351961504705007  0.58281041323301852  0.59118767255919791
  0.59928499637926447  0.60794085835196332  0.61779838709377655  0.62794925375054167
  0.63765830193764661  0.64701220522390090  0.65463997616873026  0.66245469076025332
  0.66963918676657463  0.67586034551810137  0.68203673540514953  0.68828474416078000
  0.69470514311647757  0.70204549024371166  0.70931410263994965  0.71737456523739096
  0.72555767026981544  0.73448997745796041  0.74408905977788853  0.75321706853230475
  0.76225918173869089  0.77118689224054748  0.78004354314348834  0.78881133592065411
  0.79787586676006650  0.80731289312244869  0.81727041729416094  0.82701602492667914
  0.83589904445692875  0.84444522468220162  0.85311187354657558  0.86047303317092283
  0.86788328409704241  0.87591029117449937  0.88407324983708080  0.89232059051663393
  0.90129295089943784  0.91000943905156140  0.91853025047197467  0.92739684549515322
  0.93616096393067616  0.94512654980289201  0.95452197196730659  0.96409370639385983
  0.97328143616409357  0.98241565346801241  0.99105351420305576  1.00000000000000000
 -0.00208265837871569  0.00774735495614481  0.01742496651520900  0.02778108013685104
  0.03776583407518261  0.04747683334137649  0.05743513846733264  0.06791754303145900
  0.07728248713487830  0.08609715967982705  0.09607671054899167  0.10618570329463849
  0.11695809102827014  0.12715115213347536  0.13757729493269227  0.14864163689715126
  0.16028010252487751  0.17239770620723563  0.18395737150402031  0.19383743754222665
  0.20299513367896516  0.21237200956361610  0.22241262024260958  0.23187965837324209
  0.24026340441693791  0.24892145136397847  0.25853390465538956  0.26905270372909951
  0.28096826033742667  0.29277325546995286  0.30333265950301841  0.31366902501019822
  0.32379334929889247  0.33392783061174036  0.34417946259228221  0.35390933857600804
  0.36352770426263487  0.37283079094502836  0.38204546943844803  0.39212125637495654
  0.40248524837674993  0.41396959188199478  0.42571268158489173  0.43850572741317001
  0.45063523944960121  0.46225144366202603  0.47271779626652954  0.48391929734285566
  0.49570401798191360  0.50668204682624585  0.51753737033744296  0.52818987654525418
  0.53834908201716269  0.54838668081225050  0.55806496824034690  0.56804139487925520
  0.57893103215891595  0.58930448528908597  0.59922994678276065  0.60824278161946754
  0.61636049366070966  0.62611890368664247  0.63571262712986765  0.64563866948123660
  0.65616100995043958  0.66728895906714425  0.67827556233910780  0.68865185268993878
  0.69799850779093997  0.70718506315027541  0.71720020426923314  0.72889408920357868
  0.74102125577778732  0.75197839913692399  0.76223582907909215  0.77307851753217582
  0.78489129725801077  0.79661326675646793  0.80842582479641523  0.82117940670921941
  0.83512115880462956  0.84934287417676024  0.86321469723487820  0.87566001107782621
  0.88638104197007872  0.89672245455485067  0.90700935431187801  0.91808602632868341
  0.92874746576848854  0.93887206523028621  0.94922667209806832  0.95957094986313818
  0.97070172837856405  0.98144572199670266  0.99108965727043252  1.00000000000000000
 -0.00257911162044099  0.01105445765216076  0.02248670509512694  0.03338860068821382
  0.04392640758479788  0.05428787500670462  0.06414018118531070  0.07364991033143886
  0.08370803184256201  0.09441121087005368  0.10581307759941659  0.11696895460096654
  0.12759155757976154  0.13702445602454924  0.14621530330128374  0.15530209797431158
  0.16493623650421302  0.17517075452015340  0.18538611742816563  0.19642813103836049
  0.20697693350239710  0.21843691599375434  0.22989162839636537  0.24130113265403519
  0.25338072768663517  0.26613653286425110  0.27910088923144610  0.29154953719570947
  0.30286775981417557  0.31312630505900130  0.32310604310965441  0.33350809233177914
  0.34431796798681297  0.35492550555448238  0.36464686279002034  0.37364673156300182
  0.38200901867077236  0.38998811807054717  0.39844318793658284  0.40781447824440142
  0.41803077150277457  0.42782755669934353  0.43819671376410013  0.44938349030018804
  0.45978209313510227  0.46875798966803828  0.47735281545529495  0.48699964994451428
  0.49869852428476624  0.51081216222515868  0.52125112595995915  0.53138454444631411
  0.54058881520589441  0.54828631338218381  0.55483528753384137  0.56136896735816966
  0.56892527493446743  0.57805716984113187  0.58889356521050717  0.59959091936130171
  0.60954096279482628  0.61869759696695181  0.62748473716193232  0.63662231412883563
  0.64657207725426757  0.65707636837580696  0.66826151171657378  0.68005875109388902
  0.69159500137374508  0.70288562309173919  0.71427575127348908  0.72619558112325389
  0.73889342809134351  0.75389449306111067  0.76874663577267388  0.78201196952837992
  0.79407622160408298  0.80481225184957272  0.81538951528383430  0.82530013157057736
  0.83609921281070487  0.84761587392645710  0.85875423825873709  0.86974696318919809
  0.88056343837410589  0.89206754015667122  0.90394811813614429  0.91603468691066192
  0.92835874217458236  0.94081168615923028  0.95264981218467903  0.96260074213047520
  0.97211979414164718  0.98111820409926465  0.99075359233606819  1.00000000000000000
 -0.00054545999168618  0.00224539773446372  0.00404344972902838  0.00551758585614078
  0.00684817549840845  0.00810439230173343  0.00935805409061215  0.01056221497412456
  0.01169841463487825  0.01278569995326063  0.01386488866881304  0.01492901445484470
  0.01599269925551890  0.01700012228045738  0.01798100844465632  0.01890640007667449
  0.01981658202068285  0.02070293998833655  0.02158616179385622  0.02250580922546900
  0.02336678057172624  0.02415791229126295  0.02494294885039890  0.02576157466833873
  0.02662724907503298  0.02759195591817243  0.02848110430451610  0.02933711359347846
  0.03010781309038207  0.03079977889266888  0.03148764349537540  0.03214295821230838
  0.03287265881967583  0.03365598928890381  0.03443704452954170  0.03514807653738936
  0.03574094373004406  0.03638639944746341  0.03709584479321927  0.03784270566704535
  0.03872604907019389  0.03957642382194941  0.04031977804628725  0.04102027993849539
  0.04174993496205082  0.04241890705356289  0.04323940315006473  0.04426197636868375
  0.04534501500930788  0.04645106875905322  0.04735218171016779  0.04822979164698621
  0.04918449534235227  0.05019687701022072  0.05122686067836450  0.05223848935069184
  0.05316850511703226  0.05404834416429042  0.05481667305592985  0.05563610275593368
  0.05646569038742347  0.05731393075540654  0.05992479119542772  0.06170343299456012
  0.06236002374211792  0.06291793656207208  0.06348185278599716  0.06404550904655791
  0.06460894581100393  0.06527842974910598  0.06622647667813987  0.06743080681358035
  0.06910130190085996  0.07161108212304709  0.07536062895506546  0.07702131274486210
  0.07919221844489700  0.08019346478347592  0.08121770537558076  0.08304642253348579
  0.08862365525374057  0.09106779650301780  0.09373922079315383  0.09662122415962056
  0.09891652426443866  0.10122324602195516  0.10372783485622657  0.12766683751017513
  0.15222162443459245  0.16845124456748026  0.17255667217339196  0.17783336614867462
  0.18622011718725290  0.20049779519562089  0.21464741718293304  1.00000000000000000
 -0.00156706604227893  0.00630143372492405  0.01282362729917449  0.02067005974515855
  0.02865833517900384  0.03712075570958404  0.04638296775917544  0.05638291309660878
  0.06652326237123926  0.07579094291559231  0.08508602319202377  0.09408134332715194
  0.10308932835993545  0.11257415000218784  0.12256601516810393  0.13395053181500202
  0.14555712082768582  0.15677356765498524  0.16742270554842101  0.17794851311395923
  0.18750855126121027  0.19669557105438076  0.20614161588424099  0.21509109565592460
  0.22520914009727294  0.23682894908577429  0.24840954030722429  0.25964221114520025
  0.27047846888294363  0.28028815199279195  0.28999595138027079  0.29949089782196514
  0.30925038870127286  0.32003218650446891  0.33160653898815412  0.34462504283720735
  0.35742527888440384  0.36992521218010804  0.38189566012704212  0.39341818843723830
  0.40424251573875025  0.41577127113943591  0.42794654333569310  0.44007820898171901
  0.45179988562317497  0.46402711034500826  0.47585110171187484  0.48722610750274870
  0.49864683872948373  0.51051266091190783  0.52220528503528818  0.53330071728938233
  0.54486569044679956  0.55763270032701973  0.57067030164261590  0.58287669894107030
  0.59499593294604447  0.60899977422489693  0.62508065500133092  0.64053923313372085
  0.65314207622084364  0.66451931037017986  0.67523307670478261  0.68723166092676757
  0.70157905529883524  0.71554665702882281  0.72658153109899082  0.73675108091911001
  0.74688182393755398  0.75668463991671941  0.76561053736886653  0.77390450655003673
  0.78227368537195641  0.79132524713237240  0.80037199246059332  0.80885416819673639
  0.81695400627539205  0.82532151216067628  0.83416574095013318  0.84370417612731252
  0.85318611934345645  0.86248300633100616  0.87177285426923856  0.88131042493909784
  0.89016023110540377  0.89827677489915414  0.90650390022593774  0.91492163102719426
  0.92460390790073010  0.93536882378560415  0.94541946040946612  0.95577281848808093
  0.96685558826177775  0.97828940974267353  0.98921415249865186  1.00000000000000000
  0.27344062704001693  0.59376841905574018  0.64970383281544120  0.68680908013369490
  0.71935405118433182  0.74581618923393800  0.76681683368485987  0.78522202809113739
  0.80086875957494352  0.81455424013009614  0.82745483251809104  0.83856457835351950
  0.84824233397096305  0.85768143062990387  0.86655527261354770  0.87466825260599057
  0.88177920384159603  0.88845318797132888  0.89480835214386745  0.89986975497284072
  0.90400393169515636  0.90793944270520655  0.91199982237613875  0.91657840728186346
  0.92013727748719931  0.92371658447472271  0.92711275929795600  0.93051862442037281
  0.93390417265478065  0.93706047648694368  0.93954036080160019  0.94171191944323029
  0.94381774464528534  0.94591270534360872  0.94798988963339592  0.95008687329630670
  0.95216594911611507  0.95423727364298272  0.95623299092782110  0.95806522963703777
  0.95968944313613136  0.96114557962843772  0.96254957641804673  0.96390421147591288
  0.96522116275907766  0.96644253481109788  0.96758681206743891  0.96870703555855031
  0.96979090251845468  0.97086597493489313  0.97194775601494354  0.97299433398587620
  0.97400854158309103  0.97500387225080820  0.97596135226075342  0.97691351296756102
  0.97787667657310440  0.97881656911747550  0.97964357863955664  0.98040888229544609
  0.98111492081698337  0.98182095234628919  0.98253544064157761  0.98324476174421527
  0.98391572260099724  0.98456881551719677  0.98521194994719319  0.98584855447147213
  0.98639589215275802  0.98693920408249936  0.98747596339925969  0.98800967507289672
  0.98857175244691742  0.98911502397075979  0.98964987198751408  0.99017844216045536
  0.99069827000992916  0.99122439198413437  0.99170540863371959  0.99213714464203151
  0.99254866318380752  0.99295015504071138  0.99335097595773980  0.99375424986531757
  0.99418596775908907  0.99461062824160273  0.99502246295179497  0.99541903930715525
  0.99580613747616831  0.99620875175994272  0.99663082181093543  0.99707366256841778
  0.99754635100386679  0.99811227314089734  0.99887841988232717  1.00000000000000000
   1.6719586431283671E-007  -1.0000000000000000     
 F F F F F F F F F F F F F F F F F F F F F F F F F F F F F F F F F F F F F F F F F F F F F F F F F F F F F F F F F F F F F F F F
  <DiscreteSampler_grid>
  grouped_processes
  1 # 1 for a reference and 2 for a running grid.
  10 # Attribute 'min_bin_probing_points' of the grid.
  1 # Attribute 'grid_mode' of the grid. 1=='default',2=='initialization'
  0.0000000000000000 # Attribute 'small_contrib_threshold' of the grid.
  0.5000000000000000 # Attribute 'damping_power' of the grid.
 # binID   n_entries weight   weight_sqr   abs_weight
    10   10   6.271672833782305E+000   9.078366865459742E+001   6.271672833782305E+000
  </DiscreteSampler_grid>
