  0.00391162420928098  0.00775065561968504  0.01336852015500229  0.02046356534228187
  0.02942697671161402  0.03878446156794517  0.04827326415746460  0.05738858311443656
  0.06649177008141838  0.07578350821957526  0.08571860969601523  0.09658607535251040
  0.10713227329125467  0.11686963235040843  0.12691558639602701  0.13716760200049616
  0.14749365686195157  0.15798824278306531  0.16860589534709000  0.17943297436226624
  0.18983658796074243  0.19988887045385642  0.21045277176820149  0.22104865306322757
  0.23185088755042549  0.24208699735781647  0.25260760639910113  0.26308860819232865
  0.27502883330296213  0.28640900896761928  0.29871085689688576  0.31066068029938326
  0.32151848815275669  0.33194938331633539  0.34180647287770594  0.35208173034685292
  0.36195459276694697  0.37206082228927961  0.38113585002809380  0.38984654919494993
  0.39841345304231701  0.40769486633044599  0.41677087919437933  0.42721186420048973
  0.43735344633864870  0.44793729792232917  0.45824665768106287  0.46900099596029915
  0.47998964211791950  0.49100457780319207  0.50147586048339898  0.51135879647382398
  0.52084292513013331  0.53039104397765580  0.54046875743344147  0.55043810289657025
  0.55983563514004731  0.56932510452264884  0.57881307553136319  0.58794343522144077
  0.59706534234782194  0.60642351516347337  0.61584943471130049  0.62575818015311901
  0.63652729785778439  0.64841971887778593  0.66095706487455730  0.67350241789382681
  0.68620620791561460  0.69830943230527120  0.70964047094621929  0.72068150453727386
  0.73216780115943403  0.74452388441474959  0.75681858185421536  0.76843775554385174
  0.77989348639024692  0.79139045428894184  0.80288334409164219  0.81431034608111519
  0.82532580216288487  0.83666217207531035  0.84763277463692177  0.85939557072923289
  0.87120876692430982  0.88318820995429204  0.89539819598231207  0.90691001721148479
  0.91836967968971361  0.92856521781913692  0.93945203582890602  0.95128588440638640
  0.96259195684250165  0.97219359489542290  0.98206485642797581  1.00000000000000000
  0.00268915999619110  0.00490372602909550  0.00556814461361539  0.00618936693244787
  0.00680095469250459  0.00740121615593115  0.00800341455806965  0.00857872667476889
  0.00915194594317992  0.00973233777262907  0.01030601859731771  0.01085610381779649
  0.01139124671874748  0.01193063668874857  0.01248378449958533  0.01305167495449913
  0.01363428966613050  0.01421245481842569  0.01478685705084202  0.01534918646474529
  0.01591093977011809  0.01647927360886174  0.01707771466271320  0.01772336028549770
  0.01841508380303396  0.01910749992484279  0.01981352910662356  0.02051434579949532
  0.02126310748278776  0.02204926361176965  0.02281768597923355  0.02356247185179191
  0.02430071344837370  0.02506098591732317  0.02583361211944631  0.02659210660664619
  0.02734976773166477  0.02811555487186105  0.02887608610184397  0.02965192354558039
  0.03047407325659152  0.03135284100071065  0.03220983924549093  0.03302414116882409
  0.03383155141050277  0.03465296454858949  0.03553586831913087  0.03649376737654515
  0.03751820281505572  0.03865074840836992  0.03986858912246785  0.04105649266229525
  0.04214438181471984  0.04315683831410749  0.04415684888059117  0.04529152952600339
  0.04645858177041278  0.04764513224176614  0.04874886366731834  0.04987235860749695
  0.05108980685381975  0.05250965141212871  0.05394404897667903  0.05540951194861852
  0.05698824484226733  0.05851418371517693  0.06035330246466800  0.06238751536895309
  0.06452055940606470  0.06686427296782030  0.06924865800099228  0.07162487375132610
  0.07428002706354780  0.07731557195804471  0.08066018145627739  0.08419881599472737
  0.08816032330374698  0.09222935187442075  0.09667471819211552  0.10134373636631237
  0.10676155060428634  0.11205871399780709  0.11703858277907118  0.12239697633256336
  0.12858431203044213  0.13587884700666028  0.14316931815115924  0.15038838005681826
  0.15913330893066838  0.17745834925035187  0.20096362333746642  0.22424596209754843
  0.24376422710781093  0.36209728573500288  0.51944492196540648  1.00000000000000000
  0.00007470768731979  0.00008375888274688  0.00008730240284830  0.00009074791861449
  0.00009432019840502  0.00009824190038442  0.00010249203806765  0.00010672164602088
  0.00011081267803478  0.00011478295997425  0.00011889533545402  0.00012297214582435
  0.00012791082265186  0.00013304124666081  0.00013830547740123  0.00014381456556913
  0.00014954370048166  0.00015588942241098  0.00016327245883730  0.00017086867024671
  0.00017870277649395  0.00018675176149463  0.00019511752125272  0.00020397775835416
  0.00021345955817553  0.00022340436593264  0.00023447411723247  0.00024584602529513
  0.00025772521124700  0.00027022957193568  0.00028345104492325  0.00029772727367088
  0.00031310296683299  0.00032933362860572  0.00034759316855556  0.00036669463767154
  0.00038783023360291  0.00040997452036222  0.00043292046412281  0.00045673670229463
  0.00048144321989783  0.00050705653216094  0.00053477592751002  0.00056598924765518
  0.00059948402641102  0.00063494542606662  0.00067186792933806  0.00071435345220215
  0.00076153567867457  0.00081464326359175  0.00087178112300262  0.00093059816460880
  0.00099110783082681  0.00105471484548126  0.00112360746625981  0.00119983686843637
  0.00128222915309006  0.00137574126906791  0.00147337589220995  0.00157484271744101
  0.00169452055957523  0.00182249882849324  0.00196624781720945  0.00213121770700509
  0.00231633811483204  0.00251666644355233  0.00272856563161529  0.00293887038627918
  0.00317042795934101  0.00343342866738339  0.00370004609353544  0.00396840445609149
  0.00426173447101809  0.00458891045035639  0.00496898877447781  0.00539413602130806
  0.00587484903718196  0.00643840972220802  0.00708873588901411  0.00785319845875764
  0.00876022679516323  0.00997340887745396  0.01158870955736579  0.01334787987958524
  0.01533383676199691  0.01785860831109187  0.02045164818991035  0.02296643034723423
  0.02618511728992710  0.03046258421159828  0.03615498337111735  0.04411564242053808
  0.05352931707146200  0.06591288084582078  0.11107776238344144  1.00000000000000000
 -0.00362326502221336  0.02012692547936689  0.03799652028034048  0.05556130544800786
  0.07274176933277551  0.08789595339732099  0.10085828704511028  0.11350090151450407
  0.12630218615035477  0.13793684192490444  0.15126064100207406  0.16758698631010613
  0.18421026768265195  0.19921181780599445  0.21255406331205728  0.22537030997027496
  0.23809208588347683  0.25143105392582143  0.26528929107731053  0.28006411917868440
  0.29469813851270937  0.30819780326535628  0.32121832673598782  0.33393475949359258
  0.34593750867310041  0.35767350474090709  0.36891727445919570  0.38007507807812224
  0.39125011656204423  0.40318066597130731  0.41568862519930483  0.42743966536625089
  0.43890183050755271  0.44977701644783752  0.46020185579438949  0.47020980015274061
  0.48033416258286471  0.49130727972070148  0.50207324981572676  0.51255683214122860
  0.52248106939825323  0.53279906624464879  0.54329183117632307  0.55398130242231514
  0.56413401262190077  0.57359020825709206  0.58300864636797978  0.59236942834024719
  0.60136251391118956  0.61032426856572408  0.61967365673067420  0.62893926246008480
  0.63814991824687928  0.64701904476204786  0.65569784034635670  0.66440154389687089
  0.67336042282955855  0.68298981131941539  0.69300427404777432  0.70287754318116780
  0.71193805938367349  0.72040543267352242  0.72847234304766284  0.73647950780815075
  0.74469281424397793  0.75347293899792855  0.76272425174816516  0.77174856205856512
  0.78040606953354263  0.78879065770785806  0.79687179302848743  0.80465317901466960
  0.81232275591565750  0.81994984261580495  0.82751453116472429  0.83545757270664145
  0.84434643961661782  0.85261960274003745  0.86121657704452026  0.86991278491709834
  0.87843869317458112  0.88732964580445783  0.89634893728468967  0.90491380409775735
  0.91304150288797314  0.92100684551846668  0.92896007284906879  0.93679591623248692
  0.94462027729733167  0.95225088900635002  0.96005283725389923  0.96822336260351460
  0.97642971778799681  0.98441954350146132  0.99232611677038918  1.00000000000000000
 -0.00163036813965043  0.00876934038777915  0.01763750628948014  0.02676626080379077
  0.03600906158433945  0.04535892142211900  0.05457317298197002  0.06414331377525380
  0.07519026805783643  0.08674689686829140  0.09847194419732137  0.10988177465907868
  0.12110602827986529  0.13256827206668337  0.14434043930787918  0.15641107028588244
  0.16821777834658633  0.17938501907586016  0.19006225282692421  0.19967530473449796
  0.20886147121706505  0.21827590796674048  0.22785752348166993  0.23690860883141640
  0.24537596225762714  0.25428582545163386  0.26339315253361012  0.27263389762139717
  0.28205492975163654  0.29184079936547813  0.30289342594681279  0.31409142886465585
  0.32528460451316715  0.33677204572801184  0.34905413572456478  0.36132398242711761
  0.37297372683422914  0.38330720158526249  0.39311907549885655  0.40248336082182784
  0.41121931875662027  0.42056396029775828  0.43042930118168676  0.44103219185764042
  0.45175017395454170  0.46305293746820586  0.47477724835576840  0.48646775430809908
  0.49720592427359500  0.50795680767316775  0.51868765770128922  0.52942077787441755
  0.53985696716534071  0.55004150296150434  0.56022075100948332  0.57037241156336349
  0.58093808302674199  0.59142965102934864  0.60249787266671107  0.61380490962835221
  0.62529798822868299  0.63650130056784804  0.64824230486309176  0.66049926456406760
  0.67151998376855093  0.68141155661129105  0.69084892039413148  0.70051506666232388
  0.71022400162223953  0.72008804762642453  0.73041881129673059  0.74095697649769710
  0.75105030317438015  0.76094440077891823  0.77060279614582516  0.77993603127435707
  0.78961203799737822  0.79983290900479953  0.80949178251731368  0.81950086411093359
  0.82997610681742895  0.84157205625725118  0.85399888317861006  0.86680022374523302
  0.87867910302365237  0.88917805120322058  0.89905629134318643  0.90999656565410314
  0.92112853266576900  0.93341040993016888  0.94553972096387906  0.95747847465150993
  0.96821263136419145  0.97906123395727251  0.98955198747253514  1.00000000000000000
 -0.00298281672753364  0.01193689110585154  0.02515227905819121  0.04004516802443616
  0.05557910304534548  0.07222527565451003  0.08909178449732111  0.10592056458908480
  0.12293084093042622  0.14047496790081052  0.15825989708000096  0.17553233055817802
  0.19285284498400751  0.20990487139373787  0.22732101515381117  0.24531472493515491
  0.26359055435919271  0.28101941653077539  0.29838422865557196  0.31633225250752489
  0.33484348687149296  0.35329339443031216  0.37019741060226147  0.38617610784478701
  0.40173082106166796  0.41712762119726832  0.43243212761794464  0.44759785332370577
  0.46293704639284450  0.47855193901953158  0.49426305481179361  0.50955762545033656
  0.52492357345737806  0.53947180482771184  0.55325210214517051  0.56674309653920241
  0.58043613295301000  0.59396727817350325  0.60743403334327717  0.62137451091263796
  0.63558342074348861  0.64914137664519189  0.66151777388088795  0.67301833123289900
  0.68421263277494582  0.69501277390420235  0.70554979506713245  0.71577017409849963
  0.72571894574629536  0.73515450850280306  0.74429948980616323  0.75336208778355662
  0.76249525454756628  0.77176644428320140  0.78102079154334270  0.79023235557644111
  0.79900985613316622  0.80724918667552070  0.81490790038204808  0.82235687191855611
  0.82988910818247197  0.83751281977574110  0.84475449638114897  0.85170352157926688
  0.85862603566881734  0.86545111618830550  0.87231771409575243  0.87883405853992125
  0.88489167022454907  0.89054791812729450  0.89595736047946573  0.90121948550381237
  0.90637041432156529  0.91173030313856451  0.91669794111775194  0.92169617863532260
  0.92660176311337339  0.93146503462984598  0.93626657987029460  0.94080062430618816
  0.94491705210551380  0.94909152448650969  0.95337349077174360  0.95744082362493776
  0.96121422739951345  0.96487819193226665  0.96843036525573778  0.97201936365067587
  0.97573396550961689  0.97947734225475658  0.98323354577395328  0.98679860380037276
  0.99009204120835348  0.99339375116069883  0.99662832405708734  1.00000000000000000
 -0.00223501638730308  0.01094536827933699  0.02168058730536926  0.03262566185509613
  0.04335520393763276  0.05368867119612319  0.06360066054163881  0.07360295650793917
  0.08400820265308556  0.09411122521863662  0.10442430916814732  0.11493237597489260
  0.12624346689950136  0.13728370490368880  0.14821117559080577  0.15856283565688767
  0.16909229471680395  0.18003415501196934  0.19091451550757224  0.20178057429421944
  0.21228538578739040  0.22239672671639299  0.23217808030865161  0.24184033238991945
  0.25239417139540815  0.26403923813419133  0.27502692906051429  0.28480045272600674
  0.29491531243885594  0.30531233853399325  0.31493503844476961  0.32408759242966700
  0.33279337111663826  0.34378348604237807  0.35475837042369796  0.36606205995073904
  0.37626812862815956  0.38665291698529231  0.39687930212517153  0.40743317779401778
  0.41806962612741205  0.42877580657501713  0.43905585001588682  0.44863931056798578
  0.45773635879404567  0.46686358071140671  0.47610715735736131  0.48509627786780035
  0.49386508140037111  0.50334182772220804  0.51441409166539187  0.52609948097116688
  0.53734475512484525  0.54843283047840763  0.55962651102562166  0.57070944965051429
  0.58120598961390102  0.59160013417690083  0.60194347867531817  0.61242367458650304
  0.62278721056553965  0.63278160624824198  0.64275855737818155  0.65335518641322055
  0.66443985706848097  0.67543018895270401  0.68602299381787413  0.69583062860528566
  0.70550577989932117  0.71533528931446688  0.72504977612500809  0.73465213414099972
  0.74407346102243777  0.75443741295358513  0.76607148836036365  0.77774273861251897
  0.78961226437536336  0.80206474726971766  0.81449670877091251  0.82615646077379334
  0.83744071034509104  0.84863899698174527  0.86055711991971562  0.87232159261012898
  0.88282404992847585  0.89302031110192559  0.90365910436075281  0.91461301765539771
  0.92514796480284878  0.93562989178014788  0.94667777383260643  0.95770574370581119
  0.96826293829997179  0.97841336518285216  0.98919648580011388  1.00000000000000000
 -0.00222113464125933  0.00855535149097600  0.01829760908887084  0.02892168525439419
  0.04027582746896513  0.05115199074883200  0.06091238805639909  0.07090529706174947
  0.08092517737254945  0.09106890858174650  0.10138697347293736  0.11211689119599880
  0.12367491937458268  0.13407482849301613  0.14452640440610467  0.15501118529890873
  0.16532080927414275  0.17503982327796999  0.18391041925181043  0.19282103852985755
  0.20254863429713710  0.21364880560919677  0.22608770601767425  0.23823012782708211
  0.24954769578825992  0.26046439491759193  0.27140063165393308  0.28232517749018798
  0.29354251090945926  0.30503314682075167  0.31666353741941555  0.32709375577245292
  0.33724581399578968  0.34728877496295113  0.35745772339505993  0.36664690218407914
  0.37659819314040871  0.38655609598030277  0.39688214511536635  0.40685881633147464
  0.41770173326692683  0.42954167688866940  0.44086950797349905  0.45152877284583592
  0.46153077649799362  0.47037405308545877  0.47965276596117817  0.48920504008384702
  0.49876585031523091  0.50817108311701520  0.51758789436809782  0.52734389021618799
  0.53746558228804386  0.54772559271396215  0.55843793959698929  0.56915128872773524
  0.57945205846832748  0.58986039684081093  0.60082099269563316  0.61208790890604858
  0.62314474286880928  0.63403941840441802  0.64491494251077208  0.65615048690310407
  0.66775187077245013  0.67895730555223210  0.69002155305905044  0.70076262528339450
  0.71142765168149225  0.72170884700325766  0.73266292711098235  0.74399095789690572
  0.75575367580154418  0.76756093680158255  0.77996828388018535  0.79258622583958083
  0.80494256326239133  0.81685889997678873  0.82742658722482887  0.83703852887932184
  0.84664727560029707  0.85615095407862263  0.86647278676833595  0.87631008870633609
  0.88577006230634503  0.89484697524528312  0.90394622129598101  0.91339600519062192
  0.92287929073437902  0.93270397708226571  0.94358744009286033  0.95455020633714660
  0.96510680038716723  0.97565263650484424  0.98737094756651123  1.00000000000000000
  0.17845262913105020  0.59975880442550134  0.62625948554791133  0.64865607118189850
  0.66976462937827130  0.68632105249505715  0.70065262220662095  0.71412771997861080
  0.72736210955274849  0.73892623274134606  0.74965525727985294  0.75997385652852456
  0.76966686343994328  0.77755822555742959  0.78454309596340877  0.79160239041313418
  0.79822084668477733  0.80473332128495800  0.81123244130554351  0.81743176491466762
  0.82336719499805366  0.82895472217041533  0.83414225273058140  0.83892224598681542
  0.84344908907486171  0.84790840950382951  0.85227770582735751  0.85649856248371681
  0.86069736437543720  0.86480817367132390  0.86878960262228799  0.87265543507293952
  0.87636494071864479  0.87990053940662771  0.88337705311785275  0.88660736161326148
  0.88970106965248019  0.89279471873245031  0.89579346548221339  0.89865232048623578
  0.90141528083334221  0.90411457829398478  0.90672367762382566  0.90924148662252768
  0.91173609984424653  0.91424124043095389  0.91668558428600999  0.91892465708894766
  0.92103302177456947  0.92306587005677121  0.92499309939577312  0.92686329572416604
  0.92875123041639707  0.93061702813348712  0.93241039494911604  0.93416730589121388
  0.93586882672950533  0.93752121349879936  0.93912544246019014  0.94069658965780745
  0.94230805167909437  0.94386192154855630  0.94542667383794843  0.94697489442463945
  0.94846875942583730  0.94994875457456085  0.95148645027331147  0.95301008108070751
  0.95457151177314992  0.95613118997927138  0.95763560574801510  0.95909515016506930
  0.96052549027196921  0.96191074442184066  0.96325019452127458  0.96461503530067394
  0.96600987421208540  0.96738407869230902  0.96872199159641148  0.97004785899250257
  0.97136659779253764  0.97273527142976057  0.97410828436771535  0.97549421425585647
  0.97686443783808685  0.97821829025076612  0.97959570897519477  0.98103302073780796
  0.98257574448307894  0.98421272163049534  0.98589895590391985  0.98771782560366772
  0.98970271654072028  0.99198205206656975  0.99506395166650274  1.00000000000000000
   1.2817155301388523E-009  -1.0000000000000000     
 F F F F F F F F F F F F F F F F F F F F F F F F F F F F F F F F F F F F F F F F F F F F F F F F F F F F F F F F F F F F F F F F
  <DiscreteSampler_grid>
  grouped_processes
  1 # 1 for a reference and 2 for a running grid.
  10 # Attribute 'min_bin_probing_points' of the grid.
  1 # Attribute 'grid_mode' of the grid. 1=='default',2=='initialization'
  0.0000000000000000 # Attribute 'small_contrib_threshold' of the grid.
  0.5000000000000000 # Attribute 'damping_power' of the grid.
 # binID   n_entries weight   weight_sqr   abs_weight
    10   10   9.375525731800490E+000   2.519087741008115E+002   9.375525731800490E+000
  </DiscreteSampler_grid>
