  0.00317551935788291  0.00894201280888249  0.01570116231618137  0.02323781607671949
  0.03018279442775534  0.03836875057795516  0.04677635560807283  0.05503843494240752
  0.06392073107638052  0.07322629495272251  0.08358392190106617  0.09475482795213906
  0.10708390409094952  0.11957737707425460  0.12949039798189194  0.13874628543000189
  0.14813092189413499  0.15806895991938708  0.16851590639616501  0.17858757870965453
  0.18899535790348260  0.20005705149086914  0.21104482300086719  0.22260132319834569
  0.23333627578417812  0.24334389548597923  0.25383898553769529  0.26480009480001576
  0.27604655105729803  0.28671894939272768  0.29797657705214836  0.30932937446719150
  0.32014571936966629  0.33136655175716428  0.34465670708883933  0.35956151061345537
  0.37387485730283609  0.38560223999374205  0.39635901995388306  0.40636483801004813
  0.41692686605629942  0.42655951920894275  0.43729633814276309  0.44858279038570842
  0.46070370715993225  0.47356253970019824  0.48563341066706106  0.49748423353243915
  0.50970064388712899  0.52172717360423115  0.53232541723141502  0.54193721802965977
  0.55151672162107057  0.56173374581294566  0.57279576176741098  0.58468532024878273
  0.59717266228412846  0.60975895630824839  0.62240754871144932  0.63454219873505324
  0.64599601012979124  0.65642711493825201  0.66617630219075374  0.67638886653230412
  0.68675068027715058  0.69784122180349017  0.70984371944743585  0.72263243455844584
  0.73583930027805833  0.74879283436645883  0.76098026596057722  0.77233754161643187
  0.78285739069525806  0.79279455397527920  0.80245503307372634  0.81237017255585597
  0.82208125706473001  0.83122846584310128  0.83928564296707919  0.84707690020433157
  0.85551976245698569  0.86398051726485114  0.87256565296382749  0.88143002468525167
  0.89030101306668863  0.89944998613410498  0.90919345614083535  0.91857922749843135
  0.92791951734395184  0.93789940812775896  0.94893175941062313  0.95982647177659186
  0.97007867877247456  0.97990585367741900  0.98984048360880883  1.00000000000000000
  0.00220650309631656  0.00465246923055623  0.00569013999696388  0.00695212775151211
  0.00806868738319242  0.00910030307522781  0.01008101905116787  0.01104106560991633
  0.01197554110716237  0.01292731971053523  0.01386298537633200  0.01475623361666957
  0.01562452056691926  0.01646727859145918  0.01735854082731205  0.01831492960052231
  0.01926136187627246  0.02023206901447411  0.02123076898344129  0.02222053871737611
  0.02328751850781593  0.02440597937439081  0.02545505747066351  0.02648080158127833
  0.02756439771798177  0.02870301049705619  0.02988764818978023  0.03114292194228656
  0.03247975068853336  0.03385897747639127  0.03517219273674461  0.03654440030331023
  0.03794196751589976  0.03936330044422262  0.04095489897338017  0.04256394663540464
  0.04415553703028053  0.04558308294599837  0.04700517160249994  0.04834042122511930
  0.04965367554476521  0.05097943719044198  0.05237151762656550  0.05381651270549440
  0.05523663092716023  0.05667560337125243  0.05799820662479678  0.05941355621691878
  0.06117148405588370  0.06322437632563499  0.06537190599250073  0.06747654062386874
  0.06964369865042458  0.07200944166952734  0.07446161872453907  0.07665683976569224
  0.07858737149773742  0.08044520854904660  0.08226352128417788  0.08422238577582615
  0.08686467825613674  0.09016226420596538  0.09333944555133467  0.09633311757105602
  0.09897990233432283  0.10245561671151801  0.10659618225394549  0.11171357509824804
  0.11754232425141160  0.12246982833208325  0.12654027241155721  0.13014347369322465
  0.13345741910540243  0.13681513841315698  0.14088306807504522  0.14605103585794182
  0.15169385153157233  0.15667442761477521  0.16141181971603927  0.16595373249032624
  0.17140224247807670  0.17794946083099608  0.18467289371732318  0.19099804206963542
  0.19867999248656060  0.20613671264319749  0.21496799479691878  0.23843856369922226
  0.25361000149115653  0.26396960891256915  0.28232759792196893  0.29727467096009041
  0.31397380598210739  0.33509753721505370  0.39695581936627494  1.00000000000000000
  0.00007848398365486  0.00008162974441811  0.00008456284664705  0.00008738489611726
  0.00009062625693384  0.00009454129841231  0.00009912934980905  0.00010376248044617
  0.00010835396907012  0.00011290582266512  0.00011779042435979  0.00012215359911613
  0.00012654200608290  0.00013101082623493  0.00013565590558576  0.00014142991787721
  0.00014751592533764  0.00015398588043489  0.00016172848608170  0.00017023367973135
  0.00017847666212131  0.00018599163480138  0.00019385051622387  0.00020333307572848
  0.00021452434075340  0.00022757649080027  0.00024150958369847  0.00025496318199912
  0.00026875202556389  0.00028269200804859  0.00029740109547615  0.00031448791885527
  0.00033332165912244  0.00035450978665763  0.00037770291695650  0.00040116139561528
  0.00042393756484387  0.00044699108504359  0.00047247751150450  0.00050204596224475
  0.00053537628340043  0.00057150834885216  0.00061292387235659  0.00065992770482230
  0.00070845859400595  0.00076093294023391  0.00081522717543835  0.00087062610793390
  0.00093102169540177  0.00100363199683395  0.00109637646800399  0.00120152172819612
  0.00132058629486669  0.00143693125912265  0.00155406113108066  0.00167437806928656
  0.00179892694829147  0.00195634024037531  0.00213174036644409  0.00232939809377831
  0.00256381203953777  0.00282517925127921  0.00310963988532106  0.00341416263551345
  0.00374034374814871  0.00408570640782911  0.00445040160936073  0.00485605026129999
  0.00530053416883342  0.00587316766565692  0.00652519130653329  0.00721461446120661
  0.00785248016023499  0.00845414842188127  0.00906210652335697  0.00978093702302025
  0.01072707812015207  0.01186722021326025  0.01317374831879914  0.01444167336339287
  0.01576340635402699  0.01737545249136892  0.01927230046680381  0.02185406290481949
  0.02531483191223309  0.02935471648714820  0.03376560496366496  0.03896376360121746
  0.04496162379147590  0.05349327371178705  0.06707184196212625  0.09564860455585548
  0.13151611261670931  0.19564426081667036  0.46501206900240155  1.00000000000000000
 -0.00335803794432534  0.01659783757019891  0.03203969010943674  0.04742709813036228
  0.06433305631812467  0.08310478656855994  0.09760787550926020  0.10881289337927910
  0.11967879697374895  0.13189896280197227  0.14874616984468808  0.16499670826015875
  0.18093435840435396  0.19652650818001585  0.21151547759242631  0.22606367745371586
  0.23948341330628456  0.25248204407498559  0.26588068886852101  0.27827146616949261
  0.28940449206167779  0.30051563859322039  0.31231618575866960  0.32520253897335716
  0.33736530965959283  0.34779816100575661  0.35694594285509501  0.36475000452900158
  0.37282768651918480  0.38147685312163321  0.39113509304978911  0.40036141185418106
  0.40997722610528625  0.42018411528972599  0.43111116094932972  0.44211972622928769
  0.45280076285162107  0.46271153571376233  0.47175142996716252  0.48185121274667364
  0.49179293236140564  0.50156629980260692  0.51046549593737789  0.51870165066072194
  0.52714367547877217  0.53587465443336701  0.54536559685923902  0.55472015511972950
  0.56354544557951070  0.57261127125506406  0.58244106174346988  0.59245831855115794
  0.60227030568917572  0.61214303007926474  0.62255511419767662  0.63289736465221247
  0.64348201009588590  0.65361597766284407  0.66350175939946998  0.67295369654617787
  0.68179446139058564  0.68992199206499893  0.69767003703009989  0.70546844649340534
  0.71436577737528995  0.72401870977729166  0.73353801309211930  0.74291208146146803
  0.75255294847266696  0.76239831652878265  0.77225363392535218  0.78195875854218355
  0.79128096232710921  0.80059365096069401  0.80956715100397636  0.81901213621204616
  0.82868711902636205  0.83781263357537306  0.84608968254563144  0.85366060773440755
  0.86092556556707711  0.86830734830137402  0.87652956830506690  0.88480248047413124
  0.89373949444019085  0.90295691621853802  0.91223285400678122  0.92068235130413223
  0.92939502928459095  0.93852922460520904  0.94879299109998672  0.95967756094764822
  0.97050777149286382  0.98078315713381481  0.99066091351819363  1.00000000000000000
 -0.00295068401433332  0.01233859488235210  0.02424088674444545  0.03648280471114947
  0.04687453011717907  0.05748134343167974  0.06747161359738682  0.07815121851767079
  0.08931828764671594  0.10007756660398663  0.11042196749668723  0.11970745929970415
  0.12808612393421992  0.13605538506675255  0.14538777865148769  0.15624451391429706
  0.16761416902882173  0.17895522719316095  0.19009908273136694  0.20063245505885560
  0.21065053426362965  0.21992428192352265  0.22962069985753619  0.23991442092034973
  0.24878168639751472  0.25877026006833487  0.26881328106232183  0.28030980660454202
  0.29293744565106677  0.30548097149343811  0.31617298602766580  0.32676063661822524
  0.33679949228616862  0.34764375899684713  0.35778807850768013  0.36683008411492157
  0.37544770818860285  0.38409897134478915  0.39312321732139249  0.40471262452595902
  0.41566103328700005  0.42626786648034909  0.43613640469534115  0.44548175280835822
  0.45520771435457341  0.46579765611949447  0.47624684597265465  0.48576542578100768
  0.49444072355666746  0.50307368060460589  0.51157049649549313  0.51984193376845456
  0.52829969695473011  0.53755337645274881  0.54848652254053487  0.56105873488891089
  0.57467024516664866  0.58852632101549585  0.60173676458694869  0.61233390982066993
  0.62238510840040995  0.63199818986298661  0.64185708589992907  0.65183644237172023
  0.66265240781469270  0.67441848674907112  0.68660333327914191  0.69892126575391378
  0.71081910862996212  0.72236430377912930  0.73417629322365341  0.74558723520616477
  0.75726828528013357  0.76786568915509956  0.77841475036878005  0.78822570780612133
  0.79789325645675424  0.80726328828606475  0.81701513793547276  0.82741234625860216
  0.83870046750825378  0.85051342922367990  0.86285757117186834  0.87519146753902188
  0.88715478794807923  0.89913971250267566  0.91048461311143003  0.92096201126714861
  0.93017437762022515  0.93981181308569417  0.94983665104065484  0.96022319694386593
  0.97036799037779331  0.97942834711805171  0.98962443771460773  1.00000000000000000
 -0.00192131532775126  0.00890725617227448  0.01963833201546763  0.03377078258402954
  0.05080872680721522  0.06869070112764951  0.08744278886710054  0.10762568755230403
  0.12937557387336598  0.15248785964220976  0.17589912611265601  0.19851638769166169
  0.22137289259812881  0.24277139201849701  0.26271628561320970  0.28391296177834946
  0.30604380485028437  0.33038226701877549  0.35268957485661845  0.37221382625782157
  0.39107329816295894  0.40924035082139271  0.42748983725395440  0.44533208151189907
  0.46270399698722781  0.48009461294197348  0.49799584129796631  0.51549119479221095
  0.53283429654525050  0.54866172555697856  0.56507343545649302  0.58211821129184682
  0.59830645469962118  0.61278752536945591  0.62598404678576247  0.63848291564516568
  0.65075183674292436  0.66335717020950480  0.67485454100214326  0.68719915716425350
  0.69898379708998337  0.70988364241355884  0.71877655281215369  0.72757378553556762
  0.73595784713719747  0.74393672695630897  0.75149167940788686  0.75904975822340859
  0.76671899435359914  0.77444681478955635  0.78207586012851471  0.78963944502886640
  0.79757481841339517  0.80590305438510668  0.81408017223119611  0.82203188386460269
  0.82958616361381521  0.83689910698496717  0.84398386593126606  0.85143931561589470
  0.85821171652412298  0.86513782935330230  0.87234706932603889  0.87894708774400510
  0.88451490160366419  0.88944117690906432  0.89440807868669459  0.89896296365644390
  0.90343869351241812  0.90789995031853576  0.91203636239666752  0.91624694328754297
  0.92040663063324013  0.92461154064830242  0.92877043782127200  0.93292173801793321
  0.93757349171261539  0.94106701414348515  0.94446568766426942  0.94785171082536246
  0.95121233201174560  0.95452519425752902  0.95786292967610176  0.96165480365833633
  0.96552063964297463  0.96922930783808181  0.97280619460455675  0.97627152357701286
  0.97953159033759718  0.98243753331943562  0.98519750089216374  0.98786746586777452
  0.99064086350354097  0.99352449765612050  0.99659553021655389  1.00000000000000000
 -0.00245578976981881  0.01154673988756992  0.02189486001570533  0.03254911832620012
  0.04263469060085420  0.05274759753234283  0.06305339842179193  0.07354219618831358
  0.08481484925395343  0.09662474180399350  0.10816865839046517  0.11985940195223464
  0.12999594716719995  0.14020109572789499  0.15048291713301823  0.16155406713615342
  0.17402143280193388  0.18646258903314933  0.19834170135142115  0.21035836216538761
  0.22222582410100633  0.23373821959131005  0.24440121055716607  0.25446960820682907
  0.26413055218791220  0.27398689378825014  0.28420761968047065  0.29515244222402531
  0.30688731516384077  0.31834767499882377  0.32999182555634876  0.34258472264183437
  0.35511286890799504  0.36600088251168877  0.37509532100329795  0.38321799234887349
  0.39157871482832707  0.40092339153100826  0.41085230342303147  0.42009270610178912
  0.42878204072509035  0.43785305941565833  0.44768676250386169  0.45749629402071418
  0.46708922541598707  0.47730540193029336  0.48871341770830218  0.50001610023569487
  0.51025074263545378  0.51946889932261253  0.52824069702199483  0.53707590179819853
  0.54577799187596887  0.55378394066902104  0.56185345407656639  0.57115638750476672
  0.58206092198160131  0.59308438170058897  0.60369400211995117  0.61584589936624934
  0.62740632814028796  0.63861704825225618  0.64951620965570911  0.66002646917229280
  0.66992603872784073  0.67792237782612863  0.68603224487394321  0.69447291995927729
  0.70408849296228115  0.71420105879680318  0.72434112936563111  0.73454916671651072
  0.74533837466185782  0.75612952772494846  0.76748368513708776  0.78020235217394052
  0.79317032512298558  0.80456357888720109  0.81516144761678366  0.82520987380590116
  0.83601977455453025  0.84585045288223404  0.85601067446836454  0.86678116354097157
  0.87886249615169287  0.89219849122747685  0.90408640498956927  0.91448511711189129
  0.92470962583021032  0.93499407027429393  0.94554237069957914  0.95669078896544824
  0.96771837310658271  0.97889600398709731  0.98955259524560080  1.00000000000000000
 -0.00308042957728395  0.01199501940772930  0.02400919780993054  0.03583859120943578
  0.04785515173273764  0.06015464519283290  0.07341376045962621  0.08570348690660344
  0.09707637704790638  0.10863389038357675  0.11976461715728373  0.13049138457163523
  0.14047458337072302  0.15090620014791131  0.16133339204661920  0.17043204195427522
  0.17924970263438827  0.18827358172766076  0.19901884863307118  0.20967954286955109
  0.21961596133341099  0.22881928575907864  0.23784520453266519  0.24723099886798733
  0.25666386649398215  0.26581901562714172  0.27453878920092295  0.28321518986987804
  0.29289564008504115  0.30516017177516136  0.31838727252898802  0.33120152523425478
  0.34337675117356325  0.35401062269539252  0.36427040305758751  0.37354182666686775
  0.38411214790455711  0.39582939745350743  0.40816122933821808  0.41987642570283146
  0.43071192489814963  0.44161106408402068  0.45213905938883159  0.46259322543805176
  0.47258819309378808  0.48328383753113557  0.49399904845687742  0.50382294723925614
  0.51264757310468378  0.52206604945444168  0.53291106377261455  0.54440099585331392
  0.55462017577938483  0.56374928706903149  0.57208917683802751  0.58073438011892031
  0.59024469909894539  0.60086096699734926  0.61157507143743361  0.62201574895399259
  0.63236115288730699  0.64292171671026377  0.65393092599577274  0.66607387247516314
  0.67862985325456504  0.69109721933705959  0.70290054571339888  0.71390712393508216
  0.72466647887339164  0.73572457360105470  0.74602362292781887  0.75470468382248113
  0.76332822801214661  0.77253565450289985  0.78286190451478266  0.79316446293985621
  0.80308652744034204  0.81329971069129303  0.82371707673549155  0.83485765010987889
  0.84558766135998154  0.85593507098598687  0.86485451200949948  0.87339854878646139
  0.88251490099195340  0.89270877538352722  0.90399222431634785  0.91477026229011660
  0.92407038423123122  0.93296349384660082  0.94209820284411327  0.95272861096626726
  0.96363856233924727  0.97541563856058322  0.98704681550737139  1.00000000000000000
  0.16755667961503357  0.60204058481561273  0.65908765766265454  0.69615221463079424
  0.72552945245770561  0.75126698800614500  0.77367950764738602  0.79191350279574058
  0.80639020604833977  0.81921114754411850  0.83098499908100243  0.84166453842348421
  0.85198513726811886  0.86209779728048130  0.87143694971572994  0.87933892946087944
  0.88602564608571355  0.89221079588778607  0.89790974640294452  0.90304125786984235
  0.90797530760418366  0.91273574619124653  0.91720030246345197  0.92121263365921646
  0.92493891212683355  0.92861606629289539  0.93221824838010137  0.93551180718661942
  0.93812191732817940  0.94010999641302018  0.94198101256662226  0.94401889481607759
  0.94612062956227783  0.94813573842061571  0.95003316700934815  0.95178420201659897
  0.95348938342634526  0.95514340257004582  0.95674619961540786  0.95824749000906573
  0.95953847312669338  0.96074906891085221  0.96199754194487719  0.96321422805155443
  0.96438079866634485  0.96544424122602823  0.96646601966495560  0.96746815804081554
  0.96847123298521209  0.96948876658608429  0.97049653642068767  0.97150752966340481
  0.97248788235900196  0.97343024037587567  0.97434681800943279  0.97520603866024613
  0.97601535416062291  0.97681373096307034  0.97759156330016284  0.97842285314583699
  0.97919209481690528  0.97993032348932851  0.98061960671217996  0.98126423505598159
  0.98191774747417726  0.98256477791268182  0.98319417511235330  0.98379631327334494
  0.98438991193127823  0.98503805404361067  0.98569650595298808  0.98632547610409704
  0.98693244798618052  0.98752350609227990  0.98810153520538779  0.98864771011271479
  0.98912173952440774  0.98957182948273359  0.99002622297849918  0.99048501929068089
  0.99095919525009157  0.99143411889617949  0.99190027702515182  0.99237641707809543
  0.99279423279639634  0.99320888218652725  0.99363150584152260  0.99404487620870907
  0.99446819357573280  0.99492766912589647  0.99540197105250228  0.99592086617414077
  0.99654659567610826  0.99734334688819914  0.99842352562726222  1.00000000000000000
   4.8296191981066654E-007  -1.0000000000000000     
 F F F F F F F F F F F F F F F F F F F F F F F F F F F F F F F F F F F F F F F F F F F F F F F F F F F F F F F F F F F F F F F F
  <DiscreteSampler_grid>
  grouped_processes
  1 # 1 for a reference and 2 for a running grid.
  10 # Attribute 'min_bin_probing_points' of the grid.
  1 # Attribute 'grid_mode' of the grid. 1=='default',2=='initialization'
  0.0000000000000000 # Attribute 'small_contrib_threshold' of the grid.
  0.5000000000000000 # Attribute 'damping_power' of the grid.
 # binID   n_entries weight   weight_sqr   abs_weight
    10   10   5.603799405221995E+001   1.770343502780498E+004   5.603799405221995E+001
  </DiscreteSampler_grid>
