  0.00385108970697087  0.01202491583777346  0.02321562330739792  0.03733146645082142
  0.05075795817850476  0.06306916461977025  0.07637869710120754  0.08968596434626651
  0.10353174579921720  0.11497196157762153  0.12670953606787644  0.13801180847960487
  0.14912243692344176  0.16027712944312092  0.17236592373527290  0.18531586563358979
  0.19827780921792879  0.21097447558862817  0.22337253317243441  0.23539677007810939
  0.24728444110225228  0.25912184350240619  0.27023024538194307  0.28091591935898369
  0.29096535316258065  0.30159332881177808  0.31225395545989165  0.32348530452194235
  0.33554679758426703  0.34777202684504138  0.36071638490424041  0.37339711174258078
  0.38601602693586312  0.39816943704660723  0.40937929532026335  0.42059340740548101
  0.43214646047144012  0.44463026508918024  0.45689770007481445  0.46654818519570873
  0.47415209679957215  0.48243011224905413  0.49088889219386339  0.50062024875582301
  0.51068007454930764  0.52160311768154555  0.53418908168077706  0.54794993297436312
  0.56061373497347211  0.57143988572423754  0.58161539644237970  0.59139736591342040
  0.60280669769904982  0.61369535209771275  0.62347094627749378  0.63367879272580119
  0.64492709938637638  0.65628778101577379  0.66686680331815140  0.67747172607153272
  0.68882177425992064  0.70067232052760164  0.71254833034765730  0.72435010409466594
  0.73477342621861430  0.74539099198107139  0.75589585706968887  0.76837152774696227
  0.77984101565637043  0.79006823948808025  0.79910939108318502  0.80733649277612396
  0.81558602222889287  0.82400702730931286  0.83278581652006167  0.84135231869035798
  0.84970340287446833  0.85774802902655267  0.86729617594245534  0.87754966165365778
  0.88646474098961825  0.89709772357093975  0.90796977938938983  0.91862376658851252
  0.92977647199931568  0.94048517067504234  0.95215346851235505  0.96162789529629356
  0.96690558020247797  0.97171305271365938  0.97627545362216317  0.98084973983378998
  0.98593102081443251  0.99017254613042383  0.99121519769396327  1.00000000000000000
  0.00000941243266497  0.00001186623880060  0.00001437529917082  0.00001752373875508
  0.00002146089749826  0.00002625123020783  0.00003237296203368  0.00003894673227720
  0.00004549835103274  0.00005206887186389  0.00006006675378636  0.00006915683162279
  0.00007937949834696  0.00008961584547250  0.00010042875466353  0.00011321413879021
  0.00012550167365877  0.00013790293661759  0.00015067122772926  0.00016401023311289
  0.00017977748983012  0.00019770678527404  0.00021637982239984  0.00023551840098901
  0.00025618923075908  0.00027840003676087  0.00030349493369488  0.00033120438086783
  0.00036011585519511  0.00038788036859179  0.00041486464089180  0.00044099602601513
  0.00046551336453324  0.00048971149485958  0.00051437218578797  0.00053807347272853
  0.00056359215498668  0.00059517222107659  0.00062890017460461  0.00066385988602286
  0.00070352814388220  0.00074221562470635  0.00078387542064272  0.00082811643640038
  0.00087206278835165  0.00091960384760724  0.00097030729363941  0.00102378788605174
  0.00107728212489198  0.00112539770364162  0.00117032268896885  0.00122268334697973
  0.00128284361238922  0.00135469002329204  0.00143956942856449  0.00152567647594281
  0.00160838447712053  0.00169329669607823  0.00177856517625712  0.00187448848394857
  0.00197434856803161  0.00207949202652048  0.00219705348221275  0.00233186208905890
  0.00248135768985750  0.00264131081595887  0.00280774617569730  0.00298220302658614
  0.00318180680544591  0.00339280568284250  0.00358237818615487  0.00376172100107620
  0.00395894735075057  0.00419086838704714  0.00444588115602824  0.00467553698376501
  0.00490558786951984  0.00513894699297111  0.00542888104378595  0.00579611388850611
  0.00625181820303945  0.00683809307367797  0.00745716404887108  0.00818412563346723
  0.00925684422614384  0.01059651588620766  0.01199674536786558  0.01331570807558692
  0.01478813764698270  0.01692592084299233  0.01940530498347443  0.02170296853917578
  0.02782219213348196  0.05802684349061756  0.18784994421140128  1.00000000000000000
  0.00000781956863824  0.00000874460563037  0.00000939763220498  0.00000998381499211
  0.00001058657725257  0.00001118295104973  0.00001177137374644  0.00001240114731408
  0.00001310426066502  0.00001403376369557  0.00001514564786746  0.00001636408827237
  0.00001754104139796  0.00001845292508790  0.00001951432828670  0.00002066042786273
  0.00002213365110801  0.00002377698108086  0.00002594047547396  0.00002766953235978
  0.00002974787640380  0.00003195535249998  0.00003444856467736  0.00003752923602787
  0.00004130776875534  0.00004492349720976  0.00004868018917674  0.00005283130716694
  0.00005739028282682  0.00006230011720982  0.00006801994602985  0.00007451562050787
  0.00008158801063216  0.00008934548743569  0.00009722374997907  0.00010556559846672
  0.00011503677745442  0.00012590532521433  0.00013793569712503  0.00015057293777120
  0.00016463602387598  0.00018054832394021  0.00019818899298439  0.00021935524001089
  0.00024284693748701  0.00026491820534917  0.00028916520389008  0.00031506057149074
  0.00034299694428856  0.00037552816267180  0.00041302973008571  0.00044904546942911
  0.00048702295077348  0.00053096477859741  0.00058588244623155  0.00064715581757027
  0.00070968134061224  0.00077356180315123  0.00083599416440961  0.00091496264909858
  0.00099892538263229  0.00109077331261548  0.00120681378296481  0.00134991348094470
  0.00150706941888155  0.00165886310551969  0.00181582750820668  0.00199969483195597
  0.00219923082942768  0.00240336204502341  0.00260977508434054  0.00285459534519001
  0.00315423645096318  0.00351319650989270  0.00396351272535176  0.00432464359797115
  0.00460651276202282  0.00492986653827192  0.00536627942731783  0.00590487904384412
  0.00662151997034749  0.00784208638031976  0.00958391464297931  0.01129261408333448
  0.01279400003192547  0.01443656419501142  0.01593572026886514  0.01759108827791490
  0.01978727909932406  0.02251771719702965  0.02721534234643940  0.03417231515394544
  0.03962880047768984  0.06637359110271239  0.18473067459700523  1.00000000000000000
 -0.00195944653576590  0.00786563453815796  0.01410421371383288  0.02065379933984455
  0.02726658191057421  0.03393607246693260  0.04210176673054505  0.05113661015189283
  0.06113727102640085  0.07166157352687924  0.08206781056445778  0.09117863056125058
  0.09939818565019376  0.10773867805733474  0.11617400513749201  0.12507069345467353
  0.13401964816136219  0.14255547688405740  0.15223087229498700  0.16278574206011551
  0.17305882183751725  0.18251436450235453  0.19189768696573190  0.20125254709088633
  0.21115158890454558  0.22054241314383055  0.23010934676427058  0.23928878740517576
  0.24872326025845726  0.25860148671742234  0.26787994953668404  0.27595048531083927
  0.28349919497525450  0.29145624004523529  0.30063845020503777  0.31061285055382359
  0.32079633138707880  0.33109026355774435  0.34220480287640836  0.35448044875700163
  0.36685760002773521  0.37934348680104196  0.39150903376793927  0.40328773598509376
  0.41450912940012619  0.42592416847323639  0.43782960727028292  0.45042758848578773
  0.46247808672998469  0.47253955405847675  0.48201290888286313  0.49167591114992548
  0.50308050248654257  0.51433535119344487  0.52457156845658881  0.53386502239688327
  0.54412624043734803  0.55498887435954047  0.56774622079883597  0.57818246500993442
  0.58937164509242423  0.60125350356766238  0.61381880106656528  0.62648912132527923
  0.63801679930134181  0.64791397088018199  0.65779659666256540  0.66838724465849308
  0.68236182603366857  0.69690993988976646  0.71181815993183306  0.72473847015588211
  0.73446002542062261  0.74319205185221304  0.75217942233046020  0.76253152295762905
  0.77501924229758190  0.78625337520613370  0.79670788198317954  0.80723206846419526
  0.81785189027103555  0.82820457056251540  0.83906707588047968  0.84875835635089503
  0.85824474156132424  0.86852655797298695  0.88255982564770852  0.89842799845348198
  0.91270050570914740  0.92604362426234776  0.93946538972625615  0.95336830914148873
  0.96653586230426558  0.97766041271286130  0.98854362862143896  1.00000000000000000
 -0.00245770792805442  0.01082793270787064  0.02220549739166478  0.03253394340504233
  0.04260151150508846  0.05249335554514894  0.06265167472499004  0.07312374020543715
  0.08357307218790228  0.09293981737105181  0.10153856630630415  0.11099180521308663
  0.12130256445922498  0.13207932095855834  0.14266081902480143  0.15219699008025347
  0.16196227110091943  0.17134470233806903  0.18112339473961436  0.19037276505493947
  0.20023540516354732  0.21031434689900713  0.22084232821752917  0.23102342000141515
  0.24352401199372012  0.25591704719407782  0.26790966967245761  0.27867234507646910
  0.28868753904869765  0.29882614160177223  0.30769420535400099  0.31503668939413393
  0.32245170286497638  0.33005287321735005  0.33862030353135048  0.35216018607117233
  0.36417625561353661  0.37612162658684156  0.38666439751547604  0.39716205927453874
  0.40649345324704284  0.41543211760884197  0.42375374651027631  0.43255305325124854
  0.44290805042066156  0.45462601672733705  0.46717392923629320  0.48026725218365013
  0.49402089701704266  0.50682136020887003  0.51771285766631370  0.52756034224687298
  0.53729333736900364  0.54879343736976793  0.56093141010438197  0.57210637034692768
  0.58164104208628853  0.59069152141021908  0.60005882314912118  0.61047097038674281
  0.62139574676339171  0.63173747318437679  0.64214321215552728  0.65273050768758367
  0.66396457048203850  0.67543797583895004  0.68754648490890824  0.70022909007128709
  0.71284141475563167  0.72497538795293726  0.73654443038900341  0.74796447333411564
  0.75921738566760233  0.76996854502812828  0.78028833681673582  0.79060587775457269
  0.80101456314762121  0.81166563495240651  0.82307746762284983  0.83501885935866227
  0.84773583522341767  0.86026517843710004  0.87274542465578331  0.88425295576739149
  0.89343869713398871  0.90129045870819180  0.90888141854323790  0.91695197394580208
  0.92649237836903353  0.93668330505529240  0.94770781987494557  0.95777132438952806
  0.96805457258294125  0.97798221924572282  0.98865026529297351  1.00000000000000000
 -0.00284300841385623  0.01184111672247746  0.02487057476656138  0.03883111248788124
  0.05346286025649009  0.06354707154447786  0.07106559735260191  0.07800453501861047
  0.08581893779345433  0.09405116926405128  0.10271118666779512  0.11203266152864137
  0.12144142017075853  0.13126176348272217  0.14127378812972063  0.15138583535900191
  0.16236166567402216  0.17426796437682521  0.18610859390160284  0.19694555625711521
  0.20696655558243340  0.21707148112170219  0.22733886542625881  0.23925010877317376
  0.25115106294076978  0.26305554444043461  0.27508671693836745  0.28680875038672982
  0.29812832922733318  0.30900921946190268  0.32087575901329884  0.33282440535860813
  0.34447843649369114  0.35507600902900316  0.36511636480795817  0.37555895144613199
  0.38600390591702982  0.39557199485258876  0.40415656745771367  0.41165978696822847
  0.41989562739725328  0.43007764647086788  0.44037174947018098  0.45051907707885808
  0.45875520798570946  0.46662206658847355  0.47462376184473959  0.48235108359377199
  0.49373532175249440  0.50501582808535772  0.51397292362814906  0.52266592444407001
  0.53172700683419394  0.54192413447920806  0.55225469174651665  0.56241587468118004
  0.57441575215254914  0.58675655538177873  0.59692644890112889  0.60665212563756910
  0.61612831610755125  0.62673176593704427  0.63652413238270522  0.64585588513355585
  0.65526368231878396  0.66517612495724943  0.67543714234510399  0.68577540678824256
  0.69604874079955070  0.70665330222351785  0.71925475447130893  0.73163144145972325
  0.74333791455457421  0.75517035592543613  0.76816055277229045  0.78029548544946514
  0.79138138056842466  0.80188967904872888  0.81309990370901497  0.82426602440749630
  0.83528874426569888  0.84633679344045432  0.85809947331838887  0.87019357702270372
  0.88220647285716169  0.89306888953169017  0.90348791858059563  0.91409827831156942
  0.92617892057998974  0.93874171812003893  0.95109486193924975  0.96137110507394785
  0.97160761525478512  0.98133650992250632  0.99041428825731637  1.00000000000000000
 -0.00011697531619027  0.00104294235994961  0.00239092764276156  0.00368605886060967
  0.00495218741400234  0.00625065645639494  0.00752073163874689  0.00875646146139584
  0.00991731201039780  0.01103599334462293  0.01216735236996845  0.01330244147417589
  0.01441366160344156  0.01553407193514194  0.01662133858730744  0.01775079392815785
  0.01886433734946103  0.01999988994490175  0.02124318845163156  0.02260797426908989
  0.02400015151061369  0.02536410650656508  0.02667797927489276  0.02794706289958359
  0.02912079471331493  0.03025308494282884  0.03138805191987641  0.03248642368848245
  0.03379571285728679  0.03507657857461726  0.03624321478459328  0.03737620039447144
  0.03850854426194100  0.03974971446874059  0.04095850819649028  0.04239364819620811
  0.04399305803870038  0.04556082364499177  0.04689747961301974  0.04790247209865996
  0.04871225490787155  0.04953839618629415  0.05043226797326446  0.05143327015669371
  0.05238072586893672  0.05335685428482854  0.05468221769043290  0.05627276663437507
  0.05766875783552784  0.05882041666359002  0.05994663752198685  0.06110611468225127
  0.06222822839020113  0.06329190597206250  0.06450316149678317  0.06561491202084889
  0.06671521563386333  0.06810323154722310  0.06958630460776913  0.07092569717321100
  0.07224753331834043  0.07360724080610424  0.07490968248476715  0.07648924695702071
  0.07788203131598458  0.07917934716822607  0.08102859190645009  0.08245718905597396
  0.08420128218400318  0.08575746018461768  0.08725683653938425  0.08974637251289311
  0.09341884486136290  0.09537025639862992  0.09755266598542968  0.09910218251557570
  0.10106021860798768  0.10513217695509285  0.11017709266056318  0.11222376791375176
  0.11392120134086638  0.11606676172113814  0.11838693333251644  0.12069152031569526
  0.12235929150019879  0.12298176494581141  0.12376019616091020  0.12737581989695118
  0.13431330745362260  0.14263508632185962  0.14929565673919160  0.15527319559953665
  0.16386359687902249  0.17672437471613389  0.62319902047854270  1.00000000000000000
 -0.00207211995429246  0.01450482867995510  0.02948533345828945  0.04474423295764781
  0.05983049233526519  0.07349331531593423  0.08731529852556001  0.10106170444898618
  0.11396601233248480  0.12593703804874884  0.13870981408863445  0.15240804599407598
  0.16349390214923251  0.17505787729756858  0.18753905594344566  0.20220825295722872
  0.21670090445291590  0.23081804783582535  0.24385667921043119  0.25672710728298526
  0.26848377046036292  0.28025008549987124  0.29105299033161197  0.30073961124715404
  0.31025885388191460  0.31983983723197706  0.32890271501320850  0.33825568944233103
  0.34778485917413104  0.35762764304195349  0.36729916263073326  0.37699370298497675
  0.38700158681814611  0.39694942220894341  0.40594941216893221  0.41407471628152026
  0.42197260868878866  0.42942902809387157  0.43702700883675105  0.44506928982585736
  0.45284272244123858  0.46087323643474487  0.46868972824063498  0.47640115397350008
  0.48393820525914533  0.49099570783370328  0.49779363182795999  0.50387347489570433
  0.50977334595986923  0.51592754803996532  0.52188671407248444  0.52817239810108951
  0.53439340335304053  0.54088504912219970  0.54842123537615384  0.55679665828255798
  0.56494642719419308  0.57289613087065971  0.58103315833069691  0.58941223963363154
  0.59842578320197071  0.60670045475780954  0.61525321943408950  0.62119275115896122
  0.62867129888304163  0.63642822148531464  0.64533299636983088  0.65600403714736544
  0.66751712376915995  0.67859521329759287  0.68979496504287063  0.70047927772541518
  0.71121616079087624  0.72194444353787346  0.73274418219136206  0.74413765859076220
  0.75561641164935156  0.76751912486199669  0.77845467933345913  0.78942858404633054
  0.80048501890341206  0.81229923608642030  0.82461273202967023  0.83920976134774239
  0.85390879310745371  0.86499494839366764  0.87577567549487456  0.88515987663958018
  0.89485288811379349  0.90708698156305112  0.92027442770348944  0.93597161311461596
  0.95088739771982078  0.96588324615949650  0.98196619642084171  1.00000000000000000
  0.38785804236184107  0.61882613911775197  0.65417611954848442  0.68197433774495497
  0.70484810603570813  0.72511117630413902  0.74349456293923999  0.76004105526178822
  0.77460145042407080  0.78733264756554799  0.79850760414674893  0.80935242592754086
  0.81978481760949706  0.82978215159775448  0.83808439184246897  0.84547457724548547
  0.85269439505082367  0.85975305432162918  0.86640666755603568  0.87271826897685656
  0.87846285125367352  0.88375539949064541  0.88901824615592517  0.89398558471502987
  0.89831263853016152  0.90224135560911112  0.90625892137858932  0.91040911591910401
  0.91485042876233746  0.91882899342260471  0.92255078593067918  0.92589156079285972
  0.92890692641213424  0.93174902857267206  0.93457708631784031  0.93740667366411345
  0.93997771951854348  0.94235563228150987  0.94460000317108572  0.94675745349345219
  0.94894676155775870  0.95116971224267743  0.95332936269609048  0.95541470687426022
  0.95740093054657760  0.95907036932897249  0.96043925888804682  0.96185566954581125
  0.96328214039811577  0.96471048286673466  0.96614703541613722  0.96753625295419099
  0.96888669932042093  0.97018061330655114  0.97143612636041587  0.97265896499434634
  0.97380060758271403  0.97478395260649608  0.97577624186570899  0.97672917595001696
  0.97764928417009500  0.97858830670539221  0.97964144908334450  0.98065923854039627
  0.98159585174835973  0.98248764296010782  0.98333206112764149  0.98412656658709552
  0.98490509793277448  0.98563536375614258  0.98634134554987563  0.98704433304023098
  0.98772992951265404  0.98839373599027691  0.98903490332921062  0.98964516352921983
  0.99028749857745946  0.99091591689092640  0.99152401218999242  0.99211626022310462
  0.99270167685747013  0.99319256599002437  0.99365010507380225  0.99410070884027679
  0.99450766508444266  0.99491864826339871  0.99533795876142761  0.99577350555420874
  0.99620936208663013  0.99661741280976246  0.99702344366129636  0.99749375019916053
  0.99799339199452031  0.99855588406741380  0.99922876706034425  1.00000000000000000
   1.9011147947036413E-006  -1.0000000000000000     
 F F F F F F F F F F F F F F F F F F F F F F F F F F F F F F F F F F F F F F F F F F F F F F F F F F F F F F F F F F F F F F F F
  <DiscreteSampler_grid>
  grouped_processes
  1 # 1 for a reference and 2 for a running grid.
  10 # Attribute 'min_bin_probing_points' of the grid.
  1 # Attribute 'grid_mode' of the grid. 1=='default',2=='initialization'
  0.0000000000000000 # Attribute 'small_contrib_threshold' of the grid.
  0.5000000000000000 # Attribute 'damping_power' of the grid.
 # binID   n_entries weight   weight_sqr   abs_weight
    10   10   7.095823813836360E+005   4.926632860937881E+012   7.095823813836360E+005
  </DiscreteSampler_grid>
