  0.00257033479929050  0.01284790948906148  0.02506343278697239  0.03778512502027161
  0.04967989742803867  0.06088742160563320  0.07185316143332278  0.08285517746804792
  0.09459647425004770  0.10637891846388253  0.11705649366350834  0.12741909234148688
  0.13812346271981915  0.14974090375115529  0.16061393039711705  0.17050453412876443
  0.17944606977230868  0.18871575730293433  0.19840349639843857  0.20889652739739467
  0.21856571827617163  0.22545645169624695  0.23410419937278995  0.24455927692502191
  0.25414468061078516  0.26566614627033991  0.27653951171290614  0.28763994720053149
  0.29897039868793546  0.31095948710403459  0.32281655111150204  0.33425217896289655
  0.34537063749012936  0.35653527823980041  0.36738234089682253  0.37795058365919570
  0.38910129169764363  0.40077083323603335  0.41297741546607902  0.42593241352785871
  0.43871669870380103  0.44954438582905309  0.45855163643650210  0.46754324203611097
  0.47637164113914948  0.48699694684182093  0.49807492352896093  0.50971891084756982
  0.52070730364901729  0.53140161953957588  0.54218978772880644  0.55339547922304300
  0.56591430179559876  0.57843738292327118  0.58977782940018875  0.60036979114174172
  0.60939140455429741  0.61974172989081744  0.62866201530798005  0.63967904151684185
  0.64872779408183001  0.65628575274723111  0.66428636490211168  0.67291762380133024
  0.68211663258873734  0.69118249681512445  0.70007922870411765  0.70860782862237648
  0.71768915801450417  0.72722120996649753  0.73743601070291331  0.74810451387551336
  0.75781131358590914  0.76738312942327958  0.77799559127532514  0.78850565618698598
  0.79942987163434698  0.80819233729339657  0.81632249339021257  0.82510091460676938
  0.83508119373407907  0.84516931600472289  0.85439000844788970  0.86327875179247160
  0.87256690180321317  0.88310581886938266  0.89462447601548134  0.90663206286989295
  0.91886286673530804  0.93063041976324168  0.94277497126204113  0.95546238233585967
  0.96660369487880038  0.97779902318795708  0.98883414061847419  1.00000000000000000
  0.00001168697710032  0.00002467646882633  0.00003583068074485  0.00005166512295105
  0.00006833585791464  0.00008784207269124  0.00011107271313776  0.00013644927307173
  0.00016462619153904  0.00020369527208255  0.00025101428840122  0.00030271995720110
  0.00036232985347873  0.00043489699015129  0.00052269269458186  0.00062274365129170
  0.00073142560863186  0.00085037999629735  0.00098177116374173  0.00113075263698580
  0.00129795330481102  0.00147804431592848  0.00165195321931410  0.00182449634857421
  0.00201936826699691  0.00222881797517436  0.00244623237545134  0.00266725096265939
  0.00290207102630435  0.00314595453405059  0.00338659508549695  0.00365571127928506
  0.00393007688652350  0.00421667440172777  0.00450008544941894  0.00476758759783313
  0.00505075304867078  0.00534478095230827  0.00564283076906743  0.00594998955083369
  0.00624088692314046  0.00652505280942632  0.00681196127087224  0.00710766039879102
  0.00742564238233137  0.00775276624795375  0.00801033239953447  0.00825415690822359
  0.00849846464384174  0.00876349755150783  0.00910185066077241  0.00957085288434141
  0.01018495731755777  0.01069681826955662  0.01113415617359696  0.01161049910803873
  0.01211604041193547  0.01239731151203862  0.01263006632941399  0.01286342089689073
  0.01309234196189944  0.01332350004161061  0.01357613906319054  0.01388601121359721
  0.01452697114979113  0.01518414993282466  0.01578228169776606  0.01637701904904428
  0.01700083972270225  0.01762241544853450  0.01829141021794211  0.01921219109646165
  0.02042986286354061  0.02145471071600552  0.02206419940019000  0.02254774630760303
  0.02294492322206013  0.02334746442152323  0.02394312633864243  0.02454925095654828
  0.02526150208207954  0.02618222286940864  0.02711445854058621  0.02795167635484103
  0.02858656575749254  0.02917267493224548  0.02984695563980951  0.03060100401215582
  0.03213233939289956  0.03721028669828510  0.04568666537834317  0.07579798015997610
  0.10598433130120333  0.13677507232001923  0.17848131205734249  1.00000000000000000
  0.00000812322178027  0.00001471524814841  0.00002259695127879  0.00003274673525885
  0.00004620989243515  0.00006254851545402  0.00008190762995336  0.00010416472925411
  0.00012695159963827  0.00014819729606075  0.00016787144132481  0.00018657842090720
  0.00020728994824639  0.00023057260424160  0.00025543049842894  0.00028103317887040
  0.00030789369222564  0.00033716165899518  0.00036732743156980  0.00039813539079841
  0.00043362506896959  0.00047551758064951  0.00052060023091488  0.00055981603404599
  0.00059440087974447  0.00062946566316592  0.00066476408452842  0.00070131144530632
  0.00073929281412142  0.00078032187716279  0.00082336053482581  0.00086176855154342
  0.00089628086015521  0.00092953629735033  0.00096444297464080  0.00100617171182693
  0.00105989470401811  0.00112044150411845  0.00118015027056843  0.00123872430299126
  0.00129669127752169  0.00136039110946097  0.00143794709471001  0.00151998343712278
  0.00160536517382958  0.00169846065158077  0.00178284535955173  0.00186466216897046
  0.00194621197647792  0.00203278918213235  0.00213661386319044  0.00225320351506883
  0.00238732342647210  0.00251871857568816  0.00266029052928692  0.00283138011301385
  0.00302111016629374  0.00320776423560496  0.00338292596006835  0.00356160334520660
  0.00375471092007066  0.00395818446081821  0.00416104443186580  0.00435835348133021
  0.00456083729864166  0.00477963604583908  0.00502230802800385  0.00528967440440156
  0.00558692147689910  0.00590764900576629  0.00624938238624590  0.00663751360228494
  0.00701782247538083  0.00741862116500457  0.00786795774406189  0.00830380049667786
  0.00875187345749286  0.00923101742357647  0.00979940207055596  0.01034779715967347
  0.01096729867712634  0.01166715086467900  0.01256874454637305  0.01367011765791079
  0.01468150965770428  0.01580387852064102  0.01733791116658074  0.01925278729273140
  0.02108874425429165  0.02345223525603430  0.02561581127544048  0.02955925040950653
  0.03963270616234202  0.05430282960689066  0.06793395512835920  1.00000000000000000
 -0.00570466599121985  0.02520110796353339  0.04521208646812985  0.06382341878505249
  0.08145940346772501  0.09485474431011399  0.11014484726098521  0.12623160132052394
  0.13604863087782307  0.14516660690960184  0.15488622982260788  0.16444175715199311
  0.17349734715597562  0.18219051510152015  0.19177345689769387  0.20186853553141773
  0.21083276113982946  0.21960634790065048  0.23033126125155184  0.24039755096958274
  0.25110347744704764  0.26336643014380606  0.27542684220084607  0.28733997716969178
  0.30048557927003744  0.31409073156619377  0.32771760619628804  0.34074535169124021
  0.35330748143271051  0.36561207333009904  0.37725887564902838  0.38873854796603052
  0.40144080440434110  0.41450546489300921  0.42584165831431908  0.43600090086642490
  0.44562161730544103  0.45504813581131154  0.46445040577183483  0.47400939498837663
  0.48459201617369990  0.49620318152645015  0.50735468539323636  0.51762183623797275
  0.52742515169360482  0.53727436975939835  0.54778898502645956  0.55906402516084031
  0.56953315825778694  0.57791543925038413  0.58637534767725752  0.59481068277220106
  0.60319630072502728  0.61129218767090931  0.61973942353867151  0.62815221711283165
  0.63626653763263463  0.64396544239798281  0.65328001724421236  0.66282558397703706
  0.67371851129776239  0.68438529438931950  0.69472371531457144  0.70499793533506749
  0.71496547228018159  0.72511011186933327  0.73374102554034715  0.74097243241495570
  0.74836433374825440  0.75550033814171147  0.76263694368931045  0.76980475966513373
  0.77688719694968955  0.78333989227162626  0.78949734202912036  0.79729079189201135
  0.80598045225315151  0.81457377331167036  0.82431079414845509  0.83493236728785314
  0.84608849637297101  0.85754489625600405  0.86878786247439199  0.87929361476384771
  0.88894995965477752  0.89797010054773052  0.90724152506877731  0.91664855491553210
  0.92587655361821408  0.93546783059340111  0.94587224064061060  0.95740241846605301
  0.96935524197831091  0.98030300292650241  0.99027829457598204  1.00000000000000000
 -0.00200879808584297  0.00823259782328451  0.01871137218105294  0.02916419075587720
  0.04199539059491517  0.05392743693731310  0.06524649663086818  0.07564116465317215
  0.08525327324405063  0.09471085347152644  0.10472241127690519  0.11522953783316792
  0.12589283813206067  0.13526092683881916  0.14355211082548591  0.15236645983944144
  0.16183474256550115  0.17284723405232907  0.18512525682033512  0.19778663910670236
  0.20950936065401263  0.21891270398904233  0.22832553842694520  0.23764886797824936
  0.24797541138403811  0.25858027417158863  0.26924313289469060  0.27988760297853471
  0.29164605723350934  0.30496498898589602  0.31864406767691661  0.33040323670382393
  0.34032882988975421  0.34996385503455280  0.35983661959359936  0.36849127181538049
  0.37691459219282691  0.38610572018108225  0.39563171655121215  0.40519348028665214
  0.41568309198154602  0.42673297779873437  0.43891624121650619  0.45133105678289431
  0.46238891361308415  0.47262136340309191  0.48214045136989253  0.49098999790925218
  0.49958312927288229  0.50768595050214949  0.51543425532182330  0.52322298534874623
  0.53076085603677048  0.53934021983863090  0.55047855216043617  0.56272957921430711
  0.57470958120972226  0.58714306371990332  0.60076849017497858  0.61532712543869927
  0.63067608246563633  0.64693235403751970  0.66372045330527119  0.67998674925393998
  0.69270217869534934  0.70166179758216818  0.71015640358697074  0.71828375543769107
  0.72660828055275095  0.73531927083795756  0.74399246484602977  0.75254684782435077
  0.76159451438542902  0.77120821057374722  0.78088456868856038  0.79089047142652646
  0.80075467884352947  0.81202196404602756  0.82351246935231770  0.83483809128459685
  0.84646312067722129  0.85906739598478399  0.87245644516414489  0.88440097558878872
  0.89533119955932439  0.90599385596617388  0.91691677037448982  0.92968764458723230
  0.94082955735135376  0.94985195666993427  0.95879459596563532  0.96844483071291088
  0.97691565364158661  0.98462013417076066  0.99179891006755405  1.00000000000000000
 -0.00215691099906370  0.00860738876290947  0.01865838611073440  0.02877812539158248
  0.03948305720478388  0.05144380972489807  0.06417338806871280  0.07494743174052353
  0.08471998733373183  0.09566469487985020  0.10772334168256414  0.12088877383885012
  0.13400494395007007  0.14683991783497827  0.15759382232717026  0.16899631789297487
  0.18091212635456574  0.19354740753534000  0.20591820752546841  0.21643931516647391
  0.22641594616492755  0.23602742500116544  0.24598938303212525  0.25694877676917555
  0.26834302194105319  0.28013272987746962  0.29220133714507929  0.30402688722478427
  0.31462651818986537  0.32243724423256281  0.33144304118430507  0.34110006199796611
  0.35088121135527500  0.36009193950355006  0.36895087656602948  0.37892379227672079
  0.39122656864168148  0.40388482646829399  0.41565728440115896  0.42715255175246442
  0.43820258568598203  0.44907587768804286  0.45999362231698721  0.47097188759433162
  0.48210791262764041  0.49298751938663982  0.50312847672392835  0.51273514769655015
  0.52178910337390549  0.53050636759345171  0.53952590238574516  0.54853482192311553
  0.55710259917264859  0.56587343424344416  0.57535422525672941  0.58642022153761797
  0.59930906771718317  0.60947527048590211  0.61792313594801485  0.62614038349499179
  0.63443934517028788  0.64307851169818697  0.65154211842765686  0.65976202779401416
  0.66774120655805158  0.67703966139961214  0.68654549197862658  0.69718443216246562
  0.70624512370877912  0.71373837760701864  0.72053940843664377  0.72730827731447634
  0.73728312351812131  0.74722609158137387  0.75682659478776237  0.76593048429744037
  0.77547691863536805  0.78563134322774542  0.79584810914857784  0.80663457731962107
  0.81795788938307712  0.83003975240713324  0.84301681129019790  0.85562554038822836
  0.86835797146213822  0.88063485177727763  0.89189652986613921  0.90301937649012098
  0.91425219100797017  0.92592061939869374  0.93841116734803609  0.95010795823369298
  0.96185784257767559  0.97417864590895442  0.98686462786033691  1.00000000000000000
 -0.00071143066417368  0.00307736380975318  0.00573844224591662  0.00800416977771280
  0.01005786367254426  0.01201185029854053  0.01388152799565774  0.01566457362250664
  0.01738091533051232  0.01896847152851205  0.02062607320687729  0.02222408290229041
  0.02390268767910859  0.02555223299668597  0.02720624612485231  0.02870306299368190
  0.03033836346251760  0.03201280353787343  0.03387575465342428  0.03517684123108307
  0.03651328412846632  0.03788191413884299  0.03910637675153782  0.04022942143627454
  0.04141116483159824  0.04275011508035444  0.04410613981992850  0.04544482879024276
  0.04704270087499694  0.04818909743146076  0.04902491024945035  0.04995472303154166
  0.05096870358293160  0.05196689835819728  0.05301058931400363  0.05412044253181535
  0.05598737314907139  0.05711429731975341  0.05825727027426545  0.05929837890989658
  0.06041941226465523  0.06158077655769452  0.06295899216476815  0.06478432930784027
  0.06622941668268800  0.06765915764065160  0.06921580838771205  0.07086933022701641
  0.07237743850155572  0.07388202975263351  0.07569423006333824  0.07748353565179780
  0.07879927880597754  0.08014319245889771  0.08151600885459159  0.08265426167253516
  0.08356271968290076  0.08516473978480155  0.08711590879663390  0.08857092323101254
  0.09012634140539821  0.09190381068574718  0.09314168281021346  0.09406089653691553
  0.09484536038218146  0.09557811919603981  0.09655250956047988  0.09793472792089411
  0.09929003607790990  0.10060036945118400  0.10193103554651782  0.10298665126082626
  0.10437034608405617  0.10610503098611783  0.10850039563367057  0.11017536471158330
  0.11148496138154862  0.11265537111604224  0.11379333048500938  0.11806802497995753
  0.12097250361988533  0.12236562590857622  0.12335605804217220  0.12463168748430144
  0.12582411243337904  0.12865608255749242  0.13159441642538333  0.13433964360554029
  0.13539667864436147  0.13627153394599795  0.13714385539465779  0.13817508454523020
  0.13959505163388217  0.14091523433657777  0.14195302000545246  1.00000000000000000
 -0.00198582804449732  0.00766188931464964  0.01623111805593471  0.02597737474372573
  0.03695648981130410  0.04725361581699533  0.05647673053232897  0.06655939959483820
  0.07734439806760240  0.08743590453129421  0.09704148387925174  0.10622333593842076
  0.11522009466558629  0.12318568963600209  0.13046736942148507  0.13772797716862251
  0.14520117406701175  0.15378784101981721  0.16177824491331058  0.17022916087880047
  0.17921718429151967  0.18983942496154915  0.20393765869794273  0.21798065052499654
  0.23111005298802670  0.24118990599543039  0.24882898728951044  0.25644073676620849
  0.26385519010701419  0.27170759624044599  0.28022523206176625  0.28838275331868640
  0.29647405924038761  0.30439311320071027  0.31189621569639281  0.31943997238302946
  0.32742553945691183  0.33815412500502645  0.35076118533754763  0.36310094253337111
  0.37475473034239637  0.38643411477413836  0.39752502621638725  0.40744853636834533
  0.41728326803308857  0.42723365917194772  0.43758700773315568  0.44797384378174904
  0.45883377817606885  0.47177831257041253  0.48477323567260378  0.49740385759183720
  0.51008027483805030  0.52263603497205890  0.53506855506326523  0.54741721619354433
  0.55937059544106871  0.57246769404099584  0.58609657735071197  0.60071936138019866
  0.61462945824785631  0.62815473792636123  0.64007582927773954  0.65125291207750391
  0.66321219105330775  0.67522873834360775  0.68707902380033359  0.69665807797588386
  0.70610119183590336  0.71690326521561187  0.72880851868771823  0.74027671064198952
  0.75089276511158798  0.76318318136772589  0.77565024958861750  0.78775863706556648
  0.79966040811289785  0.81053526235932227  0.82152589138028487  0.83187044619028572
  0.84282988439928797  0.85376388397569214  0.86274738672469498  0.87118327539953111
  0.87978903262700570  0.88861084587165040  0.89904116014641888  0.90925565600128111
  0.91923644166303708  0.92989973998623399  0.94033303028306381  0.95068242493973210
  0.96216940343137536  0.97413391936713534  0.98716779843822788  1.00000000000000000
  0.22257444699982665  0.64202523941927148  0.71125042447702391  0.75473450837171829
  0.78646109783771767  0.81060692172482762  0.82963994438460198  0.84564580375668497
  0.85791861609990683  0.86863331746010086  0.87872614256423853  0.88755652839976440
  0.89514467588113478  0.90135587145225748  0.90697252393197469  0.91243277976742387
  0.91759670925948444  0.92162281264890489  0.92550781445211683  0.92928480837734651
  0.93316810992044241  0.93674982114795591  0.93977303360709652  0.94242434776913764
  0.94497447761578113  0.94744022660744187  0.94969935351030577  0.95180232144343124
  0.95376481610302422  0.95571375437797301  0.95762841277622168  0.95916867813307782
  0.96046327404793319  0.96165447545901372  0.96281566782866235  0.96399291442274404
  0.96519988687968727  0.96639971379958267  0.96752060713856058  0.96860375979641333
  0.96962498807799335  0.97058485694959218  0.97152279506628747  0.97243360808739354
  0.97333765394960303  0.97425301857384738  0.97518563700641803  0.97612958928608373
  0.97701799193931660  0.97783172258956530  0.97864008160079630  0.97937714358293360
  0.98005380314141988  0.98078107056212405  0.98146511974519113  0.98212170306498259
  0.98275897571506554  0.98335404970698737  0.98389790369677199  0.98445024276036674
  0.98498806006586503  0.98554710063819451  0.98611308508795692  0.98668128276378830
  0.98721378433941342  0.98768881280225163  0.98815946531447330  0.98859586031964264
  0.98906566205643598  0.98953745990121289  0.98998261726790981  0.99039863154275087
  0.99079614497151702  0.99119696892536657  0.99161039828470265  0.99203502488779738
  0.99246155737666097  0.99286860291815338  0.99325203721484889  0.99362457658861381
  0.99400339364340162  0.99435471579409662  0.99469361345709351  0.99501938117521949
  0.99533074135930644  0.99566927487815482  0.99601644358306973  0.99635958139368208
  0.99669155723741409  0.99700447637282608  0.99732323029463577  0.99766239624691455
  0.99805686120211912  0.99851277465546284  0.99913868333802625  1.00000000000000000
   2.6885097245838700E-008  -1.0000000000000000     
 F F F F F F F F F F F F F F F F F F F F F F F F F F F F F F F F F F F F F F F F F F F F F F F F F F F F F F F F F F F F F F F F
  <DiscreteSampler_grid>
  grouped_processes
  1 # 1 for a reference and 2 for a running grid.
  10 # Attribute 'min_bin_probing_points' of the grid.
  1 # Attribute 'grid_mode' of the grid. 1=='default',2=='initialization'
  0.0000000000000000 # Attribute 'small_contrib_threshold' of the grid.
  0.5000000000000000 # Attribute 'damping_power' of the grid.
 # binID   n_entries weight   weight_sqr   abs_weight
    10   10   1.410522910154360E+001   1.441374788977766E+003   1.410522910154360E+001
  </DiscreteSampler_grid>
