  0.00363362389804082  0.00957796072474952  0.01706683307614315  0.02463655258002190
  0.03256541110321703  0.04158036305571503  0.05174474194398721  0.06266842918121913
  0.07378162520938822  0.08559404715522542  0.09708185103693973  0.10775261181170390
  0.11793879886357189  0.12789404205555677  0.13817250473705220  0.14974208030143846
  0.16157841526676492  0.17299083795736533  0.18403775462088340  0.19463564886459619
  0.20573552367946321  0.21652440363108594  0.22664183558818629  0.23673776425205759
  0.24674783385540050  0.25721604743902132  0.26811719379438104  0.27923179357598860
  0.29052714049696404  0.30148569315495194  0.31336171936003110  0.32418923895072183
  0.33430516986745007  0.34378733201962763  0.35326558704837480  0.36246361246558551
  0.37173441569767157  0.38075904884401934  0.38922523001654374  0.39795248234873204
  0.40705679519157578  0.41786334735729158  0.42689267031276307  0.43544591575017749
  0.44416528540850053  0.45383967349173493  0.46346974553251080  0.47263783206804383
  0.48205233388575741  0.49279929478693563  0.50426285834928475  0.51587520158226374
  0.52763910802370606  0.53947675983513876  0.55158289681623285  0.56316724554587183
  0.57407459773205249  0.58456385175085956  0.59476489209287287  0.60514605515014874
  0.61464927663002633  0.62463425959189733  0.63435767719737901  0.64431151823251553
  0.65366372602103162  0.66268873732638167  0.67152511809585635  0.68053625420834651
  0.69043820031091441  0.70049737921631527  0.71040643678013116  0.71960751193451300
  0.72897332185248787  0.73908345333451575  0.75037307925489494  0.76247611540607618
  0.77460540993589710  0.78676154420143862  0.79909413997611345  0.81051065139770795
  0.82150380886082230  0.83298954452338347  0.84521934254059561  0.85643156041524249
  0.86711802505130642  0.87789998475612219  0.88969401140247306  0.90176461101019756
  0.91351425974398959  0.92593949239588980  0.93842870088722563  0.95079709084922193
  0.96205099451708909  0.97334568405945976  0.98581411154358201  1.00000000000000000
  0.00450423571910726  0.00510710422770237  0.00598142067495194  0.00682378854089920
  0.00756836819097454  0.00824262494632194  0.00887444147304883  0.00947542336651410
  0.01005582287066257  0.01066863730178990  0.01126323715452895  0.01183876292776415
  0.01238470326304448  0.01294626901025820  0.01350431398602678  0.01407097130203534
  0.01461961078117621  0.01517959414400209  0.01574885466326446  0.01635243521773480
  0.01696105988969175  0.01757582671818440  0.01818661717153244  0.01884400931511063
  0.01951998891643348  0.02017606472832614  0.02079166532305527  0.02139765292839568
  0.02204905948373807  0.02277062414042543  0.02351788314041750  0.02422855434492678
  0.02498372476738621  0.02580638640901277  0.02663665153575338  0.02747264634038755
  0.02830336556500296  0.02909961691351137  0.02994020998247576  0.03074198903159787
  0.03155621438926032  0.03235294813149809  0.03321135037325002  0.03410294868250254
  0.03494569764393489  0.03580477516680553  0.03669409982626982  0.03762190368262993
  0.03852528907984572  0.03937196000994658  0.04021029793486047  0.04109672576099115
  0.04208094574038929  0.04305123308955410  0.04394953612660225  0.04490069844005414
  0.04593131546436492  0.04704634096517300  0.04842780317581472  0.05006048317776680
  0.05167291056477115  0.05316774838174455  0.05470004179168100  0.05609657363562768
  0.05778874210384406  0.05977387472790216  0.06172373585248442  0.06379655160286887
  0.06619911686621970  0.06874745751157416  0.07119535938944932  0.07377120085616655
  0.07671439552226560  0.07926359822288735  0.08192087089679183  0.08457421940358079
  0.08676349570002841  0.08956402532238932  0.09238329281288819  0.09526483554571362
  0.09859267000013057  0.10293705194704679  0.10733501590485588  0.11240675239418327
  0.11836476202089528  0.12515139372320780  0.13239828369794951  0.14067647287271837
  0.15160272966182317  0.16434804404471720  0.17756399075810231  0.19145284296939846
  0.21910842673693318  0.27678639534769273  0.52924484029008889  1.00000000000000000
  0.00007234276321190  0.00011094486246687  0.00014438553428109  0.00018574927123252
  0.00023130793949420  0.00027972402292878  0.00033350470841355  0.00039648061344835
  0.00046566256951257  0.00054045651909972  0.00062079861500405  0.00070618912219146
  0.00079855543066092  0.00089453315312824  0.00100083252711442  0.00111018160916184
  0.00123205652392822  0.00135729928233490  0.00148703340032538  0.00162069919247659
  0.00176242374672930  0.00191002371637639  0.00206095253109932  0.00221294629239859
  0.00237136304958570  0.00253916883816243  0.00271113931553375  0.00288090668264751
  0.00305296843777360  0.00322217917652626  0.00339687573904244  0.00357880533673947
  0.00376494255221235  0.00397913452328849  0.00420441921317881  0.00445805460943690
  0.00470803256319003  0.00497755948421942  0.00526331715517682  0.00556544244316765
  0.00588095754513647  0.00618710946550597  0.00648210826079017  0.00676089952111657
  0.00705159738482371  0.00734403810045696  0.00766140317564067  0.00799810775583596
  0.00835049863412246  0.00875829846975112  0.00919474124933294  0.00962176899559111
  0.01002087615156191  0.01041399509178390  0.01083498124812579  0.01129474782780802
  0.01178903899497299  0.01230080754539979  0.01281983994330550  0.01339044065629132
  0.01402160437940388  0.01465664110330914  0.01532832106750202  0.01603721658203182
  0.01677550730757305  0.01757600271080331  0.01837137100627356  0.01918334811617227
  0.02004971618459048  0.02108125343534543  0.02216130324539664  0.02317528054844312
  0.02421115798365759  0.02531478150368573  0.02663242737727316  0.02826353882779169
  0.03013696877010016  0.03213833926654824  0.03412577939803779  0.03622492614391130
  0.03856648517097058  0.04111481665778262  0.04378702847250963  0.04690551206864056
  0.05000836880183087  0.05328078336503619  0.05682234214212962  0.06104505283374169
  0.06640278235713931  0.07368927877616857  0.08330669351178768  0.09629878499587383
  0.11750302599934057  0.16635561182523348  0.23915269316791687  1.00000000000000000
 -0.00363888287839551  0.01795003676225876  0.03395860620904201  0.04951014302204792
  0.06455528706614677  0.07948599072485051  0.09353084774997239  0.10702904756336254
  0.11993231630445234  0.13288818366715435  0.14540599519727099  0.15720207823065524
  0.16874602162701480  0.17987041941943510  0.18945709350839215  0.19865612442452515
  0.20806198369263548  0.21791205349247084  0.22735566991941741  0.23603074575850824
  0.24439597074748037  0.25400037416054450  0.26298927935336797  0.27122872214880223
  0.27940394737481333  0.28816010122809449  0.29971469604576917  0.31249649753431102
  0.32398956505338089  0.33395163147158596  0.34399449633955220  0.35371254310053485
  0.36328413377754104  0.37258392547643249  0.38058075298570998  0.38920666080889116
  0.39830174040819805  0.40723157579660363  0.41626960109897343  0.42491166817925463
  0.43453061096884699  0.44349348085243878  0.45257550160789045  0.46173970163131806
  0.47125828671641157  0.48172341248253658  0.49222037345993258  0.50279669673882588
  0.51326943325465324  0.52297357351042828  0.53121122610438820  0.53948044730615996
  0.54756521448372564  0.55580771795590345  0.56418192393021283  0.57219475356696303
  0.58018910008060698  0.58811696014242121  0.59617942460963169  0.60445612064981435
  0.61261963778689077  0.62076266990076512  0.62930826544824159  0.63796398515926600
  0.64678156650614727  0.65610481386605879  0.66661185224509234  0.67745779664687344
  0.68860954584014056  0.69939336760725146  0.71008305227481983  0.72130118649756136
  0.73244835781188744  0.74288721897182053  0.75248229174505621  0.76174633557093774
  0.77225447616861465  0.78266263151549642  0.79313223344657913  0.80389014091966893
  0.81520840408133377  0.82606164799401760  0.83636195957029347  0.84613410368851349
  0.85612449123845957  0.86678525964876596  0.87857761234961806  0.89068092723084247
  0.90274414736148401  0.91531568376137984  0.92881663373121681  0.94292281042986115
  0.95702990740485938  0.97115035366368729  0.98571650292719115  1.00000000000000000
 -0.00211407398378805  0.00677607858870695  0.01537288456017431  0.02485149805163434
  0.03569933355009508  0.04726603420769807  0.05849610884680780  0.06958934251549852
  0.08092051242653114  0.09285037312923818  0.10468625980720093  0.11524322925067342
  0.12537087704978850  0.13469264212553869  0.14422020835688323  0.15386783952885910
  0.16409644196051926  0.17446623582827897  0.18441704637952416  0.19481156443359848
  0.20576587399637203  0.21637722770059034  0.22657789397438427  0.23602564013787775
  0.24554590449433594  0.25555806580968637  0.26628661845560669  0.27731621480455321
  0.28946652921492544  0.30152315802176793  0.31297791592695612  0.32374655297919758
  0.33436674220138479  0.34520832838628657  0.35577060945477001  0.36608892011395855
  0.37650522841767270  0.38700318266120398  0.39811552539846490  0.40910047203410876
  0.42039010775044061  0.43237945828915397  0.44432739046716591  0.45579836015410857
  0.46699589744317566  0.47788096374549222  0.48849560741616788  0.49916774350030979
  0.50982544801922292  0.52040668877940310  0.53051123368713371  0.54000936891131579
  0.54954964773662429  0.55921890191642454  0.56919750138014613  0.57797890469670266
  0.58696854233369722  0.59634959900440376  0.60739805032283201  0.61997352362253766
  0.63122931671771643  0.64238390191452155  0.65308787480458064  0.66387361875161677
  0.67478908556902295  0.68523955822548177  0.69591713840798963  0.70639344832732942
  0.71702447266249369  0.72716025331321477  0.73744522751901165  0.74797906271999171
  0.75910436370818035  0.77002486783040158  0.78090258966826542  0.79128225639488392
  0.80111545485367508  0.81037448476560670  0.81999958429788278  0.83009212409597655
  0.84030292689787456  0.85049716855367019  0.86098450785485348  0.87154850987961274
  0.88133608138127884  0.89082276507225200  0.90031040334366952  0.90969667860667358
  0.91953556264456993  0.92952411723291029  0.93999892683535247  0.95086716697523066
  0.96279328002306863  0.97504222280546993  0.98794958676271938  1.00000000000000000
 -0.00477205656153073  0.02860841549431359  0.05508062103421683  0.07970496158419429
  0.10472879911364905  0.13157555844305655  0.15725209139231824  0.18034904963295917
  0.20335884012056585  0.22593089982294701  0.24832004542711195  0.26839037897015383
  0.28735746579879362  0.30510185427162712  0.32184796070211058  0.33814514111375638
  0.35455557751440991  0.37059571573719108  0.38645786490870615  0.40133420740625086
  0.41552314486400488  0.42949040350455420  0.44420304596735710  0.45939938677471848
  0.47296917376484765  0.48562918238431191  0.49706340494605428  0.50793868155161581
  0.51829678722947670  0.52897382862720133  0.53972934712883502  0.55085229983547068
  0.56063742563301033  0.57076577338823731  0.58115253429198577  0.59236914665280704
  0.60401001218296346  0.61536629218313155  0.62614648266319739  0.63603530549373333
  0.64632161952826561  0.65736482552013009  0.66827338243185730  0.67866113238418557
  0.68884286819056006  0.69829603424512388  0.70710350209743733  0.71582960829807651
  0.72486370533643130  0.73382615220706848  0.74200946665896850  0.74958235152728236
  0.75677951319664760  0.76383565966910250  0.77061841377367402  0.77680250879212698
  0.78283506258110547  0.78928300782621996  0.79621819742991529  0.80314517713161393
  0.80976338270746906  0.81610275818498001  0.82227125044720883  0.82796208285460227
  0.83370342856480451  0.83964934951800052  0.84593835683185525  0.85228829670314243
  0.85869756720349077  0.86528891038039157  0.87211342324636265  0.87915529954350258
  0.88604424438978457  0.89243361221002282  0.89870008748527874  0.90528940687404191
  0.91161653112191343  0.91741301631660221  0.92254993495470838  0.92749439708270021
  0.93242125712534640  0.93726360027336264  0.94224974609353596  0.94783110924052016
  0.95287457065207348  0.95765357924788064  0.96223532453611105  0.96676462757407611
  0.97144624214394415  0.97625539076469459  0.98088543113513582  0.98503785657396647
  0.98883948767308993  0.99247122571625979  0.99612774127063741  1.00000000000000000
 -0.00271072407636880  0.01270466761902824  0.02497300204488753  0.03546786267682082
  0.04599616991339791  0.05666015399350550  0.06688855181974422  0.07679084495034443
  0.08699771525949042  0.09818088944149209  0.10867835000194501  0.11903603497218022
  0.12926829212981789  0.14004509835198847  0.15181375283385840  0.16363961563069274
  0.17446653076403246  0.18504926181756143  0.19591079865754629  0.20753805749193016
  0.21869547378016280  0.22907417847485409  0.23913154863785865  0.24974797410995295
  0.25903339634554873  0.26911716128186253  0.27914622304708087  0.28935062425682639
  0.30058019792234036  0.31252228109264196  0.32401642710866752  0.33508504695975294
  0.34579673641280834  0.35618273791875643  0.36662266779113928  0.37715208043560911
  0.38901897388733847  0.40012958347360228  0.41115916976673728  0.42166903765893998
  0.43211154920753370  0.44229028143789528  0.45243724141242597  0.46280072683565671
  0.47423476034120560  0.48492615354155005  0.49509074294851430  0.50499582973100698
  0.51534238324413528  0.52619297400509413  0.53662605082920145  0.54748919641656602
  0.55920518622706905  0.57098532098981558  0.58169767692430252  0.59215390012502189
  0.60224917454063109  0.61289672867888001  0.62385579483638509  0.63479892047689634
  0.64565809106348571  0.65623621046812741  0.66709283938903707  0.67859050823445388
  0.69084843067822022  0.70347940475633308  0.71498289252554348  0.72516655094835092
  0.73532175536628264  0.74485224912787507  0.75386014503170584  0.76250914060196917
  0.77144706655712247  0.78093493666539393  0.79011055933184182  0.79898923189468107
  0.80826295907539125  0.81782098246063328  0.82701721295399733  0.83618534301062186
  0.84595926147536094  0.85627708667196345  0.86655244461321390  0.87689163083928845
  0.88757828444936726  0.89814123387393663  0.90754068884383132  0.91712815019781868
  0.92719209476278430  0.93759787481208789  0.94752114639959262  0.95678464215177061
  0.96736493873961338  0.97797775487872762  0.98932343553008006  1.00000000000000000
 -0.00254322587134566  0.00831569434019822  0.01890674496619520  0.02934065672232653
  0.04054350021184239  0.05214789880706434  0.06363120805768954  0.07552976170845722
  0.08706230332664708  0.09713856681490093  0.10735108836537996  0.11749706904935091
  0.12808265948160275  0.13844835947163944  0.14831811800887909  0.15806363343365415
  0.16816188235332583  0.17794626049691031  0.18817507785003246  0.19897260019881913
  0.20985286079648396  0.22036979291713904  0.22969969046312086  0.23897842823549889
  0.24845708998000948  0.25874611161769284  0.26919086421316024  0.27937551772833913
  0.29063798196329116  0.30272566025717679  0.31460699257626945  0.32555351878441158
  0.33591649524165529  0.34610097151077146  0.35604535297161560  0.36583909313859930
  0.37642643117969565  0.38771806223436189  0.39879408007205730  0.40992882017441495
  0.42129208654203604  0.43350417509841110  0.44532382389987879  0.45625079885957803
  0.46615672232271471  0.47467063468331100  0.48350832278179062  0.49282914715455822
  0.50302154961094547  0.51527544234606715  0.52662396942513356  0.53647010480413093
  0.54507427240335682  0.55359849096161839  0.56175463418136351  0.57078138178105442
  0.58001775277291623  0.59200340126295103  0.60511148757152977  0.61636400085366505
  0.62698916862883236  0.63740784774316872  0.64793002154444457  0.65900407466032007
  0.67139305580603004  0.68481563111811306  0.69536086046103207  0.70454718055944998
  0.71335607220441888  0.72190441371570957  0.73090860015479242  0.74066535927319599
  0.74966337717419329  0.76053424061181640  0.77099623597435551  0.78272541389540928
  0.79560526253632113  0.80870162521311217  0.82097368936080339  0.83238030143027575
  0.84467251936018328  0.85628750756382932  0.86778383895746281  0.87882989937270628
  0.88955948750133185  0.89898057681103338  0.90753102457333579  0.91668315943582401
  0.92616116790830305  0.93609962514926859  0.94637996955737480  0.95606249938893717
  0.96575075983255132  0.97613156533507761  0.98748213504216165  1.00000000000000000
  0.55300173302556144  0.60461991585894159  0.64794264530890999  0.67545556489373659
  0.69980254347522086  0.72312531341600816  0.74464429122024378  0.76261335235466210
  0.77802795784142009  0.79104693792550906  0.80244468178942030  0.81324720142238816
  0.82326713327479850  0.83221690321503372  0.83906074789138074  0.84510112664099613
  0.85091503682468927  0.85639034106584000  0.86132740516343442  0.86589912746506137
  0.87031650344184530  0.87473052745694313  0.87885353953128498  0.88285491639852076
  0.88662776108283237  0.89001882782081321  0.89326827539248821  0.89650818484680106
  0.89958637479148285  0.90250168001271824  0.90516811187662760  0.90780570422585682
  0.91044293024658363  0.91296121563349519  0.91536571129232802  0.91757471581339833
  0.91956495650574854  0.92162677639200485  0.92370798426440370  0.92580914599424369
  0.92799915134050426  0.92994208311889448  0.93181214292401304  0.93354957039363995
  0.93537230205011912  0.93717899782909297  0.93880156699959527  0.94032781948103594
  0.94180889791596523  0.94327024585619934  0.94472404442441427  0.94617940958707503
  0.94765585369219218  0.94913025147177077  0.95055363433627371  0.95194946575316697
  0.95323276729300488  0.95453651202040002  0.95579866746962638  0.95699516588404054
  0.95816889331762545  0.95932444916086856  0.96045090215928741  0.96154907224759412
  0.96261631015795279  0.96369682060612105  0.96471523605330090  0.96579752575974842
  0.96695280140911088  0.96810217415869682  0.96926732044042962  0.97034093861849557
  0.97135590388568038  0.97234850130641404  0.97339585915593108  0.97448260689195021
  0.97558438271149117  0.97670681009479654  0.97786683557923260  0.97897446226119322
  0.98004936707365364  0.98105680013513485  0.98199610181303176  0.98287903331839688
  0.98377933090617931  0.98468396583089635  0.98558459121314734  0.98648167236704143
  0.98744859735060286  0.98850844875755350  0.98965561034535388  0.99087152672540668
  0.99217320036448675  0.99366119636417938  0.99557140050063520  1.00000000000000000
   4.9432659287847376E-010  -1.0000000000000000     
 F F F F F F F F F F F F F F F F F F F F F F F F F F F F F F F F F F F F F F F F F F F F F F F F F F F F F F F F F F F F F F F F
  <DiscreteSampler_grid>
  grouped_processes
  1 # 1 for a reference and 2 for a running grid.
  10 # Attribute 'min_bin_probing_points' of the grid.
  1 # Attribute 'grid_mode' of the grid. 1=='default',2=='initialization'
  0.0000000000000000 # Attribute 'small_contrib_threshold' of the grid.
  0.5000000000000000 # Attribute 'damping_power' of the grid.
 # binID   n_entries weight   weight_sqr   abs_weight
    10   10   1.958931298434295E+000   1.977457702801411E+001   1.958931298434295E+000
  </DiscreteSampler_grid>
