  0.00251995772888497  0.01194916498356982  0.02164188047515098  0.03071237793553722
  0.03921062089507601  0.04776699605271999  0.05652224882616191  0.06612178961394180
  0.07685306166534893  0.08790174693484445  0.09930180792654932  0.11009688343976776
  0.12022720848020918  0.13000749237752629  0.13966022635731604  0.14979847375354724
  0.16025485441367868  0.17064490494248941  0.18069557654475313  0.19045671272808737
  0.19965800458578803  0.20862309001542056  0.21760845118738470  0.22684512873514873
  0.23572003735806968  0.24419407031255985  0.25320374528163481  0.26321686159641006
  0.27342609539309976  0.28369811672375822  0.29470422130062418  0.30722634296869794
  0.31848968590273502  0.32754984000344806  0.33632532047306529  0.34557343024156045
  0.35623107184160424  0.36698464297945271  0.37773779613125086  0.38880698161528054
  0.40012589512713459  0.41170503998625141  0.42370288062646833  0.43585934449811747
  0.44801195008676892  0.45964781855710080  0.47033151108985527  0.48120939643717420
  0.49264448161538782  0.50394659737228187  0.51485717576514178  0.52654615664982762
  0.53926949410134828  0.55001761313934672  0.56065599369862129  0.57156161660133553
  0.58221651132707675  0.59192427376877998  0.60094190129756309  0.61102980422519437
  0.62195367436015903  0.63405674011724256  0.64518449079504225  0.65580216223421783
  0.66575476416779555  0.67577869946030544  0.68599720091336613  0.69584418287543348
  0.70616244676589168  0.71759886544893858  0.72968379917507664  0.74100982123403702
  0.75219658569145931  0.76166940604439681  0.77309751415548444  0.78361095534244518
  0.79429411716523612  0.80388957114786208  0.81231565441589892  0.82077934513179340
  0.83005308507144993  0.84110618534735182  0.85304613661168760  0.86343537659611225
  0.87332805004398073  0.88311158839297921  0.89332214393137865  0.90341108992019570
  0.91209319024625790  0.92195464416724848  0.93316108808970799  0.94536320732804613
  0.95790410759363687  0.97064002019027940  0.98450962572875200  1.00000000000000000
  0.00243470957728501  0.00543755104616522  0.00649671935017253  0.00737714541851742
  0.00815488431657674  0.00886224172948265  0.00954538651261602  0.01023587752771815
  0.01097181032200693  0.01165391932043415  0.01233937188148911  0.01298027378917268
  0.01360245211761490  0.01424279141097787  0.01486836757875086  0.01550482929299025
  0.01615941816311122  0.01684494905032187  0.01754127377217033  0.01825554875599912
  0.01895593837722503  0.01965714191560188  0.02038808566529601  0.02113770952780408
  0.02191628416286458  0.02273243977110526  0.02354897456350525  0.02434907852538165
  0.02519845454346826  0.02605992488166515  0.02701144101885654  0.02793265167130190
  0.02877804067280394  0.02956318750724302  0.03035427163956810  0.03109140834434765
  0.03188037862931990  0.03271066756423600  0.03358850084638351  0.03447992768678069
  0.03538239320707938  0.03641306528837378  0.03728628723012052  0.03827215300439601
  0.03937670607390686  0.04066062601697328  0.04211435621526356  0.04354766040243323
  0.04484586262628983  0.04601081450860715  0.04731150206773405  0.04866866876379534
  0.05007813711064354  0.05157285961544452  0.05308369656796592  0.05488856470289288
  0.05682331774215257  0.05865925050282039  0.06042942626752418  0.06202015100038630
  0.06371553416268005  0.06536232468757430  0.06706466292251916  0.06856770868409247
  0.06996514128382902  0.07135196993175499  0.07283380937070738  0.07426625504824182
  0.07574140759315980  0.07732592376281852  0.07895636174788399  0.08125195147225660
  0.08366987679622025  0.08583822895907869  0.08895446027374045  0.09304970913465306
  0.09733772866459342  0.10111109195502513  0.10419991221659047  0.10843201583376989
  0.11501219506854497  0.12105315000499338  0.12510432853345166  0.12977769978200968
  0.13596651933948198  0.14231525758341765  0.15079354103801001  0.16046693247077773
  0.16941422424492245  0.18254568733725238  0.19577679664165876  0.20941163204028601
  0.22747759677445786  0.25132570974855351  0.69491282565577717  1.00000000000000000
  0.00007456618620042  0.00011619359687431  0.00014682300586943  0.00018712202929991
  0.00023641137343508  0.00029084253845028  0.00035194804817149  0.00041727468908050
  0.00048458393322402  0.00055273794692657  0.00062789116211246  0.00071672620916251
  0.00081737796386082  0.00092530221702412  0.00103919219162746  0.00115939987631877
  0.00128690997734772  0.00142334275961705  0.00156331417098507  0.00170555649343430
  0.00185895482583539  0.00202274469599758  0.00218798085950611  0.00235006325904304
  0.00250721374403020  0.00266698245197175  0.00283669547908329  0.00302309564938690
  0.00322378472155737  0.00342107893340500  0.00361857481941932  0.00382066658862156
  0.00404278139620058  0.00429281174202450  0.00455825051192180  0.00483166096992488
  0.00511540401061326  0.00541184326638202  0.00569855849373245  0.00597913570695651
  0.00626225640008878  0.00655814199675951  0.00685473195008530  0.00715542149264896
  0.00746194678009772  0.00776739932814858  0.00808377585314112  0.00838822046190352
  0.00871595443302671  0.00905051060744766  0.00942247173594440  0.00984969039984987
  0.01025875963853243  0.01068509456533007  0.01111769503405222  0.01157543389098855
  0.01207956897672755  0.01262768718344404  0.01320045718906519  0.01379034080188280
  0.01441276022614069  0.01507179412884339  0.01572824928261717  0.01638779238848363
  0.01707494862839927  0.01786062662296030  0.01876350378173791  0.01970545111958225
  0.02073152787501805  0.02175016170163300  0.02298734676981846  0.02430095082501271
  0.02566283666169075  0.02699722368875369  0.02830967381236838  0.02971788441284278
  0.03128219528500883  0.03301891773044880  0.03470861404927041  0.03659144735623819
  0.03887809835637485  0.04165944949059947  0.04473340251818535  0.04802795035753814
  0.05203868753749438  0.05671836505545497  0.06183588037534758  0.06899671103482735
  0.07793176362388407  0.08722294098826217  0.09842702055141483  0.11362558204458056
  0.13206581831602951  0.16495638131752421  0.34585344818910413  1.00000000000000000
 -0.00323426592334634  0.01568081640384142  0.02998516749648935  0.04504085355247786
  0.06048729267104112  0.07387111596150486  0.08516717507685297  0.09659884410228987
  0.10973061492450557  0.12315093126340576  0.13444056594155379  0.14403022694564843
  0.15300963567895384  0.16221322566569293  0.17245806967516863  0.18296845558992283
  0.19342468441247404  0.20361097042217846  0.21292289464341776  0.22198102445818552
  0.23062610385129129  0.24056179314976966  0.25165824754344235  0.26241053711058937
  0.27173525652386199  0.27947890359560879  0.28781756076458626  0.29584591818830042
  0.30342019051366770  0.31096099767388685  0.31923547829626059  0.32710336811781404
  0.33531675376166048  0.34376571550644125  0.35296071349271174  0.36303509397032729
  0.37356029091773191  0.38382782421447303  0.39366226073868071  0.40340924319590737
  0.41207745877534740  0.42048653032611005  0.42894767152980334  0.43737859990432459
  0.44756076789588167  0.45746781811766307  0.46665126864816098  0.47585355058566009
  0.48583793841540407  0.49664562115726196  0.50789892101281031  0.51878512341679983
  0.52956491657423754  0.53981807120630076  0.54909854647519463  0.55807084540019036
  0.56686065044081924  0.57667290544162531  0.58685102730217986  0.59788728277526382
  0.60851837325043401  0.61883629779402771  0.62923787193649061  0.63925884853740489
  0.64924055900589817  0.65861663495637457  0.66790639795105100  0.67726498834992743
  0.68671332666759466  0.69645159895031850  0.70646718605900094  0.71593475312040489
  0.72475997043705565  0.73346351777400898  0.74238109971638655  0.75193476814943350
  0.76204618786461542  0.77232197998922225  0.78269452891686031  0.79243562587837568
  0.80240159800135102  0.81289568306472526  0.82464386832019543  0.83701181317504292
  0.84994258441626658  0.86244593294529104  0.87534140648438030  0.88728826344915857
  0.89928279062207628  0.91129646759834548  0.92410801253232622  0.93796503964531874
  0.95419273139801830  0.97065040100309297  0.98582456491954340  1.00000000000000000
 -0.00178879964232320  0.00923552596929194  0.01748921157818339  0.02556219863984133
  0.03338880712777591  0.04194356687980390  0.05110919703431818  0.06110661046852110
  0.07019829914077645  0.07963904120916600  0.08993484284443556  0.10053845778179760
  0.11079983803561029  0.12008753668388175  0.13099171785196892  0.14282127518875676
  0.15406416180959479  0.16438829966673207  0.17415892692347029  0.18387322230174899
  0.19394559060441360  0.20364290330128954  0.21269205793205614  0.22311410840904952
  0.23310396996424579  0.24493920945136299  0.25690998123784781  0.26922455742989443
  0.27955423627854370  0.28954101216538691  0.29907067248181868  0.30924014803806676
  0.31977053161680430  0.33064328343096328  0.34158535547101765  0.35220841308726164
  0.36268754978652656  0.37299863665346733  0.38319246572777138  0.39402869792915712
  0.40590822191129389  0.41776414088012465  0.42895158142832479  0.44015127706201623
  0.45216734679080189  0.46548117265284988  0.47870798779397677  0.49070925691151235
  0.50164123309038755  0.51244317976864329  0.52346967257671406  0.53450562375745647
  0.54536164791324515  0.55513709428821179  0.56442238099829534  0.57347596292042657
  0.58334444750986914  0.59364202249960962  0.60395700979106470  0.61444341756819987
  0.62485795195509986  0.63522453711680871  0.64555565288150829  0.65688162628153124
  0.66875469167354495  0.68059185379619969  0.69294413628067564  0.70577372728698307
  0.71776739815826662  0.72864857994406762  0.73879860907556616  0.74935781822868897
  0.76036802286263239  0.77284108681486097  0.78569406138145381  0.79893757928297626
  0.81100888712996211  0.82225389938447058  0.83301838113087900  0.84450334753883927
  0.85518264731413363  0.86524629937695419  0.87512439310948409  0.88524639209301637
  0.89490818520204640  0.90451873077360023  0.91358098962556356  0.92270349076836622
  0.93209826682321284  0.94150588237431021  0.95124819477390010  0.96108159618623856
  0.97055885237695561  0.98074173691723376  0.99023432363236497  1.00000000000000000
 -0.00480399972672608  0.02971701073062065  0.06244086864197664  0.09244867213776518
  0.11656042880384006  0.13986127819698105  0.16358129552910602  0.18589987370479805
  0.20622267443118497  0.22656387837154895  0.24757201888796057  0.26837225795914921
  0.28877325543509913  0.30826158822339411  0.32640257311293452  0.34261166115097130
  0.35874607553462651  0.37526588985052589  0.39090927640363721  0.40585410711506131
  0.42040937787207666  0.43495405585287245  0.44886889249918321  0.46204881173857593
  0.47393423756005826  0.48600631651337556  0.49800192860700926  0.50978201655055189
  0.52167132259128979  0.53411675372632028  0.54742686029673659  0.55953439746126410
  0.57209660620029212  0.58401552973120119  0.59617924806180966  0.60736913872942322
  0.61831304460209779  0.62835685442147926  0.63782671427923054  0.64705064381990662
  0.65586093312194915  0.66449571728226386  0.67292345003833898  0.68118782466704098
  0.68988702596908180  0.69917133014135469  0.70898182712931235  0.71795037621290880
  0.72585748914785453  0.73328402970430495  0.74053987886191253  0.74788858938287839
  0.75554517294423884  0.76322383908267355  0.77063421524729381  0.77794389140700293
  0.78565296852621391  0.79352482491287990  0.80058789091093441  0.80745020887327956
  0.81384681336116182  0.82014000700791534  0.82680882447037973  0.83362826543034119
  0.84031937037120075  0.84674488034743955  0.85285383530462233  0.85869751971223318
  0.86446168634364240  0.87028592926149506  0.87623020723231271  0.88319976534937084
  0.89032997841629558  0.89676556674979269  0.90268171512717776  0.90833326219079169
  0.91385118152401124  0.91932663282339588  0.92557159142707879  0.93214713125562032
  0.93773566496492411  0.94215650185488720  0.94594141197504600  0.94968472769584689
  0.95380420878208472  0.95807304557939588  0.96266534109603596  0.96718992184364661
  0.97159548911589644  0.97580016616374710  0.97984030682280177  0.98378529221173627
  0.98770718151912062  0.99174299765849183  0.99579674871901624  1.00000000000000000
 -0.00314575471332286  0.01189245978169564  0.02337764455959209  0.03244283400780704
  0.04159934185789028  0.05141171720543303  0.06272007009979114  0.07442037460508873
  0.08538470428086470  0.09714635033746336  0.10767939742028891  0.11754630070902855
  0.12745868045803388  0.13711909926636134  0.14611100095923557  0.15550842593881894
  0.16502930487788917  0.17548591987251505  0.18658086452619438  0.19828824491988853
  0.21113774298571128  0.22409333484057886  0.23508443272680180  0.24400436818689666
  0.25334432594342271  0.26355648184053820  0.27452513306720494  0.28548099190305737
  0.29643845283388121  0.30821626657507539  0.32033998172151301  0.33218717745615622
  0.34336281981301536  0.35417537524781589  0.36552002860287719  0.37718886273262148
  0.38857726645514362  0.39885474870869303  0.40904620380632284  0.41948605929840149
  0.43050724786342520  0.44091431037500822  0.45151891803858579  0.46242764724578245
  0.47311524736387328  0.48367896564893226  0.49416218788408706  0.50541404926991362
  0.51702214937533753  0.52928382414026898  0.54118445702181617  0.55218579848037486
  0.56209466317785028  0.57060614336428372  0.57883234612117584  0.58778135225011185
  0.59840452544097533  0.60849541228643433  0.61884159845307907  0.63011068890554023
  0.64281067369183287  0.65404720302583741  0.66447144516909096  0.67504298972466459
  0.68564754978466025  0.69552136257694286  0.70445045814847829  0.71355241289880844
  0.72325656173020991  0.73367089665518070  0.74379680775401869  0.75399052105131892
  0.76472088092026225  0.77525165721369327  0.78623567271733341  0.79627630911345249
  0.80585176778434853  0.81504691540709673  0.82382247130789477  0.83304906137526136
  0.84204785717113761  0.85114869173590413  0.86036035153705670  0.87007325182078954
  0.87999895691011565  0.88952372496138887  0.89948130867447540  0.91028156643362124
  0.92262732754926602  0.93537887418721333  0.94705808275089709  0.95857354077884960
  0.96955723231090318  0.98074912879129617  0.99088505427322204  1.00000000000000000
 -0.00240896562909065  0.00932334278688733  0.01909524091511784  0.02891130548398971
  0.03868036098922402  0.04872599027968232  0.05819432731398978  0.06863827166704177
  0.07969440203542710  0.09180760105758835  0.10378232944066579  0.11414423214501214
  0.12407521140138414  0.13393710683703117  0.14356763389948590  0.15311738143627279
  0.16254453867974075  0.17274278375925986  0.18439195784211382  0.19495947524876919
  0.20551392589642090  0.21612930242578934  0.22753996636165502  0.23952432313774635
  0.25077827284838144  0.26088726088011388  0.27109647332166531  0.28108596170281763
  0.29049037947901257  0.29967524152695307  0.30999080034975407  0.32182558275735473
  0.33328849548163847  0.34411995320107658  0.35474147067746098  0.36596084480479968
  0.37730162965431246  0.38848292392586792  0.39970000451246640  0.41101675299396151
  0.42192968896428856  0.43299418652670568  0.44390255235865050  0.45476847721915759
  0.46538169088775749  0.47562656631803113  0.48577011751120186  0.49591176999395092
  0.50579911318378956  0.51552748260768555  0.52605289098367858  0.53701948228550489
  0.54818177885985608  0.55897039442477137  0.57034664610789465  0.58119689105096783
  0.59261958730996156  0.60294900630271220  0.61309119435645065  0.62302357502052597
  0.63411380069043810  0.64488167367282423  0.65482307237209925  0.66421152591351773
  0.67428319253920499  0.68543481449460719  0.69704404011385501  0.70862486729352525
  0.72067252612775756  0.73168214926265385  0.74180630643457779  0.75122177091571807
  0.76050913812833298  0.77013637894034093  0.78021787676303500  0.79020956652451158
  0.80026518585392858  0.81039753946355619  0.82085303160599654  0.83109049389319434
  0.84102378464028593  0.85051625005641984  0.86080193372871383  0.87245391270120798
  0.88389167375114908  0.89434705564628691  0.90437486089295249  0.91417460789206273
  0.92451291537474956  0.93497441693161754  0.94560358611556805  0.95683308519795007
  0.96679925543876222  0.97742152520628345  0.98861503979348553  1.00000000000000000
  0.11323993566390995  0.64916019541260372  0.68417015544020199  0.71210776811849308
  0.73320130107811421  0.75170379353484840  0.76859441198591727  0.78255517597341706
  0.79453554434002116  0.80539890150033888  0.81473321029246593  0.82286982503380324
  0.83065048055091106  0.83786818387529016  0.84433660226720364  0.85074236551109816
  0.85659248687343625  0.86194618295878112  0.86682096748770687  0.87148047497360759
  0.87556003687272199  0.87933087258147624  0.88307091167160912  0.88707513291996742
  0.89100072718545753  0.89451971709812983  0.89757301902530950  0.90028296798299268
  0.90290078550566633  0.90552439318550548  0.90818865872769095  0.91092344436921802
  0.91360707320625278  0.91602143288137206  0.91822064191317943  0.92026817180070075
  0.92234785794525709  0.92443266080383779  0.92649907371850415  0.92847973479670809
  0.93038986617226160  0.93231133687613921  0.93419074777276789  0.93604601972495338
  0.93778007850741851  0.93925283767462797  0.94071599197874500  0.94215063797535625
  0.94357343326067999  0.94492921450982281  0.94636908402055497  0.94773691883552735
  0.94905726973555149  0.95039790226417553  0.95178365781145879  0.95318923002340250
  0.95457458377787996  0.95596000622682842  0.95729402132594899  0.95859984709795365
  0.95981419855949901  0.96098389767384096  0.96206137509895784  0.96310602466575512
  0.96416057291195800  0.96518723716443877  0.96621796170151142  0.96720708104340758
  0.96816960599058510  0.96913087102081030  0.97009440618065179  0.97105676979077638
  0.97203126021375175  0.97305939520731366  0.97412555150621416  0.97520947809951819
  0.97629051306401426  0.97734432085044620  0.97834688317497898  0.97933977497220159
  0.98032349318334067  0.98127875014889432  0.98219475544965495  0.98307582849269026
  0.98403214232216152  0.98503456990811578  0.98604392199923530  0.98702416026740569
  0.98800300717077871  0.98899791882169141  0.98996768378986377  0.99102195433078699
  0.99218091157158173  0.99361387225790099  0.99590066406499056  1.00000000000000000
   8.8481660454785762E-009  -1.0000000000000000     
 F F F F F F F F F F F F F F F F F F F F F F F F F F F F F F F F F F F F F F F F F F F F F F F F F F F F F F F F F F F F F F F F
  <DiscreteSampler_grid>
  grouped_processes
  1 # 1 for a reference and 2 for a running grid.
  10 # Attribute 'min_bin_probing_points' of the grid.
  1 # Attribute 'grid_mode' of the grid. 1=='default',2=='initialization'
  0.0000000000000000 # Attribute 'small_contrib_threshold' of the grid.
  0.5000000000000000 # Attribute 'damping_power' of the grid.
 # binID   n_entries weight   weight_sqr   abs_weight
    10   10   3.564380600895562E+000   3.269693973093663E+001   3.564380600895562E+000
  </DiscreteSampler_grid>
