  0.00341328063045594  0.01056749359910744  0.01847033295155668  0.02652586614342195
  0.03515240405705138  0.04446721043044793  0.05344718670556180  0.06208674537529793
  0.07107188981931581  0.07975592939158123  0.08983692018747230  0.10085158960774643
  0.11051857686473475  0.12010855249896188  0.13015957084471316  0.14075195713049526
  0.15134858747119084  0.16194358781089746  0.17265753295678615  0.18342517517649409
  0.19416348416415438  0.20515564220822208  0.21665073865553267  0.22864354962215941
  0.24158498207251231  0.25414763150738146  0.26555198663275648  0.27632346667313290
  0.28612936381193782  0.29653884902580463  0.30726126834836542  0.31752043519172873
  0.32723153440682917  0.33673187378433461  0.34668290779170774  0.35830662911513328
  0.37143191739367792  0.38347289502738968  0.39432556250054257  0.40478442373467105
  0.41489876290869920  0.42506694157125924  0.43559925161071622  0.44607137479525694
  0.45576739059580990  0.46515258993655123  0.47482069889981016  0.48499896611645299
  0.49550051320655319  0.50629330431686759  0.51778287461382533  0.52848603530589966
  0.53839377806883604  0.54786653066869895  0.55704510813822683  0.56637698208202947
  0.57577403975224795  0.58540023880967618  0.59583786597039634  0.60622421197300747
  0.61596139580792197  0.62546433885068020  0.63550052809991708  0.64620704170544019
  0.65818225317190338  0.67065571522784062  0.68280230062409797  0.69409185731193435
  0.70508132910370935  0.71625851641840965  0.72791997371992356  0.74002356320049223
  0.75218468830230611  0.76390706441886369  0.77486005466978369  0.78527823680208686
  0.79560085171732908  0.80571556861015015  0.81567488880723871  0.82626312086403997
  0.83802513680007862  0.85040792032377854  0.86203851898771033  0.87263743163183760
  0.88314857782532730  0.89382481739383790  0.90430600028870634  0.91462056330876762
  0.92480552353711465  0.93468891614708871  0.94445312284801797  0.95485679202860752
  0.96542375939340219  0.97582661087120470  0.98694020179716602  1.00000000000000000
  0.00269821474928985  0.00477432057609855  0.00538359755912030  0.00602798522392221
  0.00655545287708665  0.00703971282146399  0.00750577011756976  0.00797812048582600
  0.00845328956684832  0.00893343824045831  0.00941982972993628  0.00991599947221377
  0.01042135470017738  0.01091809489991078  0.01140910721056546  0.01188674736275789
  0.01240486143978822  0.01294333597704290  0.01348738057433411  0.01401987917270706
  0.01456844208818519  0.01513331102000233  0.01574336420937418  0.01637903079149563
  0.01699836431887029  0.01759433078769370  0.01816659921536038  0.01872879005073858
  0.01936547942694358  0.01996098831305666  0.02057629052119157  0.02116553892297438
  0.02173095345453721  0.02230406879539311  0.02287752252578426  0.02347364605223423
  0.02407782220259144  0.02470620237831208  0.02536278886703630  0.02603758535313001
  0.02677726603990600  0.02762583472031867  0.02849192605802760  0.02945718015171764
  0.03038246604760098  0.03132416668678018  0.03226848816962626  0.03329597758925356
  0.03448879279680270  0.03568110980506158  0.03678868770592657  0.03786272032259963
  0.03903261580854639  0.04026366853788345  0.04152572879354579  0.04268858905565012
  0.04386437089825660  0.04519216039460920  0.04668777511283027  0.04809422943569744
  0.04950810729763568  0.05097733450623376  0.05257952280467491  0.05423920167935557
  0.05585102049169514  0.05748661033319045  0.05907537735017820  0.06060614103315443
  0.06213165884214681  0.06357456759790696  0.06578738346033430  0.06813578648620570
  0.07061378003574761  0.07339887062097172  0.07636195598602688  0.07918364014592237
  0.08190750853557305  0.08471936838472384  0.08750392468674434  0.09065451800677889
  0.09496820487825364  0.10023286276578391  0.10520482040262566  0.11165924683688747
  0.11926883912223260  0.12681737487620773  0.13305032739259295  0.13766870127605046
  0.14207670402803968  0.14958853943847511  0.15821576175767618  0.16614292815476753
  0.18380585712006817  0.22471550219129377  0.64257522883105944  1.00000000000000000
  0.00008388174418543  0.00009000398852782  0.00009447132951350  0.00009779628725389
  0.00010072481619771  0.00010389855421140  0.00010701579404847  0.00011053370535455
  0.00011429417781439  0.00011854744557309  0.00012292126846300  0.00012717598420771
  0.00013138267079020  0.00013536341469876  0.00013922176240617  0.00014355840538248
  0.00014803535087709  0.00015272843262722  0.00015802783375195  0.00016371970161381
  0.00017030134134422  0.00017774445193837  0.00018529721045590  0.00019298317997025
  0.00020102710512079  0.00020945173017031  0.00021897951283325  0.00023020538858921
  0.00024137659450224  0.00025292265600054  0.00026511119622948  0.00027869959815676
  0.00029312888442184  0.00030815002369123  0.00032312939660639  0.00033906010950553
  0.00035611245280553  0.00037388550496491  0.00039275058855592  0.00041330471965469
  0.00043559582116462  0.00045869445704693  0.00048302628785746  0.00050931657307519
  0.00053910987917784  0.00057584470611404  0.00061502010736696  0.00065706327634784
  0.00070110413583283  0.00074780728682119  0.00079742734370544  0.00084829765999725
  0.00090195304734144  0.00095894721760041  0.00102506008343478  0.00109613903684378
  0.00117103736567877  0.00125465255458580  0.00133116148579898  0.00140734974323562
  0.00149743691076245  0.00159803545084303  0.00170088980704837  0.00181576911817118
  0.00195732834229724  0.00210388287754439  0.00226644481129338  0.00246766216419966
  0.00265919608087347  0.00285530895778789  0.00308838244905168  0.00333922524303776
  0.00360463526891129  0.00391968288220279  0.00424256251825993  0.00461767521083433
  0.00505971709461486  0.00558341236890773  0.00614153254300368  0.00677632193242487
  0.00749765125769220  0.00835252066123776  0.00937822621441713  0.01061525801819945
  0.01200475540167546  0.01355779011906900  0.01540327987894089  0.01792068408513479
  0.02116221393880065  0.02553968480406232  0.03096767473875902  0.03880824550172746
  0.04890559050893362  0.06337971927618721  0.76120218486078373  1.00000000000000000
 -0.00199816941324697  0.00669511421450472  0.01445066096775455  0.02166903629328877
  0.02875724375547747  0.03604420697236777  0.04338360072859522  0.05011685463257303
  0.05713881041540193  0.06451047666395600  0.07218211298668605  0.08007260527215800
  0.08801113131776478  0.09567463097851707  0.10286173341379365  0.11006759407266994
  0.11749948950113562  0.12531290803052431  0.13391506799420499  0.14255321866851550
  0.15121988083150575  0.15967320774928712  0.16797965059982778  0.17617003294493777
  0.18449626328719818  0.19317878042051798  0.20186873114549350  0.21068349989663893
  0.21909591057518840  0.22708131047604010  0.23550485113140987  0.24404773729013834
  0.25272575407830983  0.26202806880860369  0.27117028975496171  0.27980473689346780
  0.28800005692702996  0.29573427023672855  0.30379193903771573  0.31255473617454327
  0.32137075769526680  0.33013997931778571  0.33892774092797601  0.34789634339778980
  0.35678506748860206  0.36538680471425411  0.37429677199458522  0.38304746756236308
  0.39155109246396547  0.40012701215276608  0.40872901600271666  0.41822034309446282
  0.42906041588777527  0.44007139906856080  0.45077591353432922  0.46125405115914786
  0.47162391864371983  0.48133150014984677  0.49055999011006851  0.50043173732822455
  0.51100781801356632  0.52156924173377417  0.53186216449728629  0.54297191873599104
  0.55568775299717510  0.56832964288394561  0.58040288419581165  0.59125698630435597
  0.60182661763453282  0.61242225297891451  0.62346846097470210  0.63508348787091595
  0.64758604189917213  0.66111076771825406  0.67447576760994443  0.68737130847992367
  0.70035096405099351  0.71352329200861564  0.72743790578721179  0.74069238425516803
  0.75428080067297709  0.76898691062191393  0.78472993031618898  0.80021815504060001
  0.81443445891094812  0.82805986101272366  0.84292373588525593  0.86035636705157292
  0.87694528829916729  0.89219558565776091  0.90788340612685803  0.92326261986205560
  0.93996252966536553  0.95827484475734592  0.97773115106432695  1.00000000000000000
 -0.00248775004939805  0.01126950940652977  0.02316150033763401  0.03426017230888526
  0.04493743745020499  0.05597889344717609  0.06671409249028687  0.07772766925123495
  0.08842466965011792  0.09869057165024581  0.10882316353482031  0.11936033682354961
  0.13033377343198430  0.14096319224487588  0.14972006257581405  0.15728246000553348
  0.16541612446663329  0.17314026762367266  0.18058236593804228  0.18810945272280771
  0.19612746323606151  0.20434001876897834  0.21384980703091222  0.22477829227549814
  0.23584000459478080  0.24643146660055060  0.25663497059043811  0.26637687644821245
  0.27592782870652416  0.28535704489082314  0.29473210706771041  0.30459164190037946
  0.31493739593398518  0.32535239230697532  0.33518066014098413  0.34431404954809997
  0.35388937533170733  0.36461172894961075  0.37636387264196092  0.38784383870969380
  0.39945322655326782  0.41132098856518168  0.42290856993110276  0.43371035687769444
  0.44396390582464107  0.45415546392092909  0.46496970112438668  0.47609705296527893
  0.48712735768127940  0.49831854409987630  0.50956472521993634  0.51963460017309326
  0.52895613958542353  0.53814778980866085  0.55014747040736478  0.56284397425386523
  0.57427370819393586  0.58521339893352453  0.59608218158538828  0.60710420019031541
  0.61769156969765926  0.62886801634413292  0.64063937861136300  0.65201571212986376
  0.66331251099075972  0.67398447426960961  0.68434690289317834  0.69463616796392569
  0.70500241850138279  0.71560500814679540  0.72613075456074438  0.73659635939916168
  0.74719279053631515  0.75807365697081885  0.76951344258091858  0.78118818733021977
  0.79282706233558853  0.80413912981434887  0.81496353985007119  0.82568508650509054
  0.83606626789660354  0.84607793007364951  0.85638552808211288  0.86693340752167236
  0.87790619595432096  0.88857174961516006  0.89956133131728166  0.91148866120737992
  0.92271244350710802  0.93458006957190365  0.94672000279621105  0.95841704282486551
  0.96862203853979822  0.97861294833249379  0.98886379488435805  1.00000000000000000
 -0.00069737862799945  0.00602786896748331  0.01128606731550000  0.01678165029671816
  0.02299369185405951  0.03006027333955556  0.03781958094166635  0.04646523255622335
  0.05604536816603162  0.06624789234605585  0.07747297293476633  0.08893623932079615
  0.10067741935867641  0.11276633148788072  0.12621683140086715  0.14021915918459094
  0.15428614253071701  0.16709068902959776  0.18068004399542889  0.19580872534319432
  0.21282609073243364  0.22954363680813722  0.24560872766388470  0.26218298062441520
  0.27910520898740671  0.29528990533519561  0.31101784389949533  0.32683205343624439
  0.34220603884893042  0.35681548908388838  0.37074211880613173  0.38516565597719143
  0.40084914626394103  0.41777349509452544  0.43500653584092797  0.45251293870176001
  0.46978420174726321  0.48578903002583385  0.50063282138555620  0.51505373454247183
  0.52923200160800532  0.54308691672488363  0.55733125536547024  0.57171296499856972
  0.58598060318137279  0.60006727254706682  0.61393950636021932  0.62720541764416038
  0.63992360514573476  0.65289901236509318  0.66626848632658797  0.67983828968240123
  0.69280005974316017  0.70495742496137370  0.71666326983895035  0.72764126519045180
  0.73831444158610560  0.74872434440164881  0.75913000897358729  0.76962710319563798
  0.78031518701271241  0.79085431596127920  0.80076334659695958  0.81016523749682201
  0.81954123954146063  0.82908950165948869  0.83863470746985147  0.84784236036324168
  0.85677498060950452  0.86433551963307498  0.87261808513254302  0.88013459529721638
  0.88793907351792212  0.89535691520589100  0.90264511357923471  0.90987279247599884
  0.91716451773971186  0.92435336018688430  0.93087438344170037  0.93690318739877188
  0.94233809463911666  0.94719290897989428  0.95257544485459977  0.95735543045157045
  0.96149204949147438  0.96525303471111423  0.96887734349208077  0.97254745134616316
  0.97639370572184736  0.98030369171721210  0.98404732123042649  0.98776683905320217
  0.99102700119648368  0.99409088868148232  0.99709313459981941  1.00000000000000000
 -0.00308609529425084  0.01231206992746051  0.02509445965291235  0.03698668744265686
  0.04811834304426371  0.05913968492771945  0.07024028435701793  0.08200862442476531
  0.09423818162567858  0.10537519797309089  0.11524761328949573  0.12475961411182410
  0.13512020818591983  0.14661014009823356  0.15812714584901560  0.16899342992798788
  0.17800776800497839  0.18744218479587366  0.19690932284598209  0.20702177657705181
  0.21729004518789347  0.22796337844439379  0.23929538513571966  0.25092525462057930
  0.26209572708112522  0.27305289024056090  0.28397338853616516  0.29556962474323273
  0.30758610560833810  0.31801555614442562  0.32703876353865297  0.33556686733943986
  0.34386563895980859  0.35220295877420449  0.36036554527807740  0.36842670727152282
  0.37748434914249634  0.38751700241378778  0.39753906720309956  0.40808049564849191
  0.41900149784433416  0.43011700123598423  0.44118772615105278  0.45217246569753905
  0.46260029280988135  0.47313039522320016  0.48366843857084796  0.49467083057829753
  0.50548537545902938  0.51597264567993784  0.52663213977507461  0.53752917584590254
  0.54914750898556075  0.56016409236915410  0.57077245621316020  0.58139314716910562
  0.59267664780753360  0.60387759565078525  0.61418824056726484  0.62402159492826548
  0.63359132647874383  0.64274826694218734  0.65219791248763315  0.66241186547232034
  0.67335943876993254  0.68376685619215805  0.69421254566698820  0.70468625059002210
  0.71569302992685557  0.72652680401411474  0.73735965214355548  0.74789378056604972
  0.75848018449994881  0.76958485008274602  0.78135344291752429  0.79300103579942816
  0.80450368553126161  0.81586959826089134  0.82706269319431569  0.83761150503991988
  0.84794525458994097  0.85879734231749105  0.87008290868200666  0.88091383484257624
  0.89137138020827633  0.90211991069137076  0.91279465767994838  0.92328935717419491
  0.93366925299764658  0.94353828827716513  0.95296499737104734  0.96223069426697472
  0.97170154719195223  0.98133124846494990  0.99076011368940708  1.00000000000000000
 -0.00206950511842857  0.00891925077192420  0.01962422655930818  0.03028788057036048
  0.04248003757410945  0.05519639165879753  0.06736591041184629  0.07871355563855911
  0.08992866822289576  0.10104259377504264  0.11172971114672874  0.12201818688691503
  0.13209785643585595  0.14235631113101085  0.15272234121989242  0.16295286305243392
  0.17334532863126367  0.18364783727729167  0.19355000705156827  0.20317686432193460
  0.21291439377174923  0.22334326384382736  0.23434011055096707  0.24537862461581103
  0.25624861403075216  0.26695300770371105  0.27745934181349657  0.28772763237860399
  0.29815953860735900  0.30882955569459175  0.31968255460187267  0.33105965561120043
  0.34289384542760132  0.35541784438509516  0.36772686668893451  0.37953490033446147
  0.39132194635063494  0.40213590668582450  0.41235950131972188  0.42272163588680539
  0.43364008206740640  0.44470611253743331  0.45453161464657516  0.46424657064512020
  0.47481694763514948  0.48560708901995614  0.49683583790669278  0.50768558904628291
  0.51907194009261015  0.53018669374939265  0.54032789622380650  0.55035842679883429
  0.56068185999079945  0.57156730556204693  0.58241620487067447  0.59284475321674890
  0.60281210732010326  0.61293272149727696  0.62302050448110380  0.63269824754574544
  0.64169601481479777  0.65052421943424443  0.65928520849280692  0.66847163465517667
  0.67761939269488436  0.68650861707963406  0.69642694368683655  0.70701565078514983
  0.71761013019162556  0.72871117461313528  0.74025198763855360  0.75233558478527351
  0.76463500889246394  0.77605929614818925  0.78659273138251828  0.79735521662681985
  0.80817108601173460  0.81845473844574301  0.82768855932397256  0.83679176541008249
  0.84669259891481963  0.85691518020748947  0.86729901435231338  0.87756442270565604
  0.88785695589209557  0.89759229308229160  0.90680414026906797  0.91615990765673583
  0.92604370463257857  0.93608604322592825  0.94588813948732797  0.95593357935975265
  0.96704869680605998  0.97821715243823426  0.98922273175118702  1.00000000000000000
  0.49262910246753910  0.61205556170697584  0.63906808630609602  0.66291747964196890
  0.68019184927563958  0.69715996491212995  0.71361933796571198  0.72811435014617099
  0.74111810913851750  0.75246743181022946  0.76249130696767120  0.77217966795639281
  0.78154910742492445  0.79068669970247174  0.79827791527415837  0.80535119158476542
  0.81227613288386225  0.81894834767533164  0.82548615585497309  0.83159223046063213
  0.83703549278163392  0.84207602626129374  0.84705486374662808  0.85186894974143301
  0.85654661811809019  0.86099846028903626  0.86542201501209293  0.86972245250449420
  0.87419341486645363  0.87800491600640262  0.88180886049877272  0.88531884787966708
  0.88874958943036808  0.89205878211305445  0.89516698776634673  0.89818545588241550
  0.90115806198272108  0.90407459922872757  0.90686539675921329  0.90951541626693122
  0.91219972527352433  0.91491472483873737  0.91751873647818272  0.91997838100658380
  0.92235680171565937  0.92469497223087194  0.92694534250399785  0.92899913259106115
  0.93108363335365862  0.93319310439942471  0.93534623935351124  0.93731440641134511
  0.93905742531613168  0.94067500216258559  0.94225040947732264  0.94383483590369999
  0.94545557257724933  0.94707554965593721  0.94863721635909959  0.95012766694224293
  0.95160130573147683  0.95308541776536615  0.95455106866327011  0.95601033315221218
  0.95746835324031865  0.95881888126781878  0.96017431656415930  0.96153322291171683
  0.96286470561308246  0.96416283873672415  0.96546976753443825  0.96673181991058710
  0.96794897820656567  0.96916761215824887  0.97037854290394920  0.97157418668264395
  0.97273388316654263  0.97383700515271865  0.97493127210394914  0.97597563366692686
  0.97703692309832813  0.97813605190432229  0.97924669720905055  0.98037830647788649
  0.98150342649157662  0.98264541717672915  0.98376208658425890  0.98484737082410034
  0.98595097090069828  0.98707214650329955  0.98823561622119016  0.98946561702301694
  0.99084487343666283  0.99256876886339662  0.99509176984357139  1.00000000000000000
   3.0075957712559704E-008  -1.0000000000000000     
 F F F F F F F F F F F F F F F F F F F F F F F F F F F F F F F F F F F F F F F F F F F F F F F F F F F F F F F F F F F F F F F F
  <DiscreteSampler_grid>
  grouped_processes
  1 # 1 for a reference and 2 for a running grid.
  10 # Attribute 'min_bin_probing_points' of the grid.
  1 # Attribute 'grid_mode' of the grid. 1=='default',2=='initialization'
  0.0000000000000000 # Attribute 'small_contrib_threshold' of the grid.
  0.5000000000000000 # Attribute 'damping_power' of the grid.
 # binID   n_entries weight   weight_sqr   abs_weight
    10   10   3.304651813393310E+002   6.149460670877327E+005   3.304651813393310E+002
  </DiscreteSampler_grid>
