  0.00284702650570239  0.01381263044702266  0.02358939878941019  0.03283577261017422
  0.04221634979624170  0.05264853056721357  0.06280727809267862  0.07308444833421925
  0.08120826038566191  0.09101339842382006  0.10091054590454969  0.11207901597579163
  0.12404479836028659  0.13416235057163353  0.14339758489863830  0.15248403471000782
  0.16120727933773082  0.17082250487090864  0.18050865401544872  0.19105624791823611
  0.20102983700016347  0.21167505881779125  0.22204370899561537  0.23285813237810907
  0.24334416049802199  0.25289960291644253  0.26265214657113223  0.27262117217217674
  0.28254071697451977  0.29371812625261839  0.30464505834213484  0.31608713138917466
  0.32632587868700114  0.33603697637180385  0.34489500408676871  0.35398254535176327
  0.36372109684281667  0.37545227855473290  0.38908357505955954  0.40273117436874467
  0.41488123673580379  0.42595361186581521  0.43639153593889513  0.44699005062411751
  0.45783433688789871  0.46926378469158908  0.48052856042052777  0.49139116330151311
  0.50175064413341042  0.51163606398585693  0.52170215557554678  0.53193691010985555
  0.54239343126987327  0.55285197228215766  0.56398808581695214  0.57546502044497949
  0.58660251502280825  0.59672004861305750  0.60669242903568232  0.61735578401867008
  0.62876772936757974  0.64102655023974031  0.65376614655569454  0.66662492894215597
  0.67883911566335498  0.69106763249121361  0.70303162776804329  0.71545835131060964
  0.72838639780755365  0.74130444457318545  0.75292535531454430  0.76393730428587803
  0.77358421852060033  0.78252506977403469  0.79129143656057710  0.79997734299298451
  0.80859307252488410  0.81761565718731855  0.82729925057939047  0.83665231501971227
  0.84480312197136365  0.85304499190580840  0.86148234128161838  0.86979192908500036
  0.87783086672851207  0.88633072130634327  0.89452494686367656  0.90468781310435986
  0.91609487999735217  0.92724706715198224  0.93824515469081227  0.94997309841886990
  0.96230775409308500  0.97474388327019656  0.98691207092141098  1.00000000000000000
  0.00025845367722963  0.00045857572034437  0.00064208770615566  0.00078204870799851
  0.00091714294315756  0.00104581649085494  0.00117163269575974  0.00130496486037282
  0.00144083295237837  0.00157718091751878  0.00171302988233340  0.00186272306596905
  0.00201196890923620  0.00216059191815840  0.00231541163451551  0.00247026282817774
  0.00262462197649492  0.00278057787786231  0.00293785798803844  0.00311507653815412
  0.00331150489021387  0.00351193834008439  0.00370960922036477  0.00390747688933532
  0.00411222805771360  0.00432251316614691  0.00454215380527666  0.00477490200890804
  0.00499512933797742  0.00519686351951054  0.00539358030489583  0.00559413991707935
  0.00582707240136627  0.00608642570971487  0.00636312337320340  0.00667289097225485
  0.00700655211734104  0.00735896106012452  0.00771016019739875  0.00807051836277257
  0.00844506010929441  0.00883568417253394  0.00927260498303975  0.00972055661896993
  0.01017661886660920  0.01065977905825550  0.01120067929267444  0.01176619081931158
  0.01240888882524123  0.01309199895432373  0.01375141489473859  0.01444019519738756
  0.01512249609467450  0.01589746898510647  0.01689411930588265  0.01773034169216899
  0.01818850223589443  0.01850827989614713  0.01883133881128154  0.01919868315642556
  0.01971698120419653  0.02038822438543116  0.02099873250024333  0.02157913255748781
  0.02207563588491267  0.02263309349515375  0.02312453067198862  0.02362365495361459
  0.02425875417841773  0.02489487018586651  0.02562131478898696  0.02656707236080005
  0.02723955777361372  0.02770759172357451  0.02816579252514172  0.02875703093971166
  0.02974751005345473  0.03118892241472352  0.03254121650401237  0.03463385397291786
  0.03667917579722588  0.03853589314543827  0.04051999351128455  0.04331203251222191
  0.04601011537807680  0.04818159600591919  0.05217293984527265  0.05600340064489075
  0.05949662734467639  0.06416358521102232  0.06886974049229437  0.07668744744026988
  0.08658559455814968  0.09924047924253671  0.20177402850690696  1.00000000000000000
  0.00000768386022781  0.00000804740168300  0.00000846309340729  0.00000884598857792
  0.00000913511368192  0.00000944546450131  0.00000992563275040  0.00001048600382627
  0.00001112513976960  0.00001180987296448  0.00001248362038661  0.00001309751011521
  0.00001370422288984  0.00001441273273066  0.00001519422682218  0.00001597925789180
  0.00001684231273881  0.00001772388459654  0.00001857023007414  0.00001964429956342
  0.00002085412627518  0.00002229289587831  0.00002408463091615  0.00002626724383626
  0.00002857245315916  0.00003106126573799  0.00003377607136226  0.00003673032943126
  0.00004010986385106  0.00004406922319135  0.00004848599518936  0.00005341567608045
  0.00005900581225017  0.00006509688127007  0.00007113536155851  0.00007741209987817
  0.00008375098931006  0.00009016684672855  0.00009701745950647  0.00010706723383195
  0.00011884717841972  0.00013194912630249  0.00014484289635952  0.00015893554282897
  0.00017517104707967  0.00019228702041412  0.00021309985966892  0.00023649121732838
  0.00026391556842580  0.00029440017425608  0.00032978602359156  0.00036979171303626
  0.00041346165320930  0.00046019895694016  0.00050877505337954  0.00055805179353621
  0.00061164062429343  0.00067285834492069  0.00073978429025929  0.00081164629202575
  0.00089155227047085  0.00097346185227643  0.00105974890265545  0.00114972869704068
  0.00125429362946177  0.00138062459415103  0.00152775297916888  0.00168799756400771
  0.00185908083573444  0.00204382968641315  0.00225912001640541  0.00248215989788017
  0.00272474674301601  0.00300214810881474  0.00332488718145551  0.00368804162673988
  0.00406854409026809  0.00448430303007881  0.00499316114613667  0.00556463615191818
  0.00604571517500418  0.00653558268166752  0.00705554439735150  0.00768386766579425
  0.00843829668015315  0.00951871036813860  0.01110867129289620  0.01304370081900401
  0.01569478408675565  0.01773200272485864  0.02045418867585042  0.02370465325328980
  0.02781600358366790  0.03436975150943809  0.18227217388376205  1.00000000000000000
 -0.00207617895799728  0.00826645190598840  0.01701841171146171  0.02544146937042321
  0.03417332470110684  0.04283918876203634  0.05107842594455227  0.05921068060273873
  0.06790533727054816  0.07789557223192335  0.08790391247590301  0.09728139587229394
  0.10611859741251502  0.11482503684863996  0.12420079237518325  0.13375598397499908
  0.14364895506370748  0.15392179865669908  0.16413480140506356  0.17419051609578923
  0.18388453594040016  0.19300449974601802  0.20149251221935235  0.20956652009382712
  0.21779916922180231  0.22665480144888114  0.23607328773621428  0.24619114034461329
  0.25606839784164415  0.26643065564360519  0.27681952303162499  0.28731757996112006
  0.29803777176375351  0.30876893586838494  0.31921948280354656  0.32923846441641463
  0.33910630053199148  0.34907240403208045  0.35851123594991974  0.36752601653614275
  0.37647025820776969  0.38473021189255846  0.39228565626313416  0.40010977049409113
  0.40792072376391725  0.41589484324926984  0.42487784760783154  0.43547568392647196
  0.44636087710239963  0.45738506730707595  0.46811578147514721  0.47922943494120290
  0.48972608418734137  0.49995958633595461  0.50767985163369000  0.51496979486533478
  0.52233863519632384  0.52991638461292956  0.53799537378000561  0.54685396768022199
  0.55619658618017187  0.56678732000362375  0.58098025882570903  0.59470168205045593
  0.60839250047433768  0.62173481304262257  0.63433114674714153  0.64518268686566993
  0.65520535670175684  0.66514786120248526  0.67600901563420901  0.68671865303265889
  0.69670904451772686  0.70718126877578535  0.71927318079849289  0.73104992785303646
  0.74193210492654293  0.75371113594119077  0.76724247482817531  0.78031379389773448
  0.79209013543094042  0.80202597053941427  0.81200802241581516  0.82298307560955941
  0.83410159757310021  0.84639992865499347  0.85859393140200368  0.87233732414671572
  0.88588937621270403  0.90087568334212575  0.91586363644845470  0.93236189881604725
  0.94924029983589531  0.96526274785842603  0.98120017803217241  1.00000000000000000
 -0.00267162709411373  0.00995489526214921  0.02036321616603492  0.03054482115374857
  0.04100092196442823  0.05151374629554888  0.06339059043037250  0.07534208291422102
  0.08724508719527771  0.09874439633475664  0.10995870774531524  0.12089400414025329
  0.13186082387323786  0.14278791573126226  0.15222399713195742  0.16119632162353015
  0.17064477074802861  0.18025298352520963  0.18918954746061789  0.19640328159299264
  0.20333757230769092  0.21029064002307774  0.21802543896797388  0.22639119439159680
  0.23482104821621247  0.24306884177800245  0.25196055997238026  0.26240016207818989
  0.27333855072149449  0.28485888357864303  0.29691503439884359  0.30820888030235483
  0.31775324156087048  0.32690963513301208  0.33587770802498418  0.34546946454537142
  0.35542710721308107  0.36510971028033179  0.37406750828647212  0.38191300710420500
  0.38992495935632487  0.39842509478187421  0.40705006486037215  0.41569887112534110
  0.42422459327683426  0.43283282214754526  0.44211209586524192  0.45375502630068959
  0.46390508198297381  0.47410109758171226  0.48377002182844514  0.49400342857577928
  0.50495301811133997  0.51687222807456579  0.52883679589671218  0.53924674557939156
  0.54943384044828369  0.55947819766326912  0.57034297739491935  0.58191938474694727
  0.59450393633687104  0.60630361750575479  0.61785798071302200  0.62921209446427373
  0.64099461655488443  0.65290430065203853  0.66568601297706498  0.67850546397105704
  0.69011640856081735  0.70070681576617999  0.71097096875133492  0.72173786660810657
  0.73276129451235905  0.74355640633500786  0.75575162517190453  0.76927888007869749
  0.78230065898473922  0.79431459613967381  0.80504773753538905  0.81496269169255975
  0.82394909412208872  0.83333981172992866  0.84256913133626055  0.85154403338730233
  0.86120879364416902  0.87141811437004912  0.88283692466706221  0.89506593911950938
  0.90734678030757432  0.92032453286156946  0.93378688221282580  0.94822433020919117
  0.96217584673137058  0.97511961145518999  0.98751049343987762  1.00000000000000000
 -0.00201504211841105  0.01031210180447827  0.01981600054532986  0.03003923071841994
  0.04099784409332553  0.05262267929430313  0.06577603095826748  0.07959473559790550
  0.09521066625146510  0.11249440577023150  0.13033422778588805  0.14812621668797074
  0.16279819867880740  0.17732862479378181  0.19098565208408688  0.20553638763793572
  0.22274891841315969  0.24186878527612918  0.26003784200080599  0.27874195903808113
  0.29819517971511561  0.31615383495213040  0.33289994265025347  0.34735552258026309
  0.36211961718361796  0.37692978030523733  0.39145731442817072  0.40765737246521255
  0.42604408464833021  0.44495496330039502  0.46366529460919909  0.48189685098280344
  0.49939536607946639  0.51584618337084609  0.53125301381491552  0.54641527621693653
  0.56163890105135894  0.57610358497527303  0.59021643706850935  0.60380919816147782
  0.61735698535999106  0.63169884236085472  0.64639626141927298  0.66172429396729082
  0.67620749844639916  0.68978557271971774  0.70238824636678909  0.71542235538092724
  0.72923903515067978  0.74281029350215177  0.75573294478318409  0.76660095661766203
  0.77676867512530123  0.78604237765584550  0.79534485411194655  0.80504091400853206
  0.81426469707041527  0.82292637085115061  0.83176351225887146  0.84083275293130222
  0.84969339178844872  0.85805989935116367  0.86581733547273743  0.87363939725905293
  0.88112705022207460  0.88854505367797754  0.89541971602736936  0.90166779154585408
  0.90765665785746463  0.91352813111508790  0.91904839538997951  0.92435298656863807
  0.92996144889085064  0.93547728500320904  0.94064935145625772  0.94552546646809488
  0.95017901014961392  0.95477159219597973  0.95900914162497608  0.96218397362771468
  0.96561319552229918  0.96867418269383998  0.97152561346603816  0.97420438939894616
  0.97686547013687197  0.97953021844411159  0.98209790792948259  0.98454788975049479
  0.98694334644072002  0.98923432227397756  0.99134550512398434  0.99321347780582958
  0.99498640411261652  0.99669180841660421  0.99835544629889950  1.00000000000000000
 -0.00332951437492913  0.01219410233838686  0.02439112378133514  0.03625167816764405
  0.04763303427127581  0.05949004322689825  0.07134325461892510  0.08236184106037783
  0.09288055756031968  0.10262349932572086  0.11359118117720066  0.12448463660880860
  0.13646927526228264  0.14817341459660255  0.15963011365891785  0.17063213699846261
  0.18151908463087280  0.19249960033517116  0.20288538354985006  0.21316206895373443
  0.22358557038375079  0.23305624404568723  0.24156579000288517  0.24997682265557244
  0.25846908815548025  0.26796107397183438  0.27741871601704898  0.28712066729425956
  0.29762759983757070  0.30870669184150579  0.31781339085503996  0.32697481922204208
  0.33732925538789044  0.34739281286619583  0.35732793773424459  0.36715588659139375
  0.37690415570900043  0.38668651834128648  0.39547172026170324  0.40352917324696014
  0.41243662407761089  0.42164258564495211  0.43011249364811543  0.43867898178517417
  0.44763402528360902  0.45756903438635332  0.46995382111673145  0.48300584380062994
  0.49481491888084678  0.50571283852827031  0.51670221434342600  0.52679188917741115
  0.53702325311809618  0.54785814506291075  0.55829258267357151  0.56866963047967078
  0.57902988152904811  0.58987006845454093  0.60108897777968362  0.61195190070378958
  0.62315530503152738  0.63432474914322712  0.64522958568677924  0.65569293902909520
  0.66545934489156278  0.67510700661401479  0.68501604290899798  0.69538572083057137
  0.70639831072815495  0.71757046487109621  0.72862521380418921  0.74012806239084927
  0.75171550149961874  0.76318451016072730  0.77405241402981817  0.78476668797719307
  0.79550704676782547  0.80628907828298135  0.81735797250919584  0.82852078246056138
  0.83968247089296222  0.85137110872207211  0.86320428236629210  0.87444170749965455
  0.88517553861144693  0.89647205564114296  0.90869057739891146  0.92126632846320256
  0.93298142308446863  0.94316475731704652  0.95248768305627951  0.96191224458096380
  0.97126911329977872  0.98073660891004610  0.99018343650395391  1.00000000000000000
 -0.00297885046122253  0.01214221391526592  0.02477339029946221  0.03724861409033978
  0.04983939275460881  0.06231787766218629  0.07548919208391382  0.08909274217779263
  0.10368558369202165  0.11536678722721842  0.12681537169368234  0.13756289270314440
  0.14852148208732122  0.15898568490872356  0.16859348028231064  0.17764592999787532
  0.18660766088459890  0.19615004337488995  0.20643521414290458  0.21734061099582772
  0.22932158173603234  0.24240949971117146  0.25512963684768569  0.26666012375162035
  0.27770428750156023  0.28793821891697724  0.29794308270536829  0.30847960327039869
  0.32003528680330928  0.33343299613872623  0.34710805143115864  0.36178183082889870
  0.37642235756508741  0.39082980303801057  0.40440898977449441  0.41727087154020431
  0.42880802129583157  0.43860042850806730  0.44669002927720630  0.45519391938934012
  0.46451078450604200  0.47345940592361141  0.48195474681432582  0.49060801391357239
  0.50040714977265732  0.51136433567126860  0.52241849864638845  0.53385867149525912
  0.54483009478630817  0.55456729228318491  0.56419595604079931  0.57433804706632530
  0.58499236507310726  0.59338712279224981  0.60083572950895325  0.60908441726488949
  0.61763211599827716  0.62576334989311777  0.63322561157856716  0.64113948793323716
  0.64981022243820585  0.65786605061809156  0.66565167262448466  0.67411675642259639
  0.68366547665918820  0.69400188314886602  0.70555216136159682  0.71617444570837474
  0.72567959180865349  0.73514444746003693  0.74498344571876307  0.75581229047746279
  0.76664730682964377  0.77588157309860772  0.78395670675780760  0.79223360465665904
  0.80169921229642815  0.81153451944662414  0.82091453066699549  0.83012634325977241
  0.84010768978422623  0.85111931414102915  0.86315678231438453  0.87561055309842772
  0.88612964707597108  0.89579204048493699  0.90460842256207175  0.91338891508675479
  0.92369939056683570  0.93493177998559940  0.94653986867854090  0.95726979175773985
  0.96764448371221767  0.97767960750694549  0.98852028563280536  1.00000000000000000
  0.54087723526926956  0.63128720997967025  0.65936832688430635  0.68625021351547666
  0.71069533762432602  0.73422435406615671  0.75296964691861956  0.76905349908107890
  0.78326136368191679  0.79526682140286720  0.80706444100044772  0.81807451686746990
  0.82806364525405163  0.83743563681376076  0.84630851864329903  0.85444520570086047
  0.86176179027460609  0.86902312317140484  0.87615488603588321  0.88247896809990034
  0.88830344671035377  0.89396046920186556  0.89888101628878803  0.90329218899913255
  0.90764642826331488  0.91197350328849824  0.91611081066057887  0.91977617621578955
  0.92311957300302361  0.92637342615988594  0.92940178601270018  0.93235932959142898
  0.93513841056414959  0.93804647693302534  0.94045389593678197  0.94278111443245938
  0.94496436087586455  0.94716828086762628  0.94955491605894327  0.95196165556012313
  0.95432060592832424  0.95643182356599354  0.95820218272519908  0.95959192356370648
  0.96079984025307663  0.96204096064766398  0.96330717541934807  0.96460928424773040
  0.96591593450790225  0.96716812540654817  0.96840197327216071  0.96958352904783307
  0.97071008238825429  0.97179817470392227  0.97285313655940620  0.97395703476240802
  0.97507879441014678  0.97618942590735402  0.97728338930373559  0.97834947830199581
  0.97936971883172508  0.98031010203766011  0.98115710537643619  0.98197017889510252
  0.98273274006181655  0.98349287221279447  0.98422844851936331  0.98490163611443837
  0.98552772605188710  0.98613309773272029  0.98673375136969221  0.98734083877119017
  0.98797762712980752  0.98861961610513871  0.98924581847566628  0.98987131351480584
  0.99050680368926958  0.99110363162821835  0.99167894878759189  0.99224200990304190
  0.99279272078369463  0.99329346465114543  0.99377801789154407  0.99425013981909316
  0.99470646861276302  0.99515784861682843  0.99560274684332706  0.99603729425842524
  0.99646192286659097  0.99687329862831187  0.99727692775109256  0.99771415297324750
  0.99817910371929397  0.99869579431734457  0.99931077293618198  1.00000000000000000
   3.1598595053962122E-007  -1.0000000000000000     
 F F F F F F F F F F F F F F F F F F F F F F F F F F F F F F F F F F F F F F F F F F F F F F F F F F F F F F F F F F F F F F F F
  <DiscreteSampler_grid>
  grouped_processes
  1 # 1 for a reference and 2 for a running grid.
  10 # Attribute 'min_bin_probing_points' of the grid.
  1 # Attribute 'grid_mode' of the grid. 1=='default',2=='initialization'
  0.0000000000000000 # Attribute 'small_contrib_threshold' of the grid.
  0.5000000000000000 # Attribute 'damping_power' of the grid.
 # binID   n_entries weight   weight_sqr   abs_weight
    10   10   4.841321211618783E+002   8.854481718132261E+005   4.841321211618783E+002
  </DiscreteSampler_grid>
