  0.00312877016178800  0.01034265268081502  0.01815452183617110  0.02754944916703039
  0.03638860229318717  0.04406659852745294  0.05244872364671025  0.06169611053013813
  0.07044495893860193  0.08020188193403328  0.09026685123825154  0.10010127054648384
  0.10946426780030746  0.11949267893726283  0.12933025339567938  0.13917787017985292
  0.14943564152064079  0.16086833463666653  0.17330328050379190  0.18623641866098503
  0.20006394020320289  0.21224613510582677  0.22333385373028070  0.23406242541833425
  0.24306359153939122  0.24960650160299319  0.25622013511553166  0.26298590880866318
  0.26983331957942169  0.27751568579109448  0.28480601809413353  0.29126328355129305
  0.29765581320001921  0.30824806758284107  0.32043642498100694  0.33162941980142779
  0.34282076945535089  0.35431753841670971  0.36591074618439356  0.37783418540772334
  0.38978406323567433  0.40082433802165740  0.41252057469278680  0.42412826810740756
  0.43441242374054639  0.44671094854119298  0.45678546224222183  0.46483257009104512
  0.47282080164708423  0.48131591625986442  0.49164271250526204  0.50232064602713911
  0.51410105709435994  0.52466478428528818  0.53490574217464792  0.54508127657884564
  0.55594768972016440  0.56655023717180197  0.57854156500518072  0.59108757672276346
  0.60248957200514019  0.61413314371699390  0.62595496541082207  0.63790361397237227
  0.64893297373120085  0.65943825896513975  0.66993663340090315  0.68105421073865147
  0.69299809521395472  0.70630288933528718  0.71960982112727057  0.73138687898451837
  0.74162406690300631  0.75063017101539631  0.76053948705540753  0.77295039336378402
  0.78656334621725998  0.79943212617565229  0.81019028400490933  0.82125729074533549
  0.83519633192384002  0.85019012776762848  0.86331669567121572  0.87501749867042955
  0.88779545524227421  0.90100750726833823  0.91290435429371020  0.92259459910192076
  0.93139541343336341  0.94189659855004260  0.95435994579409289  0.96642077966206419
  0.97695491368864573  0.98570244409951080  0.99228445049745062  1.00000000000000000
  0.00000832689032473  0.00000885206039448  0.00000919244725277  0.00000954542645328
  0.00000992516561395  0.00001036546695412  0.00001087599924646  0.00001139021595595
  0.00001190927892760  0.00001245162847164  0.00001298297548055  0.00001350360132966
  0.00001401664540057  0.00001454132482460  0.00001519008685916  0.00001600942751696
  0.00001693412657397  0.00001801548654546  0.00001919479340800  0.00002043187990162
  0.00002172221488899  0.00002304648905918  0.00002453016734905  0.00002608987215423
  0.00002768519350805  0.00002940856845052  0.00003175373110985  0.00003456192547440
  0.00003740063249222  0.00004035826129874  0.00004333963644472  0.00004671310527604
  0.00005073682916209  0.00005549814785177  0.00006102008311100  0.00006691417778011
  0.00007300819207426  0.00007901039024845  0.00008497865458987  0.00009137009514404
  0.00009791117034377  0.00010534469417234  0.00011404530334457  0.00012496056077137
  0.00013749605913334  0.00015390069198467  0.00017274664751868  0.00019321633451129
  0.00021565917834041  0.00023979307667005  0.00026616583932716  0.00029618087364058
  0.00032866512423987  0.00036057773205683  0.00039024494895983  0.00041669958204463
  0.00044289638149620  0.00047308199648335  0.00050487976320256  0.00054141389008833
  0.00058520360444740  0.00062231851569675  0.00064553577120992  0.00066956711999302
  0.00069720867097198  0.00072628999979415  0.00075846104045319  0.00078890683194979
  0.00083875876886276  0.00091060020852330  0.00100122515154797  0.00110787620490865
  0.00122727472832647  0.00135485795365384  0.00149014107025732  0.00163839928281584
  0.00181383479650926  0.00198031368381713  0.00212018534005622  0.00228839354638700
  0.00250458610317523  0.00277574864053670  0.00302306727391277  0.00335832012266916
  0.00383171546236521  0.00442187448625464  0.00512858558309196  0.00600277365529744
  0.00714125536169881  0.00894042284956035  0.01194827049969838  0.01649792005489877
  0.02743868038641440  0.10249306546513694  0.77258500649943185  1.00000000000000000
 -0.00001743305959810  0.00014795064311780  0.00043217403941677  0.00079661491014523
  0.00119111421291665  0.00162227484266154  0.00212768655576882  0.00267989363544470
  0.00321100477027900  0.00378176370830591  0.00440584439142159  0.00509541632534126
  0.00585108316489431  0.00662532344870747  0.00737912203135346  0.00810451801468821
  0.00875849165513938  0.00931025048538142  0.00986832043603680  0.01040905418876277
  0.01104900676816617  0.01195862678843269  0.01289498675692082  0.01380885026387688
  0.01472476759760515  0.01565403187967185  0.01664821557275008  0.01772809582583577
  0.01890939996259997  0.02018724031262862  0.02139705398579305  0.02231173851734125
  0.02347523528630919  0.02478410925718702  0.02591256952610172  0.02672823795204947
  0.02756075417189084  0.02857517269652426  0.03004426458934982  0.03136204492114100
  0.03254351849997424  0.03392526406408212  0.03536635649097811  0.03693098858914075
  0.03858345150464777  0.04022390793386284  0.04216247810305461  0.04404492581192938
  0.04625260702074140  0.04883689592735338  0.05190041616059104  0.05554634611152359
  0.05898817447019618  0.06154472484578307  0.06331595719847700  0.06481805856057873
  0.06628382809010129  0.06779956140569152  0.06953130935978412  0.07103872208634628
  0.07225146166092875  0.07323941922077794  0.07455925117284862  0.07734143849049938
  0.08026817367515557  0.08309734458502500  0.08615827359053585  0.08948349875594666
  0.09280872392135747  0.09461582321421586  0.09635692308512034  0.09819185583749579
  0.10017507687467994  0.10257244436313570  0.10558130780018443  0.10867189324457298
  0.11228709347979200  0.11704999403149503  0.12175212984726740  0.12637782045395063
  0.13206580675390642  0.13903375590465547  0.14897034127714209  0.16258883376092864
  0.17556324772538820  0.18363076541193016  0.19144577431799598  0.19817918796952319
  0.20554478767448520  0.21003347435994213  0.21431647738275253  0.21896996587068915
  0.22456063700143511  0.23199757534294582  0.23555064919367491  1.00000000000000000
 -0.00754902732383372  0.02573699396590738  0.04775863274972848  0.06253728243695784
  0.07446352051171333  0.08469322383907006  0.09690684439376121  0.11159606318249828
  0.12716677305073296  0.14154324948967634  0.15517779540001497  0.16903941714102863
  0.18243515112966258  0.19530524124986134  0.20815921664336207  0.22112032166477874
  0.23408599131115598  0.24797107963322929  0.25972258044667568  0.27119072232076175
  0.28220351827848045  0.29335500625016148  0.30695408766231680  0.31994378926843292
  0.33189294888284931  0.34115797003863235  0.34914291290325178  0.35774776678780845
  0.36767244488451079  0.37894718796896215  0.38838403783166647  0.39763416072649888
  0.40923848465994900  0.42251594520691393  0.43444270270955054  0.44473630634977107
  0.45475866219814187  0.46377571448046540  0.47222828394647803  0.48145081176507254
  0.49127980304798563  0.50179294673653785  0.51275557111116821  0.52331204280474608
  0.53336934546119552  0.54332536366608375  0.55359747671698389  0.56426344548101470
  0.57447557353960921  0.58573132316667875  0.59679518278260968  0.60663739325887556
  0.61578987473432933  0.62459744103209081  0.63567877204893419  0.64609599649681493
  0.65746931281109389  0.66797159951481555  0.67663910013131356  0.68445446423267453
  0.69235229922942787  0.70090069786814524  0.71048936255667361  0.72080569368356151
  0.73132614175333033  0.74172928377000247  0.75159037369955672  0.76087354864335532
  0.76968231779708796  0.77874562598977481  0.78777721665306932  0.79423291185083311
  0.79864142780109448  0.80292317898253385  0.80704368974585672  0.81104131016187209
  0.81497934688245377  0.82278652652814976  0.83246370876263909  0.84131428378996675
  0.84955890632438524  0.85751308059826203  0.86589087829861389  0.87634642659342221
  0.88832859618342996  0.90000237570543862  0.91015809626261779  0.91892841688505866
  0.92707764751764155  0.93462666394827054  0.94250178995898681  0.95151765299972779
  0.96249334507838025  0.97489763552787434  0.98789451947231188  1.00000000000000000
 -0.00281828974256004  0.01070799362571386  0.02322733071979385  0.03484359458916421
  0.04608544642421036  0.05907760997269926  0.07202546312550136  0.08425334998954213
  0.09547618745229837  0.10620452778906149  0.11664629310464404  0.12698583156217966
  0.13838322650107979  0.15071399646705577  0.16272208931886042  0.17378314849245766
  0.18465317252889552  0.19592532925200731  0.20513093660514234  0.21342838439026907
  0.22433384525695152  0.23595528088903567  0.24771233498195305  0.25928101238909179
  0.27043178982733806  0.28130039300031945  0.29169114384540351  0.30116724628908181
  0.31074159225099968  0.32192431657981563  0.33337854248726723  0.34346866831217659
  0.35244722705524417  0.36158605491024021  0.37123733885432536  0.38117702609650633
  0.39142086139487670  0.40207122578702736  0.41338879687988567  0.42508168834651550
  0.43740216938806808  0.44964430648764242  0.46186486296910267  0.47439152736635787
  0.48721656018898346  0.49912069859765990  0.51051169771685379  0.52179214894827797
  0.53321228257180131  0.54526378514181573  0.55662866645718367  0.56641361978796323
  0.57399699897503442  0.57865398835324988  0.58303010860917948  0.58695516766430444
  0.59102598298869613  0.59790311016774900  0.60960577879409727  0.62117147174221332
  0.63130505222725974  0.63917705598654551  0.64626471873474123  0.65297092384680666
  0.66178623170309603  0.67225456335185241  0.68372572447723112  0.69600371764592872
  0.70824871249330568  0.72116971587359102  0.73475544137225457  0.74799856438796930
  0.76033992686896867  0.77211267386959948  0.78359328263783234  0.79480186953437171
  0.80545920567112839  0.81594046787831276  0.82693483671700974  0.83816623379948896
  0.84959086482388391  0.86144754169768500  0.87323121902274436  0.88491010790069957
  0.89619612699436457  0.90756245570519378  0.91979956913648175  0.93230964001407668
  0.94296044703177251  0.95141334469768757  0.95984081840300128  0.96748552723234216
  0.97461733207680801  0.98252547493425491  0.99123761764170615  1.00000000000000000
 -0.00077424593342172  0.00468630260390255  0.01031923460201183  0.01616301615137482
  0.02225742691262406  0.02844571463860879  0.03718855807648924  0.04859725333346182
  0.06024868753319478  0.07144361890449866  0.08236970911402508  0.09246432458438660
  0.10153089351586686  0.11142458863655857  0.12047516417698598  0.13016324607919816
  0.13960149574285594  0.14964491556770962  0.15951429790986185  0.16969434770410816
  0.17934967936727192  0.18820206060122963  0.19853220656940909  0.20971933044146940
  0.22152935539072768  0.23302601011587099  0.24347584281976700  0.25335256100242287
  0.26356791311920968  0.27435124064259453  0.28647703312230433  0.29900757631685393
  0.31064126456962099  0.32092093876186728  0.32907405522715721  0.33930004325757757
  0.35075833503594694  0.36258660049561137  0.37444077755903410  0.38661748363822451
  0.39904002686624623  0.41239231053719716  0.42628389889207668  0.44111754063321956
  0.45414193651156509  0.46650577325059844  0.47735020768417130  0.48748634181473266
  0.49761809165927229  0.50791356636418572  0.51726699152249545  0.52749569216556225
  0.53794626739651452  0.54672088663584928  0.55605897388814041  0.56789528344988771
  0.57872785463742094  0.58944761792817335  0.59994995921746697  0.60976564761382146
  0.61976930731223701  0.63019503591264014  0.64150220468712937  0.65332104441306482
  0.66574110633899464  0.67895323315473177  0.68981996019016389  0.70108612389866287
  0.71149597442310175  0.72031296217861351  0.72818810782244014  0.73628923705427096
  0.74728619935110518  0.76189024820740736  0.77499788816884096  0.78824273801959055
  0.79885192364896696  0.81040120818932293  0.82145822831341520  0.83081290069292990
  0.84099807837875651  0.85237603196116585  0.86228524023274822  0.87183910837536960
  0.88151135625543831  0.89191724594138488  0.90391167679038509  0.91626453871729008
  0.92752162240200176  0.93816041226953750  0.94878331438240149  0.95875010603212552
  0.96682540288136121  0.97656564465683893  0.98860586735909384  1.00000000000000000
  0.00013201107249160  0.00056663798462192  0.00105866424266236  0.00155040969664720
  0.00202130220897286  0.00245568961779051  0.00288786315550061  0.00332085003027074
  0.00375477242905262  0.00418903918089066  0.00464009102055288  0.00509873862136425
  0.00556493347781615  0.00603914482974923  0.00652116304603547  0.00700838366133731
  0.00750628168584018  0.00799415561832845  0.00847045721579208  0.00891979633258195
  0.00935215116621422  0.00977339774807779  0.01020042156071874  0.01065614393819138
  0.01111417990333276  0.01154338951854628  0.01198543188952128  0.01247579150247065
  0.01299988727456248  0.01355464622663205  0.01414793646536015  0.01478621381918913
  0.01544149896231879  0.01609038235317153  0.01671836586586391  0.01740296270312443
  0.01815669601758448  0.01899289823865077  0.01989759637544905  0.02080729064465374
  0.02170951484976025  0.02262662492425001  0.02357474855307713  0.02455035651126781
  0.02545265856144837  0.02624532781926875  0.02695741499263906  0.02763877649374821
  0.02838317653428148  0.02952591511630701  0.03078429125092370  0.03195039395586973
  0.03310442433730362  0.03426498897368107  0.03542620303909354  0.03650711115026344
  0.03765998462544676  0.03879147855176242  0.04022480618661099  0.04199266723482368
  0.04374938172753754  0.04577143385694028  0.04819336198645578  0.05102231297380547
  0.05465467390888496  0.05826043495584460  0.06089513527429446  0.06276573896675049
  0.06475354566575742  0.06660686716673317  0.06855771333107648  0.07023440934792287
  0.07120762632120055  0.07244518824270303  0.07459851665851495  0.07735005693059209
  0.07986136294749981  0.08232278321938760  0.08512216253935873  0.08870437613672537
  0.09334228551480775  0.09808130868437941  0.10225514710935596  0.10539077378294290
  0.11111584340853858  0.12059203455804014  0.13037734586991989  0.14907698965569038
  0.18053311500595315  0.18662615270397870  0.19689918687559005  0.21133126812667824
  0.22865370949704297  0.25645077745685141  0.65759121149655730  1.00000000000000000
 -0.00438898221411913  0.01861610021210988  0.04313169466835373  0.06741162909872860
  0.09155908081796407  0.11289053599439544  0.13078578995349180  0.14874417236730461
  0.16926664046855613  0.18907112612110333  0.20786813774290089  0.22560220415118232
  0.24156218044395239  0.25569397165245172  0.26890242083160804  0.28059591944951356
  0.29167962053666113  0.30288614230531202  0.31357143478164617  0.32333982245074816
  0.33284826233964721  0.34320273985787797  0.35387377388461644  0.36315567399417414
  0.37119436135898431  0.37821860899451026  0.38518635060510203  0.39296500106152732
  0.40106523123385412  0.40797287391694603  0.41394760853645074  0.41954410231548434
  0.42558895737636621  0.43140147392433448  0.43682749803031701  0.44232948840034503
  0.44814850394043620  0.45324839770201297  0.45850787509082952  0.46402632288463369
  0.46983068226906344  0.47543373281129436  0.47921467805354268  0.48226836279392105
  0.48566156865220750  0.48893518075307119  0.49230382783581805  0.49572544767131838
  0.49838720782914936  0.50132287888052252  0.50561496927257499  0.50998438539925650
  0.51471001753114043  0.51987725154918130  0.52556172680424373  0.53153807960746013
  0.53722099700734949  0.54385333428151139  0.54990848949328830  0.55585429092880800
  0.56194549264590410  0.56819417792172722  0.57467254125375378  0.58156334937872600
  0.58897306319982368  0.59815337431857429  0.60735332321851210  0.61543634559432725
  0.62240032192219419  0.62881331868571166  0.63523209301557715  0.64245149119094125
  0.65184075680540465  0.66187798102619044  0.67209919285031561  0.68080555316261737
  0.68878472942457913  0.69618002581446636  0.70407476692558368  0.71318179818160443
  0.72603113746649783  0.74173057160371125  0.75717513143006199  0.77226087893670126
  0.78764926405672508  0.80376768366225360  0.82217985222174284  0.84324125472359612
  0.86277063769955697  0.88267122152779465  0.90457335351417156  0.92712598275260572
  0.95205658970177032  0.97052709577058482  0.98449805910121924  1.00000000000000000
  0.38604240438334403  0.65738232010589237  0.75777761126837540  0.81940808577384272
  0.85961050636955039  0.88689453035575716  0.90637723491799504  0.92068712487663495
  0.93092489031889969  0.93857592377490362  0.94477022941004207  0.95003994001792502
  0.95470045695027539  0.95886354870900858  0.96221474034502708  0.96524447798480295
  0.96773977709994186  0.96992847630004242  0.97193365672337684  0.97388572650305749
  0.97578519280309239  0.97758273403035467  0.97917797487361447  0.98058350383336990
  0.98186015514302294  0.98303145132147329  0.98408933311127778  0.98501563741268983
  0.98586264698138604  0.98667998818837643  0.98751967318431233  0.98833621105334335
  0.98903976132814009  0.98964549091266785  0.99019771044324512  0.99070793117826372
  0.99121134759947160  0.99167417838786276  0.99208597987616431  0.99243991473532500
  0.99281040815219435  0.99319722038047253  0.99354841012797701  0.99386676808523389
  0.99416413772757772  0.99443220332452209  0.99469974558312679  0.99493882488403695
  0.99515829717068249  0.99538089936344731  0.99560253752925898  0.99580696836635429
  0.99599663245957459  0.99616699088215788  0.99632967703108799  0.99648047323091893
  0.99661025553362292  0.99672133932577978  0.99682392351575189  0.99693161299009903
  0.99705415775730288  0.99719055320244310  0.99733709553805339  0.99747992050825973
  0.99760360296612860  0.99770995325780065  0.99780900592818134  0.99789823294716284
  0.99798259617719998  0.99806268591150016  0.99814336339845944  0.99823774646369545
  0.99832723395956746  0.99840158718600214  0.99847758290040256  0.99854995704439142
  0.99861870895026694  0.99868792943236062  0.99875752000398721  0.99882855505340207
  0.99890162592645637  0.99896019339574660  0.99901444974885778  0.99907125806552677
  0.99912598028906041  0.99917685698954484  0.99922608374446853  0.99927658976731759
  0.99932752755999066  0.99937875518972430  0.99943484084046086  0.99949713318005839
  0.99956030271266216  0.99962666845538029  0.99968989527389562  1.00000000000000000
   1.8984537498719576E-009  -1.0000000000000000     
 F F F F F F F F F F F F F F F F F F F F F F F F F F F F F F F F F F F F F F F F F F F F F F F F F F F F F F F F F F F F F F F F
  <DiscreteSampler_grid>
  grouped_processes
  1 # 1 for a reference and 2 for a running grid.
  10 # Attribute 'min_bin_probing_points' of the grid.
  1 # Attribute 'grid_mode' of the grid. 1=='default',2=='initialization'
  0.0000000000000000 # Attribute 'small_contrib_threshold' of the grid.
  0.5000000000000000 # Attribute 'damping_power' of the grid.
 # binID   n_entries weight   weight_sqr   abs_weight
    10   10   1.118438278098177E-001   1.827803656225063E-002   1.118438278098177E-001
  </DiscreteSampler_grid>
