  0.00331844326772954  0.01270804853599492  0.02545505682595800  0.03913445713338529
  0.05310651829473197  0.06714611787600361  0.07952796662224551  0.09203936188893758
  0.10308993385454783  0.11341729385487188  0.12243916368415812  0.13183356037623861
  0.14017561502572123  0.14859295858721602  0.15691086680942046  0.16676021229617174
  0.17763508373601605  0.18860688837765446  0.19788192449257949  0.20678558408293252
  0.21652524807409806  0.22731211333183504  0.23952944883930727  0.25111423345781614
  0.26195240938951614  0.27377531172646763  0.28551361819355392  0.29625165876732268
  0.30622746748002477  0.31567398113064216  0.32384330429002350  0.33184390087032833
  0.34090563232484400  0.35194881948231516  0.36514265191785139  0.37905538731840849
  0.39284714276591859  0.40610517914744193  0.41906164709894961  0.43163174170698504
  0.44401993608578538  0.45564197249530358  0.46634134064455512  0.47658985781361751
  0.48654110544086654  0.49635429727852615  0.50638203544799698  0.51636351981790940
  0.52697914195400886  0.53706859731122791  0.54787252162370614  0.55992192063383572
  0.57403753330651830  0.58692920652142244  0.60078101374665926  0.61168222757135504
  0.62295723586676166  0.63293558446993603  0.64289577375484841  0.65297816693907584
  0.66339035754755293  0.67421636048620293  0.68416441748956536  0.69292626725365380
  0.70144382523212034  0.71041632730983661  0.72109995312095077  0.73071872177518149
  0.73990775225336824  0.74839800742839635  0.75892951151980959  0.77030617932089374
  0.78095979483608979  0.78960468305886211  0.79812519675656990  0.80738187010057794
  0.81783544178015488  0.82926014974152695  0.84011692625294399  0.85095064389478448
  0.86095782549319144  0.87112400491781228  0.88157605799431382  0.89350528094411452
  0.90461939063492136  0.91454904999976294  0.92499527466022846  0.93540611183315825
  0.94531260900173508  0.95501307630280441  0.96470868946834121  0.97336502839938566
  0.98075781000825923  0.98709993229567905  0.99187575250053273  1.00000000000000000
  0.00000937164861035  0.00001227546975262  0.00001526697627842  0.00001856074568872
  0.00002273691133241  0.00002884229793593  0.00003539890918826  0.00004224982748720
  0.00004954734415909  0.00005762002433091  0.00006622989560727  0.00007618444245769
  0.00008703005331519  0.00009949743243229  0.00011389214756546  0.00012973934831328
  0.00014534742166437  0.00016080226710974  0.00017642582419844  0.00019278479957264
  0.00021017529184498  0.00022824181270691  0.00024748774380481  0.00026710376996956
  0.00028753716576238  0.00031034932234122  0.00033230037785998  0.00035441688156769
  0.00037756009480519  0.00040187625494597  0.00042736330052719  0.00045434190286212
  0.00048196458569033  0.00050833851617208  0.00053808174173166  0.00057002849325016
  0.00060593140779576  0.00064417984131023  0.00068173183049870  0.00071983070812839
  0.00075887133031977  0.00080007819444388  0.00084200814175412  0.00088852512838163
  0.00094215787539921  0.00100246478160250  0.00106079401119856  0.00111824558765245
  0.00117458515450830  0.00123195810741390  0.00128862951720494  0.00134706166706889
  0.00141033766543332  0.00147982006928596  0.00155730529284935  0.00163807877392892
  0.00171792245896304  0.00180206231927913  0.00190305543389750  0.00201592596618988
  0.00213596328908876  0.00226508252340539  0.00240668430127507  0.00255694409588189
  0.00271366677911706  0.00287826863864278  0.00305847020287034  0.00325971263647509
  0.00346909533901349  0.00369525905450571  0.00393107804708018  0.00418568945887334
  0.00447075440036940  0.00478083488955268  0.00512968642098595  0.00553902462520852
  0.00598385697805174  0.00638861951877339  0.00674792102825700  0.00711154204561810
  0.00752264973443681  0.00804015626543131  0.00859186976159116  0.00921086924508090
  0.00992802743489337  0.01078542092138990  0.01225988466296354  0.01374519877954423
  0.01542486659911231  0.01682318972658259  0.01935261072772730  0.02241229317531173
  0.02653298198598938  0.03385681102712937  0.17391892510652604  1.00000000000000000
  0.00000823825543794  0.00000854522473064  0.00000886161593148  0.00000923581703457
  0.00000970210001045  0.00001026159082510  0.00001082134624779  0.00001140565801750
  0.00001205523078512  0.00001284663901259  0.00001374779810556  0.00001477645311019
  0.00001589294275322  0.00001714024946740  0.00001840564790805  0.00001966192738944
  0.00002093330688037  0.00002239838080301  0.00002409000641121  0.00002591882021431
  0.00002795856865961  0.00003021460625247  0.00003263149688405  0.00003542631933381
  0.00003855475238250  0.00004207590037329  0.00004572705187420  0.00004938988309621
  0.00005295816097785  0.00005670971090046  0.00006168468864172  0.00006764075176023
  0.00007501304276683  0.00008280883783083  0.00009028371954566  0.00009758516953774
  0.00010512244998026  0.00011336075349061  0.00012270392382024  0.00013299732645814
  0.00014362443384517  0.00015477967963549  0.00016690579315663  0.00018213861501107
  0.00019957867572173  0.00021832687471125  0.00023640996162642  0.00025493637310236
  0.00027553781797475  0.00029946856070825  0.00032720845667412  0.00035426039132516
  0.00038385078458923  0.00041754782325183  0.00045734294714313  0.00049841057711137
  0.00054301632757810  0.00058928818206236  0.00063912605168115  0.00069488221191000
  0.00075623895803801  0.00081749459302098  0.00087928987476164  0.00094851167981931
  0.00102843257856715  0.00110463071017050  0.00118837758931409  0.00128911571612573
  0.00139760394759480  0.00151535449298992  0.00165162874440590  0.00181726303146888
  0.00201001949551695  0.00221845932734359  0.00242697456549278  0.00264265944669219
  0.00287617959220046  0.00312353039316929  0.00348813468772458  0.00391951318235245
  0.00446549769585155  0.00501211051888777  0.00558609397868722  0.00617620846263602
  0.00680797687926137  0.00758558371575362  0.00833821341415520  0.00915348693074860
  0.01060143637663660  0.01265418120215357  0.01528121265786500  0.01816769820931176
  0.02065210282284117  0.02344589196427145  0.20660162822101749  1.00000000000000000
 -0.00216485952000870  0.00762391827626491  0.01635621567742900  0.02520757822369000
  0.03365120214852563  0.04180140619953597  0.04994610731545798  0.05830829787240097
  0.06662347539124626  0.07487510198790721  0.08316289733077559  0.09142947736850782
  0.09979597395351023  0.10758118242135319  0.11529597823125995  0.12304645206969297
  0.13123780162924753  0.13992245231310038  0.14904412814270399  0.15822362885593458
  0.16766583910698871  0.17733934736613366  0.18726679804914598  0.19712172736417014
  0.20701253239026818  0.21605297045956237  0.22502063350580620  0.23375897342977886
  0.24219244473083829  0.25032265942872556  0.25824609959987660  0.26638147100719090
  0.27491567508157982  0.28492508954884621  0.29425249847594959  0.30423691855256124
  0.31350588230690851  0.32417510015321616  0.33454358635911130  0.34516505049426399
  0.35645477409429588  0.36692743048121446  0.37697290094310076  0.38656926773886924
  0.39565438336313841  0.40496367419156032  0.41363575065676883  0.42150794981892598
  0.42966368468603033  0.43833964390842511  0.44877194562862144  0.46063698375877749
  0.47240594466246483  0.48326197278006711  0.49406143332132274  0.50417759407433183
  0.51494855348312629  0.52459645236401586  0.53406654374219009  0.54334890923430079
  0.55309034158343273  0.56295140398419918  0.57337274717141129  0.58327879536019789
  0.59329506106554897  0.60310446770794490  0.61381102190984305  0.62455697168289381
  0.63688512660289953  0.65002765761753645  0.66401056613580400  0.67767728374965741
  0.69047579292731309  0.70164621710458885  0.71170010993484789  0.72178050263789084
  0.73324068622903160  0.74775994735569973  0.76273931159110919  0.77783329234563159
  0.79115986282988771  0.80443133348533413  0.81749976441267613  0.83094022886005225
  0.84552448973827288  0.86088084922472752  0.87465777374050380  0.88646236804594891
  0.89866962932549377  0.91307358490930313  0.92776503264559018  0.94228760674312828
  0.95710323150795296  0.97209994036691783  0.98571356901074436  1.00000000000000000
 -0.00131425960978429  0.00530390245834461  0.01225734150715523  0.01993409613855066
  0.03062712624086070  0.04120455702288624  0.05205408806489922  0.06309089058172385
  0.07347898842132349  0.08376805682532157  0.09491533562961468  0.10647119032886536
  0.11736254181370548  0.12803322145823587  0.13910657300226875  0.15059463963966224
  0.16235040881220594  0.17327620994510951  0.18316271264510453  0.19212860440726812
  0.20084969719264617  0.21070623678614134  0.22167958683405803  0.23188429358673046
  0.24178293358831487  0.25194168349181439  0.26268645249235067  0.27292036859161667
  0.28279663547526385  0.29173448376868955  0.30041666732597944  0.30938199816981010
  0.31940878981163129  0.33084261630717549  0.34282831394415314  0.35521590042203144
  0.36713840327588976  0.37939338347756496  0.39212941489603081  0.40533796796701610
  0.41892641606673520  0.43175174268814398  0.44286509002825425  0.45343095993488269
  0.46478937447040353  0.47603288164157731  0.48651716013410518  0.49648558700523560
  0.50651081158467259  0.51741653383258013  0.52859915456002593  0.53895864564535678
  0.54848959693754540  0.55781771845246375  0.56794581998987892  0.57772751507992359
  0.58687679937653625  0.59619142262655422  0.60564611576339400  0.61642278185395893
  0.62691806507408254  0.63712117773010235  0.64767204828329017  0.65839850738613970
  0.67015304471404946  0.68195805616750305  0.69416682399430041  0.70592742930919383
  0.71778056694761860  0.72946935296350868  0.74011904996382127  0.74987791085539468
  0.75897684359711914  0.76774787380033516  0.77663301479702695  0.78642647193111337
  0.79731283775252859  0.80869907967872234  0.82038505009818152  0.83213261494731872
  0.84401590024356987  0.85606066004294445  0.86796248213466576  0.87994654657714622
  0.89176642255280714  0.90421305119621465  0.91581538725860978  0.92557846142568179
  0.93429432011035329  0.94244487831464763  0.95130517117349167  0.95983300876358535
  0.96875456818758976  0.97748282096947381  0.98873065214775735  1.00000000000000000
 -0.00231220463735323  0.00787227120946891  0.01715834132009332  0.02817812659192363
  0.03935336890647441  0.05031003038181770  0.06099561890801196  0.07255584522769813
  0.08462312555754753  0.09757708479420331  0.11010115992532325  0.12118505865065064
  0.13104350498347453  0.14058726804578661  0.15018753805436302  0.15950980796221881
  0.16893432692463137  0.17879920123084794  0.19006378942834123  0.20060677236841706
  0.21189737785539389  0.22305385663528887  0.23373249881161184  0.24382445817899320
  0.25378595102288826  0.26497041473848543  0.27758821126613542  0.28912382208631709
  0.30011483099113240  0.31067964561599770  0.32177294915832128  0.33365703485925213
  0.34500360961336868  0.35598282942650750  0.36524175846201834  0.37452288409312967
  0.38440610480906018  0.39434399648572088  0.40284323852319376  0.41059202818972829
  0.41887859854237675  0.42784941224147005  0.43697143140749622  0.44588619628805370
  0.45519596516110589  0.46603110277234017  0.47828755911889886  0.49142342783839704
  0.50326194661351442  0.51347545973161668  0.52300733231653140  0.53262650855591753
  0.54312141142426995  0.55380319323166338  0.56461439368580579  0.57420500669646590
  0.58292998185560585  0.59119795827665533  0.59986903672904690  0.60972552116810630
  0.62073512084678317  0.63295020028075311  0.64466165558110378  0.65611890302512910
  0.66596892865963242  0.67639363423324628  0.68758346030762962  0.70074680530807998
  0.71257779613167826  0.72274886830075546  0.73200927566552298  0.74178954203891667
  0.75292255578460687  0.76495512386709730  0.77727978902251826  0.78787399742706388
  0.79849847783363082  0.80924716878559122  0.82023063496049531  0.83084470079903616
  0.84133559156036630  0.85205547198529163  0.86338400564408069  0.87538560695206713
  0.88781600351899925  0.89919669107527100  0.90953447706487389  0.91935688312746511
  0.92903043850514455  0.93886622237353334  0.94871576830628979  0.95928577031997164
  0.97026382442094150  0.98042587033132522  0.99044470061031942  1.00000000000000000
 -0.00007174449418835  0.00080443358223027  0.00216843627639748  0.00335949009228107
  0.00444189658899966  0.00549891914843020  0.00652552083128801  0.00751323970817584
  0.00848370509523714  0.00938566218782769  0.01032288824304229  0.01127798914421413
  0.01223472985378711  0.01317852753187343  0.01410070806045768  0.01504483629730760
  0.01596414123255673  0.01689171821624898  0.01785770662945028  0.01884150637777666
  0.01981765479112091  0.02078202294647646  0.02174988343280907  0.02274399657059723
  0.02376469395387979  0.02482566309513472  0.02587769017492352  0.02687662909283495
  0.02785052430222013  0.02879186848672279  0.02977130393939042  0.03070098551615862
  0.03162121041055768  0.03254843663492549  0.03350859202717039  0.03455333550255271
  0.03557140677794191  0.03651707715617517  0.03739909205210701  0.03833411300889231
  0.03937232920057285  0.04046834789038124  0.04155751510827196  0.04254447664934859
  0.04357072410375235  0.04455147149109279  0.04556088682852111  0.04663603334911483
  0.04770920314645663  0.04867842790369303  0.04961587861699112  0.05056038398216343
  0.05158300645202313  0.05266733747144924  0.05375821123493620  0.05476856344839722
  0.05571620978988079  0.05670241551354149  0.05778637893347565  0.05907307405950578
  0.06075244380129989  0.06257750708076895  0.06420972256410376  0.06564039396239271
  0.06717201183570355  0.06851053367857965  0.06972422647344018  0.07092224952529050
  0.07221700093441194  0.07371552425131314  0.07475507833694070  0.07591987552566548
  0.07721006903903363  0.07839786746428383  0.07949136786436309  0.08060818704565051
  0.08217714658512222  0.08445735033896468  0.08688321605672363  0.08921036702079860
  0.09157045288897252  0.09373897625482527  0.09602898355831183  0.09838420661125791
  0.10120264276104972  0.10245736283603846  0.10343573198806937  0.10723687460336470
  0.11458620959860261  0.12193554459384051  0.14045587457735365  0.16596792376225114
  0.19147997294714864  0.21586330711699692  0.26832166809157698  1.00000000000000000
 -0.00186370773488531  0.00997841322533652  0.02066715099013638  0.03388345012084951
  0.04815883070730829  0.06436009682006656  0.08195061389351395  0.09851616725010584
  0.11319877318087551  0.12657572372052978  0.14005715688882933  0.15315375932569408
  0.16668604071650392  0.18020354608219932  0.19379604559370456  0.20628190692269840
  0.21835916118558069  0.23052369481699572  0.24349185357857397  0.25631726563175000
  0.26870634505934027  0.27946469759281528  0.28910157914668116  0.29802203641771985
  0.30739465227875767  0.31646294254879576  0.32456345797548203  0.33189672845386897
  0.33894038561442108  0.34609572962617957  0.35433906412814081  0.36349962993068091
  0.37278951275853717  0.38115980687938150  0.38965001707916647  0.39711660145582134
  0.40461724862344761  0.41278408896461488  0.42175547407355907  0.43158035540962775
  0.44161316953440499  0.45102901363157577  0.46002133759082181  0.46848658804963311
  0.47669366326187196  0.48443415953183078  0.49174493304899897  0.49913446127447153
  0.50651749606243246  0.51399190117115989  0.52139218775219753  0.52869147829648122
  0.53685009255409388  0.54454875144616299  0.55204831401337662  0.55841785758794138
  0.56456800508660943  0.57062882608701926  0.57703516142737243  0.58421281811250136
  0.59179099391481826  0.59963234948211253  0.60863112043984002  0.61838510764343879
  0.62805978119246331  0.63772241143989639  0.64760772684960777  0.65789798967528401
  0.66845141418393406  0.67867363837357131  0.68841808360000611  0.69800546201706126
  0.70757812040478818  0.71759153062932690  0.72704859324525450  0.73662233985704140
  0.74562734357670279  0.75493329145711052  0.76481604548322280  0.77524081577253312
  0.78818415900508543  0.80179022880133088  0.81520549286452104  0.82725510498561705
  0.83935597178967758  0.85210223409740726  0.86624582521475646  0.87966436906584200
  0.89224939170968498  0.90543640558725924  0.91835968423660452  0.93059201743230480
  0.94420983507071854  0.96225695292747238  0.98105694474017646  1.00000000000000000
  0.14354333819802614  0.62505050026430364  0.65596006794224992  0.68066760437546781
  0.70163547799787174  0.72039255539272506  0.73694777977226189  0.75221031727965115
  0.76555362143125016  0.77748421726779604  0.78908841915759176  0.79993207550858070
  0.80953479486553692  0.81844516009549440  0.82720742515472645  0.83558990515141851
  0.84339274223007066  0.85057213220852235  0.85667368814654832  0.86219869149391681
  0.86753473234846989  0.87278201502617381  0.87767907690212632  0.88226499787586765
  0.88645427079401939  0.89059125962257724  0.89456075577418848  0.89856335283432243
  0.90228102520748810  0.90600862582723907  0.90956745059680144  0.91300753733691908
  0.91628307490550409  0.91942654818598102  0.92245089163223593  0.92524742554729156
  0.92779861468166480  0.93020088131426570  0.93257671328661884  0.93498779872044868
  0.93746627093427426  0.93972092400543106  0.94194835392456078  0.94408092437801083
  0.94607997300742286  0.94799108782572328  0.94981821163209079  0.95165789383030119
  0.95355174414234323  0.95543313312697609  0.95722678713671261  0.95889652644414869
  0.96030192966227401  0.96175078993785668  0.96319498975219187  0.96462939949664306
  0.96607210859412662  0.96749241357805027  0.96885960784247094  0.97015062184140377
  0.97131988754694754  0.97245879034396865  0.97351401769951085  0.97456167337652733
  0.97557545103192123  0.97656732444778516  0.97757080203828184  0.97860186512369185
  0.97957235654362673  0.98052842036543797  0.98144374805634893  0.98232524815946798
  0.98319283143752001  0.98406662198711292  0.98492277249887472  0.98573087722671238
  0.98653705207003850  0.98727995047084860  0.98805924454677518  0.98886189306052674
  0.98966705883098749  0.99048649395010158  0.99128849770745542  0.99205720956140753
  0.99278176899472248  0.99348118476539915  0.99411226031672006  0.99470477456933393
  0.99526913644864112  0.99584199106962079  0.99642595563476721  0.99702342767988761
  0.99768641352818010  0.99840125885742526  0.99917134703156252  1.00000000000000000
   1.2450863630056975E-006  -1.0000000000000000     
 F F F F F F F F F F F F F F F F F F F F F F F F F F F F F F F F F F F F F F F F F F F F F F F F F F F F F F F F F F F F F F F F
  <DiscreteSampler_grid>
  grouped_processes
  1 # 1 for a reference and 2 for a running grid.
  10 # Attribute 'min_bin_probing_points' of the grid.
  1 # Attribute 'grid_mode' of the grid. 1=='default',2=='initialization'
  0.0000000000000000 # Attribute 'small_contrib_threshold' of the grid.
  0.5000000000000000 # Attribute 'damping_power' of the grid.
 # binID   n_entries weight   weight_sqr   abs_weight
    10   10   1.385692217034131E+003   8.193633608067520E+006   1.385692217034131E+003
  </DiscreteSampler_grid>
