  0.01246045156817249  0.02453346303297519  0.02823359273261713  0.03193372243225906
  0.03563385213190099  0.03933398183154292  0.04324970064615923  0.04753318672669429
  0.05181667280722935  0.05610015888776441  0.06038364496829948  0.06468085111297985
  0.06899145585983743  0.07330206060669500  0.07761266535355257  0.08192327010041014
  0.12608007064079421  0.13064679319722142  0.13521351575364865  0.13978023831007585
  0.14434696086650309  0.14891368342293032  0.15348040597935758  0.15804712853578487
  0.16261385109221213  0.16718057364863939  0.17174729620506660  0.17631401876149383
  0.18088074131792103  0.18544746387434827  0.24006789922555127  0.33555127635255005
  0.39756680071975992  0.40226882097093292  0.40697084122210592  0.41167286147327886
  0.41637488172445186  0.42107690197562481  0.42577892222679775  0.43048094247797070
  0.43518296272914364  0.43988498298031659  0.44458700323148953  0.44928902348266248
  0.45399104373383536  0.46563834174316804  0.56112171887016704  0.58417103437103912
  0.58526267624227291  0.58635431811350669  0.58744595998474047  0.58853760185597426
  0.58962924372720804  0.59072088559844182  0.59181252746967561  0.59290416934090939
  0.59399581121214318  0.59508745308337696  0.59617909495461074  0.59727073682584453
  0.59836237869707831  0.59945402056831210  0.60054566243954599  0.60163730431077977
  0.60272894618201356  0.60382058805324734  0.60474143099973221  0.60558299180022745
  0.60642455260072270  0.60726611340121794  0.60810767420171319  0.60894923500220843
  0.60979079580270368  0.61063235660319892  0.61147391740369417  0.61231547820418941
  0.61315703900468466  0.61399859980517979  0.61484016060567503  0.61568172140617028
  0.61652328220666552  0.61736484300716077  0.61820640380765601  0.61904796460815126
  0.61988952540864650  0.62073108620914175  0.62157264700963699  0.62241420781013224
  0.62325576861062748  0.62409732941112261  0.62493889021161786  0.71354986861899194
  0.80903324574599100  0.90451662287298984  0.97606523475310514  1.00000000000000000
  0.00002798474824102  0.00003061613678548  0.00003299531253169  0.00003583707796127
  0.00005200948136462  0.00010360090509562  0.00020636904693279  0.00039157085300539
  0.00043250966018968  0.00047754914927379  0.00052645695202005  0.00058038473685202
  0.00078625741955226  0.00081335112008824  0.00084044482062422  0.00086753852116020
  0.00089566832761361  0.00092676450640151  0.00095786068518941  0.00098895686397732
  0.00102024641731890  0.00105593634952012  0.00109162628172134  0.00112731621392256
  0.00116300614612378  0.00206719848377124  0.00239985892808014  0.00248615382168839
  0.00257244871529664  0.00265874360890490  0.00269275132312601  0.00271674666419876
  0.00274074200527152  0.00276473734634427  0.00278873268741703  0.00281272802848978
  0.00283672336956253  0.00286071871063529  0.00288471405170804  0.00290870939278080
  0.00293270473385355  0.00295670007492631  0.00298069541599906  0.00300469075707182
  0.00302868609814457  0.00305268143921733  0.00307804277210190  0.00310558287926017
  0.00313312298641845  0.00316066309357673  0.00318820320073500  0.00321574330789328
  0.00324328341505155  0.00327082352220983  0.00329836362936810  0.00332590373652638
  0.00335344384368465  0.00338098395084293  0.00340852405800121  0.00343606416515948
  0.00346360427231776  0.00349114437947603  0.00351868448663431  0.00355080564743150
  0.00358326409553582  0.00361572254364013  0.00364818099174445  0.00368063943984876
  0.00371309788795308  0.00374555633605739  0.00377801478416171  0.00381047323226602
  0.00384293168037033  0.00387539012847465  0.00390784857657896  0.00394030702468328
  0.00397276547278759  0.00400522392089191  0.00403768236899622  0.00757383590325839
  0.01508672988662253  0.03005206512410881  0.05986231541480144  0.07493032992833491
  0.07771198003039427  0.08049363013245363  0.08327528023451300  0.08606268009440335
  0.08885121629536284  0.09163975249632234  0.09442828869728183  0.10631189285685673
  0.10631189285686674  0.10631189285687674  0.10631189285688675  1.00000000000000000
  0.00000982063650891  0.00002551254932957  0.00002634083205108  0.00002716911477259
  0.00002799739749410  0.00002898025240546  0.00003006724615416  0.00003115423990285
  0.00003224123365155  0.00003518116636084  0.00003895906986068  0.00004292395067905
  0.00004462111031691  0.00004631826995477  0.00004801542959263  0.00004979419085829
  0.00005174206724602  0.00005368994363376  0.00005563782002150  0.00005775753044271
  0.00005999316127983  0.00006222879211695  0.00006446442295407  0.00006529550158494
  0.00006591454319368  0.00006653358480241  0.00006715262641114  0.00006777166801988
  0.00006839070962861  0.00006900975123735  0.00006962879284608  0.00007024783445482
  0.00007086687606355  0.00007148591767229  0.00007210495928102  0.00007272400088976
  0.00007334304249849  0.00007396208410723  0.00007461909147438  0.00007532958240628
  0.00007604007333818  0.00007675056427008  0.00007746105520197  0.00007817154613387
  0.00007888203706577  0.00007959252799767  0.00008030301892956  0.00008101350986146
  0.00008172400079336  0.00008243449172526  0.00008314498265716  0.00008385547358905
  0.00008456596452095  0.00008527645545285  0.00008608786179996  0.00008690331161333
  0.00008771876142669  0.00008853421124006  0.00008934966105343  0.00009016511086679
  0.00009098056068016  0.00009179601049353  0.00009261146030689  0.00009342691012026
  0.00009424235993363  0.00009505780974700  0.00009587325956036  0.00009668870937373
  0.00009750415918710  0.00014128233257462  0.00028939223156809  0.00032086333846050
  0.00034904339469264  0.00037980547796396  0.00041385354662384  0.00047941276270817
  0.00098249473670528  0.00120137862306470  0.00124394227401374  0.00128650592496277
  0.00132906957591180  0.00137150282818021  0.00141387937693607  0.00145625592569194
  0.00149863247444780  0.00156244907839768  0.00320749004464135  0.00657865849995005
  0.01348168261771309  0.02391904196711590  0.02391904196712590  0.02391904196713590
  0.02391904196714590  0.02391904196715590  0.02391904196716590  1.00000000000000000
  0.02982514699300134  0.03238956463403433  0.03495398227506731  0.03751839991610030
  0.04008281755713329  0.04364650720391373  0.04882425647594491  0.05400200574797610
  0.05917975502000729  0.06688436321521268  0.07910567195898684  0.09132698070276106
  0.10354828944653534  0.11576959819030949  0.15031658296869893  0.25017809084104603
  0.25507255254150024  0.25996701424195440  0.26486147594240861  0.26975593764286276
  0.27465039934331703  0.27954486104377124  0.28443932274422551  0.28933378444467972
  0.29422824614513393  0.29912270784558814  0.30401716954604230  0.30891163124649651
  0.34010508276248352  0.44355255993804443  0.50669898028304594  0.52144349225555497
  0.53618800422806423  0.55093251620057337  0.58479002560639737  0.60521169736094182
  0.60649758666440401  0.60778347596786619  0.60906936527132838  0.61035525457479056
  0.61164114387825286  0.61292703318171504  0.61421292248517723  0.61549881178863941
  0.61678470109210159  0.61807059039556389  0.61935647969902607  0.62064236900248826
  0.62192825830595044  0.62321414760941263  0.62450003691287492  0.62578592621633711
  0.62707181551979929  0.62835770482326148  0.62964359412672366  0.63092948343018596
  0.63221537273364814  0.63350126203711032  0.63478715134057251  0.63607304064403469
  0.63735892994749699  0.63864481925095917  0.63993070855442136  0.64121659785788354
  0.64250248716134573  0.64378837646480802  0.64507426576827021  0.64636015507173239
  0.64764604437519457  0.64893193367865687  0.65021782298211905  0.65150371228558124
  0.65278960158904353  0.65407549089250572  0.65536138019596790  0.65664726949943020
  0.65793315880289238  0.65921904810635457  0.66050493740981686  0.66179082671327905
  0.66307671601674123  0.66436260532020353  0.66564849462366571  0.68820403782022932
  0.79165151499579034  0.89509899217135114  0.92088326569390433  0.92621054442871120
  0.93153782316351808  0.93686510189832506  0.93849358398454374  0.93962160390576066
  0.94074962382697747  0.94187764374819427  0.94255131880442300  1.00000000000000000
  0.27017789681752519  0.38732047979922402  0.39991941308500079  0.41314089532438780
  0.48453981174315053  0.57709450852435618  0.63028822836814469  0.64125035792395180
  0.64650755266303028  0.64766615135362793  0.64882475004422546  0.64998334873482300
  0.65114194742542053  0.65230054611601807  0.65345914480661571  0.65461774349721324
  0.65577634218781078  0.65693494087840831  0.65809353956900585  0.65925213825960349
  0.66041073695020103  0.66156933564079856  0.66272793433139610  0.66388653302199363
  0.66504513171259116  0.66620373040318881  0.66736232909378634  0.66852092778438388
  0.66967952647498141  0.67083812516557895  0.67199672385617648  0.67315532254677402
  0.67431392123737155  0.67547251992796908  0.67663111861856662  0.67778971730916415
  0.67894831599976180  0.68010691469035933  0.68126551338095687  0.68242411207155440
  0.68358271076215193  0.68474130945274947  0.68589990814334700  0.68705850683394454
  0.68821772682200588  0.68937732931804541  0.69053693181408493  0.69169653431012446
  0.69285613680616398  0.69401573930220339  0.69517534179824292  0.69633494429428244
  0.69749454679032197  0.69865414928636149  0.69981375178240102  0.70097335427844054
  0.70213295677448007  0.70329255927051959  0.70445216176655900  0.70561176426259853
  0.70677136675863805  0.70793096925467758  0.75089215674123277  0.75529067366284508
  0.75968919058445739  0.76408770750606969  0.76848622442768200  0.77288474134929430
  0.77728325827090661  0.78168177519251902  0.78608029211413133  0.79047880903574363
  0.79487732595735594  0.79927584287896825  0.80367435980058055  0.80807287672219286
  0.81247139364380516  0.89626660758138610  0.90091907381438696  0.90557154004738794
  0.91022400628038880  0.91487647251338977  0.91895109594617208  0.92266431040955810
  0.92637752487294411  0.93009073933633002  0.93380395379971604  0.93751469601352355
  0.94069320333516782  0.94387171065681208  0.94705021797845634  0.95022872530010061
  0.95340723262174476  0.95658573994338902  0.96401828924814847  1.00000000000000000
  0.01843767960866288  0.27493849630593559  0.27904365927853786  0.28314882225114019
  0.28725398522374251  0.29135914819634479  0.29600072669433247  0.30068574203368970
  0.30537075737304692  0.31005577271240409  0.35417036994916540  0.44129432719049194
  0.50148630609187450  0.50604298046490637  0.51059965483793823  0.51515632921097010
  0.51971300358400196  0.52426967795703383  0.52882635233006581  0.53338302670309767
  0.53793970107612965  0.54249637544916152  0.54705304982219338  0.55160972419522525
  0.55616639856825711  0.56072307294128898  0.61564897803273155  0.70277293527405815
  0.77331759070016670  0.78467110189592604  0.79602461309168548  0.80737812428744471
  0.81873163548320405  0.83008514667896327  0.87527668300618200  0.87645076577806480
  0.87762484854994760  0.87879893132183040  0.87997301409371320  0.88114709686559600
  0.88232117963747880  0.88349526240936149  0.88466934518124429  0.88584342795312709
  0.88701751072500989  0.88819159349689270  0.88936567626877550  0.89053975904065830
  0.89171384181254099  0.89288792458442379  0.89406200735630659  0.89523609012818939
  0.89639281568216911  0.89753157006868645  0.89867032445520378  0.89980907884172112
  0.90094783322823846  0.90208658761475580  0.90322534200127313  0.90436409638779047
  0.90550285077430781  0.90664160516082515  0.90778035954734249  0.90891911393385982
  0.91005786832037716  0.91119662270689450  0.91233537709341184  0.91347413147992906
  0.91461288586644640  0.91575164025296374  0.91673407785010674  0.91707719444780789
  0.91742031104550903  0.91776342764321028  0.91810654424091143  0.91844966083861257
  0.91879277743631371  0.91913589403401486  0.91947901063171600  0.91982212722941714
  0.92016524382711840  0.92050836042481954  0.92085147702252068  0.92119459362022182
  0.92153771021792297  0.92188082681562411  0.92222394341332525  0.92256706001102651
  0.92291017660872765  0.92325329320642879  0.92359640980412994  0.92393952640183108
  0.92428264299953222  0.92462575959723337  0.92472273508707692  1.00000000000000000
 -0.00405728069242047  0.00413647637793181  0.00827295275586361  0.01240942913379542
  0.01654590551172722  0.02068238188965903  0.02540853303855262  0.03015701807305556
  0.03490550310755851  0.03965398814206146  0.04442179879543381  0.04920382692286088
  0.05398585505028795  0.05876788317771502  0.08333422924295031  0.08452524665754904
  0.08571626407214777  0.08690728148674652  0.08809829890134527  0.08928931631594400
  0.09048033373054273  0.09167135114514148  0.09286236855974021  0.09405338597433896
  0.09524440338893769  0.09643542080353643  0.09762643821813517  0.09881745563273391
  0.10000847304733265  0.10119949046193139  0.10239050787653012  0.10358152529112886
  0.10477254270572760  0.10596356012032632  0.10715457753492505  0.10834559494952377
  0.10953661236412250  0.11072762977872122  0.11191864719331995  0.11310966460791869
  0.11430068202251741  0.11549169943711612  0.11668271685171486  0.11787373426631359
  0.11906475168091231  0.12025576909551103  0.12144678651010976  0.12263780392470848
  0.12382882133930721  0.12501983875390593  0.12621085616850466  0.12740187358310340
  0.12859289099770210  0.12978390841230084  0.13097492582689957  0.13216594324149830
  0.13335696065609703  0.13454797807069574  0.13573899548529447  0.13693001289989321
  0.13812103031449194  0.13931204772909064  0.14050306514368938  0.14169408255828811
  0.14288509997288684  0.14407611738748555  0.14526713480208428  0.19578440633243824
  0.29100015509610816  0.31630895118904395  0.32122881407452070  0.32614867695999739
  0.33106853984547413  0.33598840273095087  0.34090826561642767  0.34582812850190442
  0.35074799138738122  0.35529191536434168  0.35897970847014010  0.36266750157593847
  0.36635529468173683  0.37004308778753520  0.37373088089333362  0.37757290808984562
  0.38149586451927375  0.38541882094870189  0.38934177737813003  0.39326473380755816
  0.42807402442461173  0.43640721241633101  0.43640721241634101  0.43640721241635100
  0.43640721241636099  0.43640721241637098  0.43640721241638097  1.00000000000000000
 -0.00142354170481363  0.31612357324464474  0.31974714648928948  0.32337071973393416
  0.32699429297857890  0.33061786622322364  0.33438142821520822  0.33856359198151237
  0.34274575574781657  0.34692791951412072  0.35111008328042487  0.35530266419402989
  0.35952353351771749  0.36374440284140508  0.36796527216509262  0.37218614148878021
  0.37935245521467276  0.39240931628179904  0.39914327103534070  0.40362973387497569
  0.40811619671461075  0.41260265955424574  0.41708912239388080  0.42157558523351574
  0.42606204807315073  0.43054851091278568  0.43503497375242067  0.43952143659205561
  0.44400789943169061  0.44849436227132561  0.45298082511096055  0.45746728795059555
  0.50167519070292954  0.50629455057873585  0.51091391045454215  0.51553327033034835
  0.52015263020615465  0.52477199008196096  0.52939134995776727  0.53401070983357357
  0.53863006970937988  0.54324942958518618  0.54786878946099238  0.55248814933679868
  0.55710750921260499  0.56172686908841118  0.62517823871823208  0.62625097232655647
  0.62732370593488074  0.62839643954320512  0.62946917315152950  0.63054190675985389
  0.63161464036817827  0.63268737397650265  0.63376010758482704  0.63483284119315142
  0.63590557480147580  0.63697830840980019  0.63805104201812457  0.63912377562644884
  0.64019650923477323  0.64126924284309761  0.64234197645142199  0.64341471005974638
  0.64448744366807076  0.64556017727639514  0.64644976552576305  0.64727678665576616
  0.64810380778576926  0.64893082891577236  0.64975785004577546  0.65058487117577857
  0.65141189230578156  0.65223891343578466  0.65306593456578776  0.65389295569579087
  0.65471997682579397  0.65554699795579707  0.65637401908580018  0.65720104021580317
  0.65802806134580627  0.65885508247580937  0.65968210360581248  0.66050912473581558
  0.66133614586581868  0.66216316699582178  0.66299018812582478  0.66381720925582788
  0.66464423038583098  0.66547125151583408  0.66629827264583719  0.71867067970828891
  0.81244711980552342  0.90622355990275782  0.97999108235041299  1.00000000000000000
  0.62928062280019126  0.87717436471281318  0.87934872942562647  0.88152309413843966
  0.88369745885125295  0.88587182356406613  0.88804618827687942  0.89022055298969260
  0.89239491770250590  0.89456928241531908  0.89666680833574808  0.89865763682216337
  0.90064846530857867  0.90263929379499397  0.90463012228140927  0.90662095076782456
  0.90861177925423986  0.91060260774065516  0.91259343622707045  0.91458426471348575
  0.91657509319990105  0.91923964609538089  0.92193668292753295  0.92463371975968500
  0.92733075659183706  0.93002779342398911  0.93272483025614117  0.93542186708829322
  0.93811635278612460  0.94080227237859004  0.94348819197105560  0.94617411156352116
  0.94886003115598661  0.95154595074845216  0.95423187034091761  0.95691778993338317
  0.95871344609857356  0.95951710750967401  0.96032076892077434  0.96112443033187478
  0.96192809174297511  0.96273175315407555  0.96353541456517589  0.96433907597627633
  0.96514273738737666  0.96594639879847710  0.96675006020957743  0.96755372162067788
  0.96835738303177821  0.96916104444287865  0.96996470585397898  0.97076836726507942
  0.97157202867617976  0.97237569008728020  0.97317935149838053  0.97398301290948097
  0.97478667432058130  0.97559033573168175  0.97639399714278208  0.97719765855388252
  0.97800131996498285  0.97880498137608329  0.97950816810296215  0.98012913270590274
  0.98075009730884322  0.98137106191178380  0.98199202651472428  0.98261299111766487
  0.98323395572060535  0.98385492032354593  0.98447588492648652  0.98509684952942700
  0.98571781413236759  0.98633877873530806  0.98695974333824865  0.98758070794118913
  0.98820167254412972  0.98882263714707030  0.98944360175001078  0.99006456635295137
  0.99068553095589185  0.99130649555883243  0.99192746016177302  0.99254842476471350
  0.99316938936765409  0.99379035397059456  0.99441131857353515  0.99503228317647563
  0.99565324777941622  0.99627421238235681  0.99689517698529728  0.99751614158823787
  0.99813710619117835  0.99875807079411894  0.99937903539705941  1.00000000000000000
   2.5691758689079702E-009  -1.0000000000000000     
 F F F F F F F F F F F F F F F F F F F F F F F F F F F F F F F F F F F F F F F F F F F F F F F F F F F F F F F F F F F F F F F F
  <DiscreteSampler_grid>
  grouped_processes
  1 # 1 for a reference and 2 for a running grid.
  10 # Attribute 'min_bin_probing_points' of the grid.
  1 # Attribute 'grid_mode' of the grid. 1=='default',2=='initialization'
  0.0000000000000000 # Attribute 'small_contrib_threshold' of the grid.
  0.5000000000000000 # Attribute 'damping_power' of the grid.
 # binID   n_entries weight   weight_sqr   abs_weight
    10   10   4.659595195414043E+002   1.464277050396946E+006   4.659595195414043E+002
  </DiscreteSampler_grid>
