  0.00265616749372702  0.11277657150465467  0.12138647634264262  0.13059015290252085
  0.14022326190290993  0.20297970580443245  0.33981592108134356  0.47665213635825471
  0.52495521934190781  0.53104256670369709  0.53712991406548627  0.54321726142727556
  0.54930460878906473  0.55539195615085390  0.56147930351264308  0.56756665087443225
  0.57365399823622143  0.57974134559801060  0.62527658605872727  0.62790011167914161
  0.63052363729955596  0.63314716291997031  0.63577068854038465  0.63839421416079900
  0.64101773978121335  0.64364126540162769  0.64626479102204204  0.64888831664245650
  0.65151184226287084  0.65413536788328519  0.65675889350369965  0.65938241912411399
  0.66200594474452834  0.66462947036494280  0.66725299598535714  0.66987652160577149
  0.67250004722618584  0.67512357284660018  0.67774709846701453  0.68037062408742888
  0.68299414970784333  0.68561767532825768  0.72615909743237561  0.73381624891445629
  0.73857032254682065  0.74332439617918489  0.74807846981154924  0.75283254344391359
  0.75758661707627784  0.76234069070864219  0.76709476434100643  0.77184883797337078
  0.77660291160573514  0.78135698523809949  0.78611105887046384  0.79086513250282831
  0.83507834196500352  0.83839018051479974  0.84170201906459607  0.84501385761439241
  0.84832569616418863  0.85163753471398496  0.85494937326378118  0.85826121181357740
  0.86157305036337373  0.86488488891316995  0.86819672746296617  0.87150856601276239
  0.87482040456255872  0.87813224311235494  0.88144408166215116  0.88475592021194738
  0.88806775876174371  0.89137959731153993  0.89469143586133615  0.89885000512587154
  0.90345415315404953  0.90805830118222752  0.91266244921040551  0.91726659723858339
  0.92187074526676138  0.92647489329493926  0.93107904132311714  0.93568318935129513
  0.94028733737947301  0.94489148540765089  0.94949563343582888  0.95409978146400676
  0.95884363556793983  0.96518343961372566  0.97152324365951148  0.97786304770529731
  0.98352825127521837  0.98901883418347891  0.99450941709173946  1.00000000000000000
  0.00005771315364438  0.00005820969123387  0.00005870622882335  0.00005920276641283
  0.00005969930400232  0.00006019584159180  0.00006069237918128  0.00006118891677077
  0.00006168545436025  0.00006218199194973  0.00006267852953922  0.00006317506712870
  0.00006367160471818  0.00006416814230767  0.00006466467989715  0.00006544747939314
  0.00006629622999204  0.00006714498059093  0.00006799373118983  0.00006884248178873
  0.00006969123238762  0.00007053998298652  0.00007138873358541  0.00007223748418431
  0.00007308623478321  0.00007393498538210  0.00011093969499681  0.00013223822196025
  0.00013635121542589  0.00014046420889152  0.00014457720235716  0.00014873328311351
  0.00015311109487587  0.00015748890663824  0.00016186671840060  0.00016624453016296
  0.00017073086461692  0.00017575539853326  0.00018077993244960  0.00018580446636595
  0.00019082900028229  0.00019672629457819  0.00020679850817624  0.00021687072177429
  0.00028255377416312  0.00044852846303777  0.00045600128073351  0.00046347409842926
  0.00047094691612501  0.00047841973382076  0.00048589255151651  0.00049336536921226
  0.00050083818690800  0.00050831100460375  0.00051641214384996  0.00052498890045830
  0.00053356565706664  0.00054214241367499  0.00055071917028333  0.00055929592689167
  0.00056787268350001  0.00057644944010835  0.00058502619671670  0.00059456397435554
  0.00060440775175166  0.00061425152914778  0.00062409530654390  0.00063393908394002
  0.00064378286133614  0.00065362663873226  0.00066347041612838  0.00067331419352450
  0.00089993378970273  0.00092136980826034  0.00094280582681795  0.00096424184537556
  0.00098567786393317  0.00100711388249078  0.00102815992361686  0.00104874343485407
  0.00106932694609129  0.00108991045732850  0.00111049396856572  0.00113107747980293
  0.00115166099104015  0.00130430412583880  0.00272769101631894  0.00571351372000217
  0.01193873949786241  0.02417849101327605  0.02417849101328605  0.02417849101329605
  0.02417849101330605  0.02417849101331605  0.02417849101332605  1.00000000000000000
  0.00001992081293824  0.00002530360819347  0.00002592294977889  0.00002654229136430
  0.00002716163294971  0.00002778097453512  0.00002842538249201  0.00002926806704607
  0.00003011075160012  0.00003095343615418  0.00003179612070824  0.00003670542743406
  0.00006552641212731  0.00006800245325074  0.00007047849437417  0.00007295453549761
  0.00007494454586778  0.00007633293527558  0.00007772132468338  0.00007910971409118
  0.00008049810349898  0.00008188649290678  0.00008327488231458  0.00008466327172238
  0.00008616213667767  0.00008775562905406  0.00008934912143045  0.00009094261380683
  0.00009253610618322  0.00009412959855961  0.00009572309093599  0.00009731658331238
  0.00009917688590857  0.00010119361339354  0.00010321034087851  0.00010522706836348
  0.00010724379584845  0.00010926052333343  0.00011127725081840  0.00011550864674233
  0.00012235319113059  0.00012923155775145  0.00013708722795555  0.00014494289815964
  0.00015350434683187  0.00016252051370213  0.00019771743688560  0.00045104976809432
  0.00077771314346305  0.00079028433577183  0.00080285552808062  0.00081542672038940
  0.00082799791269818  0.00084056910500697  0.00085314029731575  0.00086571148962453
  0.00087828268193332  0.00089133181522768  0.00090576011538151  0.00092018841553534
  0.00093461671568917  0.00094904501584300  0.00096347331599682  0.00097790161615065
  0.00099232991630448  0.00100675821645831  0.00102154733615605  0.00103810708961583
  0.00105466684307561  0.00107122659653539  0.00108778634999517  0.00110434610345495
  0.00112090585691474  0.00113746561037452  0.00115402536383430  0.00125321419277689
  0.00234510576413554  0.00241215008102110  0.00247919439790665  0.00254623871479221
  0.00261328303167777  0.00268006118560696  0.00274479251111667  0.00280952383662638
  0.00287425516213609  0.00293898648764580  0.00300371781315551  0.00311013731657617
  0.00709510748019403  0.01618589488275513  0.02523884087813025  0.02523884087814025
  0.02523884087815025  0.02523884087816025  0.02523884087817025  1.00000000000000000
  0.03326040108998622  0.03514133069729948  0.03702226030461274  0.03890318991192599
  0.04078411951923925  0.04454084769936441  0.04995573870395778  0.05537062970855115
  0.06078552071314451  0.14854168684406957  0.22999249063302177  0.23228871255267353
  0.23458493447232526  0.23688115639197702  0.23917737831162877  0.24147360023128051
  0.24376982215093226  0.24606604407058402  0.24836226599023578  0.25065848790988754
  0.25295470982953927  0.25525093174919100  0.25754715366884279  0.25984337558849452
  0.26213959750814625  0.26443581942779804  0.26673204134744977  0.26902826326710150
  0.27132448518675328  0.27362070710640507  0.27591692902605680  0.27821315094570859
  0.28050937286536037  0.28280559478501216  0.28510181670466395  0.28739803862431568
  0.28969426054396746  0.30942216070622203  0.35973420053691579  0.36837110409252705
  0.37700800764813824  0.38564491120374944  0.39428181475936069  0.40291871831497200
  0.41155562187058331  0.45865871032451666  0.46286805454223651  0.46707739875995635
  0.47128674297767620  0.47549608719539604  0.47970543141311589  0.48391477563083568
  0.48812411984855553  0.49233346406627532  0.49654280828399511  0.50075215250171490
  0.50496149671943469  0.50917084093715459  0.51338018515487438  0.51758952937259417
  0.54971382165572669  0.67562044817479083  0.69118969787926243  0.69526379531708349
  0.69933789275490466  0.70341199019272571  0.70748608763054688  0.71156018506836805
  0.71563428250618921  0.71970837994401038  0.72378247738183155  0.72785657481965271
  0.73193067225747388  0.73600476969529494  0.74007886713311610  0.74415296457093716
  0.74822706200875833  0.77199622128099610  0.77490809818058715  0.77781997508017808
  0.78073185197976913  0.78364372887936018  0.78655560577895112  0.78946748267854217
  0.79224904406484931  0.79462848584872015  0.79700792763259098  0.79938736941646182
  0.80176681120033266  0.80414625298420350  0.80652569476807434  0.80890513655194518
  0.81128457833581591  0.87409337348092730  0.92675286928812661  1.00000000000000000
  0.07305568059285478  0.07490864007992530  0.07676159956699583  0.07861455905406634
  0.08046751854113686  0.08232047802820738  0.08532943907998364  0.08973211098656807
  0.09413478289315252  0.09853745479973697  0.10294012670632141  0.16792547762338417
  0.17513404115830594  0.18234260469322769  0.18955116822814944  0.19675973176307118
  0.20396829529799293  0.21117685883291473  0.21838542236783656  0.22559398590275839
  0.28682023696549580  0.31426668305393018  0.31654527474299171  0.31882386643205329
  0.32110245812111482  0.32338104981017635  0.32565964149923787  0.32793823318829946
  0.33021682487736098  0.33249541656642251  0.33477400825548409  0.33705259994454567
  0.33933119163360720  0.34160978332266878  0.34388837501173036  0.34616696670079194
  0.34844555838985347  0.35072415007891505  0.35300274176797664  0.35528133345703816
  0.35755992514609974  0.35983851683516127  0.36211710852422280  0.36439570021328432
  0.36667429190234591  0.36895288359140743  0.37123147528046896  0.37351006696953054
  0.41456285570872831  0.50056989816926745  0.50282646627359229  0.50508303437791702
  0.50733960248224186  0.50959617058656670  0.51185273869089143  0.51410930679521627
  0.51636587489954100  0.51862244300386584  0.52087901110819057  0.52313557921251541
  0.52539214731684025  0.52764871542116509  0.52990528352548993  0.53216185162981466
  0.53441841973413950  0.53667498783846435  0.53893155594278919  0.54118812404711403
  0.54344469215143876  0.54570126025576360  0.54795782836008833  0.55021439646441317
  0.55247096456873790  0.55472753267306274  0.55698410077738758  0.55924066888171231
  0.56149723698603715  0.62601066334430266  0.74031562054135402  0.81369967876593030
  0.81695531383441244  0.82021094890289459  0.82346658397137673  0.82672221903985887
  0.82997785410834091  0.83323348917682305  0.83591149068936554  0.83857121680383073
  0.84123094291829592  0.84389066903276111  0.84655039514722641  0.84921012126169160
  0.85186984737615679  0.85379594961802163  0.85379594961803162  1.00000000000000000
  0.02244793971379596  0.23185716860096167  0.23454767053525660  0.23723817246955153
  0.23992867440384646  0.24261917633814140  0.24530967827243633  0.24800018020673126
  0.25082415070796060  0.25403456971578964  0.25724498872361873  0.26045540773144776
  0.26366582673927680  0.26687624574710589  0.27008666475493492  0.27299095140225238
  0.27580246103299610  0.27861397066373983  0.28142548029448355  0.28423698992522722
  0.28704849955597095  0.28986000918671467  0.29286634421915764  0.29622296239423740
  0.29957958056931716  0.30293619874439692  0.30629281691947668  0.30964943509455645
  0.31300605326963621  0.31636267144471597  0.31971928961979573  0.32307590779487549
  0.32643252596995526  0.32978914414503502  0.33314576232011478  0.43070055201371360
  0.43919658134997802  0.44101291482802862  0.44282924830607917  0.44464558178412972
  0.44646191526218026  0.44827824874023081  0.45009458221828136  0.45191091569633191
  0.45372724917438245  0.45554358265243300  0.45735991613048355  0.45917624960853415
  0.46099258308658470  0.46280891656463530  0.46462525004268584  0.46644158352073645
  0.46825791699878699  0.47007425047683754  0.47189058395488814  0.47370691743293869
  0.47552325091098929  0.47733958438903984  0.47915591786709044  0.48097225134514099
  0.48278858482319154  0.48460491830124208  0.48642125177929263  0.48823758525734318
  0.49005391873539372  0.49187025221344427  0.49368658569149487  0.49550291916954542
  0.49731925264759597  0.49913558612564651  0.50121097849271889  0.50352161561898678
  0.50583225274525456  0.50814288987152234  0.51045352699779023  0.51276416412405801
  0.51507480125032579  0.51738543837659368  0.51969607550286145  0.52178957809730264
  0.52367263045841317  0.52555568281952370  0.52743873518063422  0.52932178754174475
  0.53120483990285516  0.53308789226396569  0.53497094462507622  0.53685399698618674
  0.53873704934729727  0.54062010170840780  0.58747906334396449  0.69060929750796951
  0.79373953167197464  0.89622108736239470  0.90362757841746011  1.00000000000000000
 -0.00410017933847873  0.00031452706691759  0.00062905413383519  0.00094358120075278
  0.00125810826767037  0.00157263533458797  0.00188716240150556  0.00220168946842316
  0.00251621653534075  0.00283074360225834  0.00314527066917594  0.00345979773609353
  0.00377432480301113  0.00408885186992872  0.00440337893684632  0.00471790600376391
  0.00503243307068151  0.00534696013759910  0.00566148720451670  0.00597601427143430
  0.00629054133835189  0.00660506840526949  0.00691959547218708  0.00723412253910468
  0.00754864960602228  0.00786317667293987  0.00817770373985746  0.00849223080677506
  0.00880675787369266  0.00912128494061025  0.00943581200752785  0.00975033907444544
  0.01006486614136304  0.01037939320828063  0.01069392027519823  0.01100844734211583
  0.01132297440903342  0.01163750147595102  0.01195202854286861  0.01226655560978621
  0.01258108267670380  0.01289560974362140  0.01321013681053900  0.01352466387745659
  0.01383919094437419  0.01415371801129178  0.01446824507820938  0.01478277214512697
  0.01509729921204457  0.01541182627896217  0.01572635334587976  0.01604088041279736
  0.01635540747971495  0.01666993454663255  0.01698446161355014  0.01729898868046774
  0.01761351574738534  0.01792804281430293  0.01824256988122053  0.01855709694813812
  0.01887162401505572  0.01918615108197331  0.01950067814889091  0.01981520521580851
  0.02012973228272610  0.02044425934964370  0.02075878641656129  0.04774296307584751
  0.08301174222118657  0.11828052136652585  0.15354930051186499  0.18881807965720421
  0.22408685880254342  0.25935563794788252  0.29462441709322185  0.32989319623856089
  0.36516197538390016  0.40043075452923926  0.43569953367457853  0.47096831281991769
  0.50623709196525690  0.54150587111059612  0.57677465025593522  0.61204342940127454
  0.64731220854661353  0.68258098769195286  0.71784976683729196  0.75306173575461621
  0.77045381466547636  0.77045381466548635  0.77045381466549634  0.77045381466550633
  0.77045381466551632  0.77045381466552632  0.77045381466553631  1.00000000000000000
  0.00203752120335896  0.00900337383709477  0.01596922647083058  0.02169876637655820
  0.02456708619239083  0.02743540600822346  0.03030372582405609  0.03317204563988872
  0.03604036545572135  0.03890868527155399  0.04177958253677856  0.04471490484473480
  0.04765022715269104  0.05058554946064727  0.05352087176860351  0.05645619407655975
  0.05939151638451598  0.06232683869247222  0.06526216100042846  0.06819748330838470
  0.07113280561634093  0.07406812792429716  0.07700345023225340  0.07993877254020965
  0.08287409484816588  0.08690421506194973  0.09113738709781223  0.09537055913367472
  0.09960373116953720  0.10383690320539971  0.10807007524126215  0.11230324727712460
  0.11653641931298704  0.12076959134884949  0.12500276338471192  0.12923593542057438
  0.13346910745643681  0.13770227949229927  0.14193545152816170  0.15573262001295626
  0.23140912669810851  0.23684611862898017  0.24228311055985183  0.24772010249072349
  0.25315709442159512  0.25859408635246678  0.26403107828333844  0.26946807021421010
  0.27490506214508181  0.28034205407595353  0.28577904600682524  0.29121603793769696
  0.40629029213935469  0.53127270949406313  0.60513284559450231  0.60745112065150941
  0.60976939570851640  0.61208767076552340  0.61440594582253039  0.61672422087953738
  0.61904249593654437  0.62136077099355136  0.62367904605055835  0.62599732110756545
  0.62831559616457244  0.63063387122157943  0.63295214627858642  0.63527042133559342
  0.63758869639260041  0.63990697144960740  0.64222524650661439  0.64454352156362149
  0.64686179662062848  0.64918007167763547  0.65149834673464246  0.65381662179164957
  0.65613489684865656  0.65845317190566355  0.66077144696267065  0.66308972201967764
  0.66540799707668463  0.66853972974766473  0.67263774127743725  0.67673575280720977
  0.68083376433698239  0.68493177586675491  0.68878767342299996  0.69223710734173527
  0.69568654126047058  0.69913597517920589  0.70258540909794120  0.70603484301667652
  0.75003516529057479  0.78007024923960366  0.78007024923961366  1.00000000000000000
  0.56468146642049155  0.60787269077685624  0.61157871488704574  0.61528473899723524
  0.61899076310742485  0.62269678721761434  0.62660064567406759  0.63082931943966392
  0.63505799320526013  0.63928666697085634  0.64351534073645256  0.64786606035879768
  0.65236484308924059  0.65686362581968349  0.66136240855012640  0.66586119128056942
  0.73106135123014049  0.79226952166428510  0.79492114717128559  0.79757277267828608
  0.80022439818528646  0.80287602369228694  0.80552764919928743  0.80817927470628781
  0.81083090021328830  0.81348252572028878  0.81613415122728916  0.81878577673428965
  0.82143740224129014  0.82408902774829051  0.82674065325529100  0.82939227876229149
  0.83204390426929198  0.83469552977629236  0.83734715528329284  0.83999878079029333
  0.84265040629729382  0.84530203180429431  0.84795365731129480  0.85060528281829528
  0.85325690832529577  0.90569337916964154  0.95862848247532817  0.95952585949859703
  0.96042323652186590  0.96132061354513476  0.96221799056840362  0.96311536759167249
  0.96401274461494135  0.96491012163821022  0.96580749866147908  0.96670487568474794
  0.96760225270801681  0.96849962973128567  0.96939700675455442  0.97029438377782329
  0.97119176080109215  0.97208913782436102  0.97298651484762988  0.97388389187089874
  0.97478126889416761  0.97567864591743647  0.97657602294070533  0.97747339996397420
  0.97837077698724306  0.97924490873694237  0.97993674511237761  0.98062858148781296
  0.98132041786324820  0.98201225423868344  0.98270409061411867  0.98339592698955391
  0.98408776336498915  0.98477959974042439  0.98547143611585963  0.98616327249129487
  0.98685510886673022  0.98754694524216546  0.98823878161760070  0.98893061799303594
  0.98962245436847118  0.99031429074390642  0.99100612711934166  0.99169796349477690
  0.99238979987021225  0.99308163624564749  0.99377347262108273  0.99446530899651797
  0.99515714537195321  0.99584898174738845  0.99654081812282369  0.99723265449825893
  0.99792449087369428  0.99861632724912952  0.99930816362456476  1.00000000000000000
   1.6742442355485888E-010  -1.0000000000000000     
 F F F F F F F F F F F F F F F F F F F F F F F F F F F F F F F F F F F F F F F F F F F F F F F F F F F F F F F F F F F F F F F F
  <DiscreteSampler_grid>
  grouped_processes
  1 # 1 for a reference and 2 for a running grid.
  10 # Attribute 'min_bin_probing_points' of the grid.
  1 # Attribute 'grid_mode' of the grid. 1=='default',2=='initialization'
  0.0000000000000000 # Attribute 'small_contrib_threshold' of the grid.
  0.5000000000000000 # Attribute 'damping_power' of the grid.
 # binID   n_entries weight   weight_sqr   abs_weight
    10   10   3.442001364277996E+001   4.144206872345569E+003   3.442001364277996E+001
  </DiscreteSampler_grid>
