  0.00334018756413176  0.01225302939297072  0.02324145738754748  0.03554339232704171
  0.04770378638064766  0.05962679915996838  0.07099909513988695  0.08206025597509074
  0.09242522669655390  0.10316725563357224  0.11386085688843034  0.12498044605084098
  0.13578879158903265  0.14623433590699225  0.15684396797363032  0.16706966220009029
  0.17753473383462742  0.18793538514329286  0.19911524455069862  0.21042669127195285
  0.22206309714316752  0.23392097210534391  0.24597063525625681  0.25727312459187862
  0.26775619914153792  0.27810042452081796  0.28876961082195340  0.29958080213473437
  0.31042450859167670  0.32130345388897580  0.33252072179889447  0.34388772907329479
  0.35493911750718865  0.36557936212365261  0.37625097310612227  0.38709784115158286
  0.39741543992652556  0.40690209692521329  0.41634567129328620  0.42637242215136051
  0.43666949762324492  0.44641258843137993  0.45599887994209493  0.46606304133633397
  0.47643951131871437  0.48698067508676129  0.49758694446150153  0.50778287126717025
  0.51751487422562636  0.52714563937944114  0.53726381259575118  0.54815893145389771
  0.55927373810733938  0.57056849473445870  0.58227411164484499  0.59399317212166269
  0.60544409916897723  0.61652355995254904  0.62709581425477967  0.63718636145175056
  0.64697893606590318  0.65698446869944449  0.66754726944051901  0.67834211046538728
  0.68884916978530852  0.69887680474797564  0.70875326048644027  0.71856338261763097
  0.72825214703095564  0.73785444019906254  0.74773075707401360  0.75821530038353235
  0.76931417439116712  0.78056320543525259  0.79116668825162773  0.80152243128182599
  0.81160095824262835  0.82150143309991985  0.83107220502654233  0.84088589393893476
  0.85100057061303214  0.86091439556992144  0.87061931569008855  0.88030573633662446
  0.88997516758261086  0.89931999297256970  0.90814220391093026  0.91751661884402480
  0.92736306893749521  0.93704695455068232  0.94621374804045355  0.95512298878149327
  0.96437763858353154  0.97393508709342880  0.98333571884380844  1.00000000000000000
  0.00008449933662900  0.00009136361951263  0.00010553842570000  0.00012307822337207
  0.00014275396707814  0.00016600812129086  0.00019305736437327  0.00022309797342644
  0.00025768694233662  0.00029802964061178  0.00034226841485994  0.00038970620913338
  0.00044212485646116  0.00049812262809550  0.00055897406784660  0.00062449389667279
  0.00069281038962120  0.00076316405937080  0.00083530235960945  0.00091247314586230
  0.00099688262251400  0.00108585232363296  0.00117988942729899  0.00127822738518152
  0.00137831968660036  0.00148256037141071  0.00159090254038996  0.00170413692895391
  0.00182724117598584  0.00195958133348579  0.00210001086668789  0.00223390470209782
  0.00237163630338417  0.00250705068323347  0.00265335304094712  0.00279959278079821
  0.00294549304736872  0.00309922123721072  0.00326093353438412  0.00342874072455017
  0.00360248986732139  0.00378057109346716  0.00396732871797401  0.00417224588094914
  0.00438741687890590  0.00461615862907339  0.00485139092341226  0.00507981399243433
  0.00530821269985575  0.00555015158406414  0.00580192965929995  0.00606636841650432
  0.00634180483472996  0.00663050472961523  0.00694571606782250  0.00728547143977884
  0.00764219149455877  0.00801998839266662  0.00843413681003771  0.00888772670108624
  0.00930274107933438  0.00974391775303371  0.01021304230718762  0.01071895907733985
  0.01126673931467404  0.01184703048483429  0.01245504700652071  0.01308625038325605
  0.01375771108325601  0.01446691356450037  0.01530565345301309  0.01616552406691310
  0.01700214749579889  0.01795957407207149  0.01911531953824519  0.02047747489359176
  0.02192128008407154  0.02342207500548870  0.02492338945818947  0.02640467438000898
  0.02785898265506007  0.02942922313685537  0.03118449784767863  0.03323238481102279
  0.03554724501271226  0.03806256193701898  0.04143108120729824  0.04613564599358873
  0.05202345512029347  0.05877499980447465  0.06645203639518153  0.07755488293652193
  0.09782442903267341  0.12805058082202334  0.25557655941754942  1.00000000000000000
  0.00007147761290208  0.00008255876665061  0.00008783601294542  0.00009148408609697
  0.00009496733300298  0.00009838221491106  0.00010182898415515  0.00010543426888504
  0.00010952563745428  0.00011353644425565  0.00011755731733033  0.00012128068383982
  0.00012519758324517  0.00013087349813693  0.00013716665840311  0.00014380365649203
  0.00015139104271493  0.00015853486150260  0.00016549852951317  0.00017268839896388
  0.00018032537115533  0.00018840538270806  0.00019748230082038  0.00020657282355281
  0.00021527861120500  0.00022560217083841  0.00023645207556229  0.00024823038874255
  0.00026113363859336  0.00027497238813276  0.00028943428431967  0.00030406829607269
  0.00031997402525529  0.00033612970380998  0.00035325507262875  0.00037159192521621
  0.00039171381648373  0.00041335775018001  0.00043587832343662  0.00045942076293741
  0.00048594618848071  0.00051440423307588  0.00054413160446396  0.00057716505406245
  0.00061128603669536  0.00064662903912211  0.00068317355115238  0.00072073690637479
  0.00076127045371635  0.00080500565687591  0.00085161031365846  0.00090364055349340
  0.00096263464859229  0.00102461094966577  0.00108947030367706  0.00115892892999608
  0.00123536642292578  0.00131845832982714  0.00140708110773928  0.00150463677372813
  0.00161461057689889  0.00172552560748244  0.00183737357937616  0.00195700559831521
  0.00208364698128114  0.00223067000319369  0.00239918226082514  0.00258656324430291
  0.00278353975817073  0.00299583472766271  0.00322003757007713  0.00345858809656054
  0.00372274108078991  0.00401022124171779  0.00432873421049728  0.00468750580537632
  0.00509362057469642  0.00556081987459306  0.00606394859244346  0.00664071374169160
  0.00730676178205088  0.00814544233254430  0.00905724670037079  0.01010005348606326
  0.01124708880684175  0.01267341453562974  0.01437446203494242  0.01644162318207091
  0.01923717602117270  0.02345247397355561  0.02926463784744142  0.03689854389660924
  0.04891277436203336  0.07190131835192903  0.25935293526719994  1.00000000000000000
 -0.00140121083265532  0.00471237787463450  0.01031646983594264  0.01584938785436233
  0.02185470093887537  0.02826698863112410  0.03479022893595821  0.04147452133750883
  0.04848900794785408  0.05560089945635499  0.06273023346289706  0.07007512071306292
  0.07730010934861803  0.08460156541499060  0.09208368227694208  0.09980715812832196
  0.10774529705522198  0.11554070436252969  0.12362535881128596  0.13125899731499110
  0.13928536491104723  0.14718606015867744  0.15504978536940811  0.16277150659247211
  0.17070894462731454  0.17862484800845224  0.18676448726536279  0.19521619203333904
  0.20358510522092119  0.21185487971376604  0.22002834259254622  0.22814825294870830
  0.23630201938946216  0.24460448444343216  0.25312013644012360  0.26192013740716913
  0.27117154938927518  0.28077061040916051  0.29016660517034276  0.29936887657321898
  0.30849428112075655  0.31760425186930508  0.32714727976636104  0.33705333829605172
  0.34727003971766529  0.35729943866490654  0.36688808829514741  0.37622126875346096
  0.38572139178648973  0.39566340780118137  0.40557276333050041  0.41565365610892402
  0.42593694741718413  0.43651886135491519  0.44719486515887918  0.45802388134669086
  0.46874788273928297  0.47955851501922597  0.49050794897411110  0.50197436420497854
  0.51377244595404969  0.52623780090354677  0.53940656230288953  0.55230640591161406
  0.56478432300034898  0.57696238452390336  0.58909366649270745  0.60103916106170041
  0.61328120950656517  0.62579616655357095  0.63872797456656394  0.65138714852277702
  0.66425567601210334  0.67781624558061992  0.69225846162483373  0.70717205058451982
  0.72243956194960868  0.73661368467208366  0.75075893505690294  0.76432453344403373
  0.77792174707761996  0.79107308908900653  0.80435248156545913  0.81843419305509801
  0.83383844813972863  0.84957295138504152  0.86401476692665402  0.87823634752783442
  0.89355378086283854  0.90951110658918266  0.92535471628133303  0.94120468447697159
  0.95575386098068815  0.97022322423686758  0.98495890702812094  1.00000000000000000
 -0.00304920521269921  0.00975635426816475  0.02067372724913897  0.03192030092996190
  0.04282001083198112  0.05315667850035692  0.06323477451081889  0.07325152121094644
  0.08320748734409653  0.09321100434479926  0.10312354129270576  0.11288808274236402
  0.12312505053443241  0.13424638849275342  0.14576748766751210  0.15672169776469475
  0.16710621511746812  0.17742097009649863  0.18772644105967359  0.19788316450751775
  0.20745092631218992  0.21656284440861748  0.22600286931826538  0.23618648662311692
  0.24809295644618568  0.26045363984262854  0.27214610266885175  0.28323193589696805
  0.29362218768744064  0.30388264278935184  0.31403025744880969  0.32432511060734637
  0.33421992515838134  0.34389207292658086  0.35356067845997052  0.36380148052214989
  0.37407931945754724  0.38398933646047673  0.39422684251777712  0.40566577911519497
  0.41822468997264139  0.43022404534825304  0.44131428796318323  0.45174825453494427
  0.46183814674574009  0.47186586016670379  0.48221972388441081  0.49273231718506522
  0.50356303127526703  0.51414502246170823  0.52441419698041536  0.53463932264398462
  0.54451597398449447  0.55441231262565360  0.56452610025957517  0.57458590310930702
  0.58460351979156988  0.59463121234162952  0.60485248510207124  0.61489719664448672
  0.62419565222828000  0.63335720258326178  0.64236497669853099  0.65199978823159421
  0.66168128295664230  0.67187656498927006  0.68243754363763476  0.69400527955175517
  0.70600984483331630  0.71775149065508503  0.72906694547504947  0.74038590655052683
  0.75212351375411846  0.76456395298277513  0.77642904343318120  0.78710261492713407
  0.79717564599343771  0.80737446996806694  0.81791124730289166  0.82878099979523845
  0.84039710664668232  0.85269363354956118  0.86523372226124506  0.87695844981276505
  0.88785532176090032  0.89780475636601942  0.90717758006405713  0.91710058425297414
  0.92717426731734154  0.93755348107134118  0.94822568217091319  0.95952108406074066
  0.97034615495165821  0.98046510119420449  0.99003164747493555  1.00000000000000000
 -0.00198287345164225  0.00942926014132694  0.01945804125546963  0.02972864995368049
  0.04015062184014710  0.05095966533374167  0.06174409462397625  0.07247477694179225
  0.08323169466959288  0.09415693143574719  0.10511019411729239  0.11568366664548282
  0.12590639271882489  0.13601632155257809  0.14579309693832826  0.15570399406784127
  0.16595963871740246  0.17723690781426660  0.18862726983259140  0.19964140395121491
  0.21018939925600311  0.22088899647270030  0.23140918058432752  0.24193064277388596
  0.25251816999789589  0.26315545615714403  0.27395892559893675  0.28460405304181463
  0.29512151456712998  0.30594597768429649  0.31746564937997201  0.32955646326125138
  0.34093427193528991  0.35093977163780660  0.36053762318963739  0.37010996531005413
  0.37950892395473229  0.38882279523251062  0.39790434282098103  0.40713439358708120
  0.41686024710797248  0.42656722800363273  0.43613678237319420  0.44595880158334916
  0.45605434919720067  0.46632401175178573  0.47676532457013082  0.48700012474910120
  0.49743005999037820  0.50818880307169667  0.51965045071495097  0.53134628738656131
  0.54291730555332884  0.55418490656880781  0.56510072701121983  0.57577040068249719
  0.58581441074214502  0.59553279701310968  0.60542578081943721  0.61596072302871407
  0.62645019430344429  0.63661076633578628  0.64602039994699889  0.65604172783100367
  0.66617479641756294  0.67666825521985252  0.68674424128597622  0.69736309032564647
  0.70864783990925539  0.72066004412585338  0.73269430850355899  0.74379690929347253
  0.75441190684379245  0.76484781525598788  0.77545825928530054  0.78571977259550585
  0.79593503036798319  0.80601169134825190  0.81599273991546839  0.82603153545205088
  0.83653225364710682  0.84783575653486565  0.85911945684373081  0.87015098299894467
  0.88112897975419469  0.89147263926771103  0.90206235627725662  0.91254755869599846
  0.92299236705857368  0.93304062862634862  0.94336733338514045  0.95398058006972697
  0.96518470100748666  0.97619388365872239  0.98824793246030129  1.00000000000000000
  0.00293352935644003  0.00386697156273052  0.00624449768969052  0.00903777880205215
  0.01171918985512246  0.01426572274398380  0.01675959352150318  0.01923581459099499
  0.02167379303163182  0.02402086549541577  0.02634054327318395  0.02865984494108741
  0.03101050398040239  0.03336970524037543  0.03569245004335930  0.03800717570567719
  0.04039217699107753  0.04266313871187356  0.04490566693732225  0.04715112499302619
  0.04939022740434242  0.05163177670607939  0.05394242788419096  0.05632731827678079
  0.05879165048729153  0.06133271789630678  0.06395665359721256  0.06660245772601839
  0.06917108894683770  0.07168310767112666  0.07429121336418974  0.07693821542338028
  0.07969196843378475  0.08237024623827639  0.08522997944998294  0.08819343178541164
  0.09121606444870629  0.09415574050841682  0.09704635197292497  0.10008035409158848
  0.10331870767175862  0.10674398631526107  0.11023463534765023  0.11369786504303946
  0.11716866877545785  0.12115428162535671  0.12538701255774176  0.12888666387465908
  0.13261744162679107  0.13599939757284357  0.13940004266768460  0.14317434908621646
  0.14698277363744297  0.15086769391987964  0.15484451509011349  0.15881816814102240
  0.16284475594275488  0.16628038077603188  0.16957216338246203  0.17316132742384435
  0.17683856437970086  0.18219898771477733  0.18727950575643176  0.19250837343952248
  0.19721439913543687  0.20157732607526241  0.20675661504484860  0.21276959069671453
  0.21982590838705496  0.22713747061555939  0.23411816035372277  0.24192430787031927
  0.25357282776598222  0.27002428431170056  0.28856707703526313  0.30022039443922260
  0.30795501985813822  0.31503379419781646  0.32412492057729880  0.33506103833436596
  0.35976827910661230  0.38106693390029084  0.39253292489975894  0.40003488796316683
  0.40781809444175116  0.41584748283471551  0.42343591602120423  0.43215479150980812
  0.44960020246082388  0.47332285258428131  0.47853348206703161  0.48189798045741866
  0.48740450502419042  0.50201669537273919  0.52894893301478652  1.00000000000000000
 -0.00325400957463033  0.01503360957255738  0.03049649926035675  0.04665779095789607
  0.06244906970620243  0.07805139836895457  0.09322742778750276  0.10847150766922484
  0.12368103881137113  0.13758780122145797  0.15095563938758480  0.16397627651408653
  0.17629883748212385  0.18838021166626415  0.20091324901087809  0.21309535150983597
  0.22468458416298678  0.23620544968196444  0.24816702979770672  0.25981071235269843
  0.27119838877017949  0.28146770851369335  0.29084637031883220  0.29927343067559037
  0.30726283777085106  0.31556326818485714  0.32452831215495792  0.33371584668776266
  0.34341189472897654  0.35293816224477331  0.36213120466626864  0.37111288414639071
  0.37988333356760057  0.38888595229626260  0.39764884471829293  0.40627173994557791
  0.41442007294370442  0.42261628245820515  0.43060983560608834  0.43881208191018006
  0.44677761084705864  0.45432496585603271  0.46156832391513203  0.46879759858711778
  0.47640799411808410  0.48481319659681049  0.49380539076403884  0.50221164856347367
  0.50955915757907488  0.51640421158773009  0.52348553545186671  0.53080256171717033
  0.53815692251692837  0.54544486548957061  0.55246281614295178  0.55908647258866262
  0.56651023375004161  0.57446232690959820  0.58261410710237338  0.59100467927541633
  0.59969226258061692  0.60843946808047622  0.61699750785149021  0.62565267308031902
  0.63422631818667519  0.64278172727030947  0.65086446464697956  0.65866942885141722
  0.66722421441837509  0.67667508995503634  0.68640885043607613  0.69562393734603845
  0.70446198965442375  0.71376604274637712  0.72361929188745977  0.73372707867818210
  0.74344018335966056  0.75352991385132118  0.76426347347607737  0.77570433396320759
  0.78708294798605194  0.79930033875073681  0.81205026543801850  0.82479736518273028
  0.83736172437453760  0.85035075889675349  0.86446693661504193  0.87834608339863107
  0.89246429944530015  0.90619048918753886  0.92116322518427862  0.93678602620941898
  0.95285239877754146  0.96862672500400493  0.98420754546405020  1.00000000000000000
  0.27398762207279903  0.58070436044650853  0.60268225232115857  0.62373877830363300
  0.64255929986486049  0.65791643078614692  0.67065005226530994  0.68289060718967864
  0.69505279153820154  0.70697127361938117  0.71763803113847202  0.72720472628871635
  0.73653509626583880  0.74580904143240623  0.75438428889151243  0.76278018770425515
  0.77112486779645018  0.77866413547495006  0.78566528680194625  0.79226914691285433
  0.79833507080104316  0.80419577081300075  0.80999647547737608  0.81555627142493836
  0.82064849631957060  0.82555701761034017  0.83037883595321937  0.83523375290026247
  0.83994488716989446  0.84446272633711084  0.84877539893001619  0.85305643366340989
  0.85709494989531054  0.86093044715024425  0.86460553957444375  0.86808153951549549
  0.87140245976598052  0.87460518573118085  0.87782400196677746  0.88094929542022604
  0.88415235076880550  0.88723944343994077  0.89033866122983074  0.89335208155964951
  0.89639436046832233  0.89923955993668558  0.90208878269697457  0.90490505628803308
  0.90760906629979266  0.91011993528970325  0.91253220848726624  0.91487502702383694
  0.91719338519987992  0.91955954779984495  0.92192649257066839  0.92422450475041129
  0.92645576525494633  0.92872295783954362  0.93096037419614330  0.93314406691726748
  0.93527404932447533  0.93737056090922666  0.93939638227444722  0.94133764808414278
  0.94329019868483865  0.94523163818696976  0.94715726863028726  0.94903489772651639
  0.95082805949690463  0.95255471572925943  0.95423452822204891  0.95587081974528165
  0.95749916279555636  0.95915342404423143  0.96084803188963375  0.96255830230846473
  0.96426464986183147  0.96594334624370004  0.96757966896194292  0.96920129300919011
  0.97077581762886778  0.97231124653836809  0.97382708957623521  0.97534118739173581
  0.97686738167088127  0.97841938058832967  0.97999083260252706  0.98157812602667505
  0.98319945439282375  0.98488638722361377  0.98668379790912863  0.98888893129226252
  0.99173111567825745  0.99451104591698147  0.99738254704990614  1.00000000000000000
   5.5596961715938094E-009  -1.0000000000000000     
 F F F F F F F F F F F F F F F F F F F F F F F F F F F F F F F F F F F F F F F F F F F F F F F F F F F F F F F F F F F F F F F F
  <DiscreteSampler_grid>
  grouped_processes
  1 # 1 for a reference and 2 for a running grid.
  10 # Attribute 'min_bin_probing_points' of the grid.
  1 # Attribute 'grid_mode' of the grid. 1=='default',2=='initialization'
  0.0000000000000000 # Attribute 'small_contrib_threshold' of the grid.
  0.5000000000000000 # Attribute 'damping_power' of the grid.
 # binID   n_entries weight   weight_sqr   abs_weight
    10   10   1.427905939909633E+001   5.202222492780894E+002   1.427905939909633E+001
  </DiscreteSampler_grid>
