 -0.00227956842935555  0.00930362206677522  0.01929913213244036  0.02902424698154974
  0.03887656237938343  0.04883472902649214  0.05888732570170698  0.06887370758479643
  0.07884790788611538  0.08882559031142426  0.09889603711262458  0.10929304611596484
  0.11995432267125408  0.13068439891532271  0.14117424473539925  0.15184847204183180
  0.16275813421840121  0.17352449971597592  0.18396738352667266  0.19425786640211781
  0.20431302591179598  0.21414297447903757  0.22364528578782505  0.23346469227454975
  0.24356874145407520  0.25399214125857161  0.26457242102554651  0.27538208073505499
  0.28617566827966867  0.29673946802694229  0.30743122021403801  0.31833155030083915
  0.32975227657353351  0.34105161753672791  0.35211962584060297  0.36274713345605236
  0.37322545934051993  0.38353921486940024  0.39398197982684130  0.40458375617747239
  0.41518668837736733  0.42575156991757507  0.43625001026384425  0.44706448477622340
  0.45806918438713451  0.46911631636970635  0.48009536476073672  0.49110835782830314
  0.50185865413184216  0.51241141414871649  0.52274609880060119  0.53321864888992554
  0.54352103700807064  0.55371423882507409  0.56402052649214485  0.57460188418454827
  0.58510397934742397  0.59530528363628110  0.60539621861833404  0.61521550211331555
  0.62512879046564940  0.63503968550093493  0.64481331191850322  0.65461750297657695
  0.66484173090102239  0.67548323148272049  0.68621391060281400  0.69667540906887682
  0.70698547799843414  0.71689821958337197  0.72655526269160342  0.73646858741459686
  0.74695691941782183  0.75780884299586482  0.76861013136056522  0.77914165149204972
  0.78932856149751696  0.79942181217135599  0.80950371768144014  0.81984349624047137
  0.83041843020713124  0.84153767542997893  0.85262463526894616  0.86376893378041275
  0.87487215689632192  0.88599029456485168  0.89730479854090850  0.90802512036054639
  0.91885251113408906  0.92976992472835074  0.94107982509034560  0.95243853932822853
  0.96385103861864729  0.97523542131248619  0.98732097321241075  1.00000000000000000
  0.00690063913047660  0.01653436438428521  0.02796818782586585  0.03966023672528462
  0.05079003062635369  0.06181498287727408  0.07299764558405877  0.08400004660597163
  0.09453855371254449  0.10473942595365902  0.11494944723933008  0.12542367287325262
  0.13606849637936777  0.14690722170996948  0.15801128998988370  0.16939669053445369
  0.18053411088764607  0.19129690285449077  0.20158962579945419  0.21202101758177627
  0.22257828268804497  0.23339753168916921  0.24426755591761060  0.25510606339322262
  0.26603333787428984  0.27706290545886203  0.28828056597015977  0.29939551981487128
  0.31029417978150697  0.32105158543176576  0.33181683175744348  0.34248057391841363
  0.35312424252469277  0.36375586802585924  0.37420358361557921  0.38456552476028183
  0.39526059839350836  0.40643759491013126  0.41729723535620211  0.42748289110907461
  0.43756341879155458  0.44798639323654577  0.45850447756832968  0.46881953251012404
  0.47892647383638964  0.48900075355094619  0.49913171574069654  0.50941815374470056
  0.51971939255075306  0.52995680973488690  0.54020152417714939  0.55053121442945208
  0.56095790599507089  0.57134352550489254  0.58156422261132557  0.59173035313281031
  0.60207500606985365  0.61288429058448124  0.62368987586424696  0.63414912257150158
  0.64459390060791177  0.65527635760027647  0.66592829560558342  0.67621616845606425
  0.68640021114726335  0.69688431968213127  0.70752040569181862  0.71830016368662220
  0.72911772081078263  0.73970999637952084  0.74977922083979331  0.75964673753093304
  0.76954731175061075  0.77980034290271827  0.78998367104868117  0.80028307740550086
  0.81047414306241838  0.82086931471680535  0.83123831425700045  0.84167432471053827
  0.85221794973527543  0.86273462939698486  0.87320651805998750  0.88336954315657101
  0.89362454467188068  0.90404252485059278  0.91447334851108009  0.92496038413514869
  0.93529427063196358  0.94536850642546033  0.95497020148241218  0.96447594807298109
  0.97372238057075022  0.98301715979299020  0.99183525459176836  1.00000000000000000
  0.00007447942772082  0.00007992105417796  0.00008460134932134  0.00008937897993611
  0.00009465639261136  0.00010071835821799  0.00010759166340128  0.00011540997442211
  0.00012439909233281  0.00013430145088170  0.00014493419387554  0.00015636474767062
  0.00016863148159365  0.00018231387816088  0.00019781449571671  0.00021488667641560
  0.00023358677068555  0.00025382479214789  0.00027653654382824  0.00030194952529106
  0.00033176377969418  0.00036424685719078  0.00039929309835310  0.00043708132491575
  0.00047864459519734  0.00052463103906751  0.00057440290615460  0.00063031207053015
  0.00069157725014563  0.00076229753006667  0.00084197372525649  0.00092928581336072
  0.00102204153485616  0.00112140475578366  0.00122981404336097  0.00135041870874665
  0.00148515338569356  0.00163326132645467  0.00179598451928108  0.00197572910562409
  0.00217352316979241  0.00239415696851083  0.00264414095718672  0.00292727824397045
  0.00324041977647739  0.00357052941809332  0.00391730374422673  0.00429667471259198
  0.00471274463365237  0.00517176323628981  0.00568362674401227  0.00623151568806069
  0.00683578368034243  0.00748777736840486  0.00822550390636049  0.00903235460040804
  0.00989791320331529  0.01083884646164101  0.01186241412235906  0.01296798196486404
  0.01416578189947900  0.01549451540163772  0.01697978674287405  0.01857391665239204
  0.02036006567676309  0.02226497879682740  0.02439870861252724  0.02672335589263452
  0.02925758007512972  0.03194777819086762  0.03479752181947418  0.03785413069287596
  0.04123331975570976  0.04505944278985879  0.04930861401130192  0.05392432879138560
  0.05886172753548605  0.06413311113319373  0.06988963164950632  0.07638238489650415
  0.08331758661109136  0.09115681254628576  0.09981801552770844  0.10929078864219929
  0.12132304005003944  0.13507503652586306  0.15115170906137632  0.16796531476554666
  0.18691499231791017  0.21146681338114534  0.24492627919541596  0.29716855169384260
  0.36294321444588418  0.39416121368827417  0.69646487206436936  1.00000000000000000
 -0.00213320355413741  0.01051813459123070  0.02172861917009493  0.03285821800983614
  0.04404901650710414  0.05513013692558116  0.06615654411435488  0.07712340025386909
  0.08812203790982605  0.09896629885523529  0.11003562324660586  0.12129119834225827
  0.13260318326544354  0.14367318144620353  0.15453878416418945  0.16531069221992911
  0.17630504684614612  0.18735115304863048  0.19826421797738025  0.20855226798115356
  0.21849380105543131  0.22864024825677082  0.23895035592881625  0.24937479347155420
  0.25976229044752924  0.27026421768312636  0.28074989651859533  0.29103963161848756
  0.30156893713629612  0.31258456120055511  0.32444694818349884  0.33647746828379010
  0.34750753185592476  0.35844867218614812  0.36904072800857196  0.37978383812930150
  0.39008918047344104  0.40041271254241467  0.41101338888307765  0.42161905037665770
  0.43208700933842703  0.44250504720151179  0.45303847430731331  0.46356553077447199
  0.47414253788672794  0.48476683612862881  0.49544739502046448  0.50598454659114234
  0.51653484524047910  0.52725015233782824  0.53802374165127687  0.54877678243914074
  0.55908470664601273  0.56901964670789584  0.57893559531572170  0.58910696602843615
  0.59957544553133169  0.60979316220566460  0.62021312441160126  0.63101760802647511
  0.64196297544272440  0.65274228886652852  0.66367299824959614  0.67440719767570989
  0.68452780350536435  0.69422734816516685  0.70421306387074911  0.71468318207117199
  0.72524052496799751  0.73559230090075223  0.74567808637793931  0.75590284418151277
  0.76628190040806976  0.77707837220328069  0.78771753869138639  0.79794724876903189
  0.80757093110667511  0.81739599301005561  0.82735292816709782  0.83778948591232372
  0.84833774340834833  0.85868471402587598  0.86891932037499964  0.87920374884577801
  0.88943419462158368  0.89956629581791203  0.90960974509901571  0.91967864986880410
  0.93003609717823044  0.94036308411749137  0.95091781346298088  0.96111576077957506
  0.97084271790703558  0.98035366794022327  0.99005114554891038  1.00000000000000000
 -0.00252559130743548  0.01187420414776532  0.02350078310401623  0.03520688898084000
  0.04657044479087059  0.05753435708338506  0.06820910574532828  0.07891899316465523
  0.08978882977553017  0.10046230125268821  0.11044705292743362  0.12031646772963470
  0.13020383539423069  0.14029017040042405  0.15030754240472877  0.16055942421062441
  0.17084959019058146  0.18168014311337363  0.19215193001854861  0.20283397725778818
  0.21344016288764731  0.22396084353512280  0.23420621733202712  0.24451473562584852
  0.25523519922327248  0.26624618804746297  0.27690414717159778  0.28747933437566203
  0.29788141584409827  0.30837417089806413  0.31832574072484665  0.32820165290810782
  0.33800836880169255  0.34819295274399986  0.35883635436202177  0.36941116836808946
  0.37975788440407515  0.38959923429599119  0.39987656100673186  0.41031206175672486
  0.42102021390622379  0.43156379982510601  0.44243056572848199  0.45335259916519677
  0.46395395679304807  0.47417525058653487  0.48411036450974210  0.49380327788352940
  0.50352265786252615  0.51356744873195370  0.52422955822177320  0.53545765904604425
  0.54696986872548081  0.55817872417961123  0.56869224261382600  0.57939534531006243
  0.59030022143395522  0.60125000066233869  0.61170339430500154  0.62200912283542309
  0.63242942303523730  0.64308201198532511  0.65364812677548167  0.66405050314649938
  0.67414331746086475  0.68422698092405587  0.69431841691054996  0.70437793150919981
  0.71431338944581102  0.72424301123841728  0.73440243662624882  0.74483874611921153
  0.75532567492036051  0.76571694800299650  0.77599772972475300  0.78631856523470589
  0.79687700030008479  0.80771134077743800  0.81868172872715439  0.82975558536300864
  0.84083373038984877  0.85215062433135702  0.86357895322781519  0.87506425287457457
  0.88612530744948514  0.89715029075079544  0.90803633400837458  0.91876741004035822
  0.92903323221286760  0.93901145069252756  0.94914576906806192  0.95925900730719138
  0.96969836580999724  0.97982934750830164  0.99013319392305832  1.00000000000000000
 -0.00247546029963133  0.01001587347714947  0.02023875557556130  0.03080481333425836
  0.04118830748713467  0.05136811360460237  0.06168955421961215  0.07202723541039427
  0.08233352552455873  0.09257742073295416  0.10290218504399945  0.11317456102714803
  0.12364004928599176  0.13465610887464036  0.14542292627715986  0.15629777045464383
  0.16740289373130621  0.17899139113512808  0.19053150241271180  0.20167168633523372
  0.21254359043937107  0.22321048095511070  0.23401312600009780  0.24490182779735561
  0.25605591329386107  0.26724638462832562  0.27854958275934277  0.28982458253270665
  0.30060814009123465  0.31117778784104883  0.32159437825916992  0.33170874645812509
  0.34175533471310682  0.35187969705820910  0.36227171180430645  0.37290558531135964
  0.38340841384287666  0.39396276513449102  0.40453554511737544  0.41510123171942848
  0.42577404189566714  0.43673313687095627  0.44781880763637366  0.45890075710953193
  0.46912181082919951  0.47946696749996537  0.49002198201846286  0.50049453206906702
  0.51067898289122959  0.52081939574269798  0.53136123996538842  0.54210659130643601
  0.55250483031800768  0.56277699562131089  0.57326539283248024  0.58406635915460581
  0.59473603124899665  0.60519852681966646  0.61577413217294341  0.62666927310651299
  0.63734997971948515  0.64760719119748156  0.65776434365914271  0.66790853752461832
  0.67807831176541600  0.68813134826737821  0.69832238003366442  0.70866104846567368
  0.71873692325415817  0.72879057030969219  0.73885463153674003  0.74911402269142291
  0.75923204508473352  0.76923313367302049  0.77960005297477386  0.78971204014633112
  0.80029349373578229  0.81076219982110820  0.82126336642722031  0.83194313785892804
  0.84276681561992683  0.85347834465767247  0.86372297671422782  0.87412573360249146
  0.88478484796494228  0.89509358956911200  0.90554288952350248  0.91594991766294398
  0.92637438489242163  0.93690727084371106  0.94752465998966018  0.95805987458704589
  0.96836503802487139  0.97893510392870520  0.98949570316149005  1.00000000000000000
 -0.00248386085491625  0.00947943854131511  0.01973804373028977  0.03005496486786341
  0.04070019828872408  0.05088473419249102  0.06089349716712359  0.07087702697304031
  0.08102948096297370  0.09154219277311705  0.10213980857560524  0.11252361867262389
  0.12289153881652369  0.13341622644548043  0.14436628788866657  0.15521620337359263
  0.16567278745986211  0.17626577845821420  0.18717647117082276  0.19863309403265630
  0.20982224546157069  0.22040260673398693  0.23072082342016570  0.24085124505885186
  0.25125530434069537  0.26164428334688222  0.27216343637021045  0.28286147721094812
  0.29344790053883968  0.30391924368402712  0.31434281146525794  0.32479130696006125
  0.33553427974112543  0.34629969747819445  0.35730449372196188  0.36824801684914465
  0.37893102499416692  0.38936190488374295  0.39954299320134246  0.40979474636524194
  0.42033456326123980  0.43076825091991316  0.44118336556852539  0.45147591767063289
  0.46215253663348738  0.47284068611799213  0.48371379590400820  0.49465887809053033
  0.50550335549128189  0.51594731033582519  0.52625805524680314  0.53653784187052267
  0.54702381008551393  0.55748407196937011  0.56801641013370352  0.57851312599015492
  0.58899629537803799  0.59933524801000071  0.60978011237519592  0.62049901184096423
  0.63173507934165729  0.64291173616089881  0.65368672295615726  0.66401946668110357
  0.67415709798823908  0.68421330627141075  0.69408573067095547  0.70379401409268982
  0.71377411026003912  0.72399213580834310  0.73420449898694984  0.74437919571205324
  0.75498600251575809  0.76586291668649376  0.77691198477786960  0.78774642444899179
  0.79852708582856236  0.80906728958766749  0.81933660214084081  0.82948267302847511
  0.83936205505247530  0.84913274203171718  0.85907673311120103  0.86961367711133175
  0.88025644256762270  0.89099848468689435  0.90195648106285586  0.91314337345912466
  0.92461304959608326  0.93627261272678530  0.94740254461309747  0.95885145774759850
  0.96902466758337324  0.97969939374504778  0.98969931591800953  1.00000000000000000
 -0.00256188501451644  0.01017924566087510  0.02063057191241825  0.03102613895039337
  0.04145448579291681  0.05208022947948435  0.06274690959754552  0.07328382126464045
  0.08391314735142499  0.09474833160185557  0.10540930249992925  0.11581237837034751
  0.12583547698811956  0.13567166784678672  0.14552584787107881  0.15577910686982702
  0.16646714908063251  0.17740560971073821  0.18822875513751020  0.19929520496679923
  0.21020371168776011  0.22130172056703235  0.23197814385639831  0.24255047120381307
  0.25341387698701173  0.26419045384094431  0.27475371104882634  0.28549186276680760
  0.29639521245302275  0.30731829645883729  0.31764492232822844  0.32775415245586881
  0.33819350141749921  0.34874147569133590  0.35950855450320707  0.37023132185060509
  0.38101860936965215  0.39183850281304639  0.40272217335165422  0.41347248739093984
  0.42410123387069337  0.43455140447928076  0.44498066557867655  0.45557342709459542
  0.46613479888696935  0.47675603481471768  0.48725693244547230  0.49760051747834499
  0.50787844713030450  0.51807502673875083  0.52844765186601805  0.53849877404667379
  0.54864853892359666  0.55905271945667256  0.56994969830139997  0.58090650672805033
  0.59161283717399993  0.60210499111516746  0.61250711277859360  0.62303659788891330
  0.63355870348937549  0.64430940158772743  0.65493448737875282  0.66550129531584501
  0.67609794287305158  0.68678862924227024  0.69770467000697844  0.70839457093402658
  0.71913168219221213  0.72972352279695707  0.74058692974775109  0.75159529367442934
  0.76272705262934182  0.77361260314602298  0.78428462755241601  0.79472135532575450
  0.80523877953669287  0.81565650262951250  0.82603276381327373  0.83593577883077730
  0.84606264017195132  0.85628576571829074  0.86673794267606674  0.87678616679982146
  0.88695553332699006  0.89719126811061189  0.90776625669074840  0.91847173281070316
  0.92935633769013859  0.94009786719235511  0.95072184738324217  0.96097062921178622
  0.97070596523907504  0.98068321192793162  0.99029841860893553  1.00000000000000000
  0.04405019460542847  0.13915285014636450  0.23951281084222412  0.26377748540580298
  0.28757147605275124  0.31024121954330586  0.33169054279180438  0.35207477934449688
  0.37157528389436967  0.39059942425332389  0.40857734423269554  0.42609349155797466
  0.44283652995388184  0.45936205177292466  0.47551387630351727  0.49086547038230172
  0.50559382944236875  0.51974385443298965  0.53376779937141317  0.54762683403428869
  0.56102927468691854  0.57390040283416166  0.58634067533541867  0.59838885973823575
  0.61010987006842965  0.62171487246116353  0.63299837697021633  0.64384040475115312
  0.65438514792735369  0.66462210930458943  0.67444947945420786  0.68386750102313931
  0.69304859351697123  0.70195202681435009  0.71045137913352607  0.71870204980588570
  0.72686821114820843  0.73501104379301530  0.74286205744115374  0.75044626547894533
  0.75754714015583879  0.76464817529339801  0.77161226125046611  0.77836819299893611
  0.78491903090608428  0.79125856511008619  0.79735049837372884  0.80337805747448543
  0.80938746750129609  0.81532934166837934  0.82111715386892559  0.82669604263774277
  0.83214047984347428  0.83735035334815078  0.84232609587627916  0.84723312419303975
  0.85205219219666983  0.85673269766246596  0.86138021916111629  0.86597421334484992
  0.87038409849589760  0.87473085079578228  0.87873802965574543  0.88272915376592953
  0.88674020255561037  0.89070459785119482  0.89459878463492160  0.89837281364187505
  0.90199533182893865  0.90560407430318557  0.90917825182605461  0.91268346961668134
  0.91616607741672318  0.91947770201316747  0.92270930287399400  0.92590532433419914
  0.92903390457211876  0.93210189733201609  0.93509708409382009  0.93810488053304275
  0.94113925568974843  0.94417108791519677  0.94716871226938781  0.95012518256157308
  0.95307213872967478  0.95602819484102453  0.95906193890695379  0.96217075609826408
  0.96533551138179596  0.96855289808343958  0.97187520504267289  0.97535427814509690
  0.97926273023352939  0.98391769582289756  0.99019494788658624  1.00000000000000000
   1.6505742779487398E-010  -1.0000000000000000     
 F F F F F F F F F F F F F F F F F F F F F F F F F F F F F F F F F F F F F F F F F F F F F F F F F F F F F F F F F F F F F F F F
  <DiscreteSampler_grid>
  grouped_processes
  1 # 1 for a reference and 2 for a running grid.
  10 # Attribute 'min_bin_probing_points' of the grid.
  1 # Attribute 'grid_mode' of the grid. 1=='default',2=='initialization'
  0.0000000000000000 # Attribute 'small_contrib_threshold' of the grid.
  0.5000000000000000 # Attribute 'damping_power' of the grid.
 # binID   n_entries weight   weight_sqr   abs_weight
    10   10   4.093111129812729E+000   9.153346325333396E+001   4.093111129812729E+000
  </DiscreteSampler_grid>
