  0.00368088422962525  0.00961840275357733  0.01747049767979953  0.02676356756260718
  0.03565313427346067  0.04694757770715284  0.06002667975311120  0.07178501783011178
  0.08337752358136362  0.09602597644929868  0.10940454691916189  0.12090748168091470
  0.13134146272026018  0.14183830909304815  0.15321373134490360  0.16561061409563277
  0.17763995008714023  0.19002707162997756  0.20112389656320473  0.21209097473999924
  0.22356498216735371  0.23589967527433245  0.24887719391431706  0.26061672440849859
  0.27240481991657423  0.28475325587810096  0.29732927233290402  0.30879670634262013
  0.32016122029917204  0.33158425581654738  0.34242948673195556  0.35297490472955739
  0.36317045473473436  0.37283848321208890  0.38173272015203863  0.38969409012999101
  0.39863004706532557  0.40776267551130874  0.41771652405657250  0.42831669828473573
  0.43955168939188827  0.44988637939069981  0.45938523897148387  0.46860197434729772
  0.47798156972931510  0.48844939202094317  0.49856350961311274  0.50741722047084836
  0.51575112994546068  0.52454363627701761  0.53474074712968034  0.54597522758742811
  0.55591669847959846  0.56627154283243497  0.58118152280063284  0.59335595992035084
  0.60504215547223406  0.61841464346937802  0.63055862827699394  0.64192862265193962
  0.65413362039996170  0.66580881382512280  0.67708986862979048  0.68757708388261174
  0.69730461061764371  0.70740714989177789  0.71857234865486774  0.72971615690460767
  0.73938580809584598  0.74846514132325437  0.76056917609638941  0.77214282926563338
  0.78069392009057426  0.78898329173674564  0.79704406678474637  0.80486016333413668
  0.81035760189316430  0.81544451541590612  0.82014913343435947  0.82483240484349396
  0.83200137422631593  0.83925374746637404  0.84720572237607106  0.85542398192712210
  0.86655053136808602  0.87947033399138030  0.89069609523092941  0.90199632190400503
  0.91371598062179560  0.92663335072666941  0.93931493864132898  0.95060646284109995
  0.96169971541642729  0.97357353394980706  0.98638309246840938  1.00000000000000000
  0.00279799249399956  0.00428597261697805  0.00627801394042181  0.00798246797752451
  0.00935767949153427  0.01065322962489196  0.01195155893195449  0.01316461081347207
  0.01438597145811670  0.01561515276717547  0.01680934063982072  0.01784853007902366
  0.01882965243111661  0.01977901814187257  0.02080098406135261  0.02192617296819168
  0.02326022040720727  0.02464769361170651  0.02600652104952583  0.02734387235478173
  0.02877080893921677  0.03031182279590011  0.03191452797680126  0.03349996619609663
  0.03508021875187124  0.03670990782438403  0.03839379411614025  0.03998793956369303
  0.04171733713465336  0.04352091800725089  0.04537284556914884  0.04711291305518884
  0.04867974478007172  0.05013176075455630  0.05162061092026644  0.05327589164381295
  0.05491430510368354  0.05648396683100076  0.05802020055988315  0.05988477938247701
  0.06226332286040911  0.06458656366767093  0.06694702707574257  0.06900038545069723
  0.07057974175005904  0.07213081228079894  0.07380137955505028  0.07561937456486925
  0.07759586455207898  0.07951647780525642  0.08131530060564107  0.08306731399664956
  0.08480434328300088  0.08672378287629734  0.08887446805055427  0.09105759513792559
  0.09319820267219432  0.09537086912892564  0.09743567115262201  0.09945344544231963
  0.10159448458990888  0.10405877058265706  0.10645588122147734  0.10962986155704950
  0.11398314363815541  0.11860252234730609  0.12222257538820566  0.12515531007622072
  0.12843798649291005  0.13172369945719278  0.13548362682450021  0.14174169001805989
  0.15056402071830294  0.16022196186241083  0.16987758461966693  0.17906865642726302
  0.18760082495392288  0.19756395613707195  0.20636598126235284  0.22366170361339038
  0.24066987576825324  0.25093734257514921  0.25877297824611606  0.26808806695168597
  0.27461514645306018  0.28059470018400301  0.28625309842432306  0.29273935678513596
  0.30241956108012813  0.31477321507013972  0.32243097458493619  0.36094357308548808
  0.41725409924076784  0.47496939695059437  0.64066050517766082  1.00000000000000000
  0.00008012231621099  0.00012447669993812  0.00017003555813114  0.00022223834249627
  0.00028237608865876  0.00035484201048832  0.00043967679313014  0.00053296783177130
  0.00063156701151473  0.00073358799140038  0.00084920606975940  0.00097782504569269
  0.00110398731233459  0.00122987297980808  0.00135539607864259  0.00147170927790738
  0.00157775053808538  0.00168786918849084  0.00180144704651717  0.00192872422664601
  0.00206206513890509  0.00222084268753854  0.00240171561339208  0.00257725084804954
  0.00277518142361242  0.00297433398563783  0.00315161659699182  0.00334191690737431
  0.00352253750310175  0.00371589408061943  0.00394813178166993  0.00419757536529263
  0.00446047778871303  0.00473554765988756  0.00505632040949135  0.00544143361608776
  0.00584073743760640  0.00623906024843876  0.00661813864801505  0.00697460091294714
  0.00733809016492477  0.00771931332898449  0.00810292196605741  0.00860810292480987
  0.00916359517252587  0.00976254329633755  0.01039538131505962  0.01104023177395895
  0.01170392105130995  0.01234756567110316  0.01297860562761013  0.01357944593552922
  0.01418107244155776  0.01479841175121361  0.01538538817977723  0.01597657373979693
  0.01656779305245014  0.01716257056266714  0.01777616555446745  0.01837664614610320
  0.01904411158143610  0.01974049663401435  0.02051470694514554  0.02134135183512055
  0.02217839964245785  0.02311325643261893  0.02417137421081741  0.02533128981598278
  0.02641894799979846  0.02749513254565682  0.02853712049525947  0.02973084296761727
  0.03099717337411678  0.03261386175579302  0.03412789894193624  0.03562883951657931
  0.03727486424884403  0.03927667748604330  0.04183153233222427  0.04461393857272174
  0.04745421328492849  0.05057009275730490  0.05472459880258528  0.05991438205234819
  0.06689345465164438  0.07510267604866876  0.08364048117607693  0.09165043500093636
  0.09962990325541633  0.10847496126200913  0.11893758375449032  0.14988945973669918
  0.20139072742082276  0.24254252196079876  0.37219313491072087  1.00000000000000000
 -0.00357449368365687  0.01524221891519578  0.03124806945765620  0.04729642499568164
  0.06172492957613776  0.07601500181324104  0.09089487876329894  0.10545876833066867
  0.12172833577769611  0.13622947997478541  0.14828300143201723  0.15916994374441415
  0.16998268584655699  0.18095616611865706  0.19163955314435785  0.20110799146154223
  0.21059146686921615  0.21971572204988205  0.22905318870458993  0.23775477111964438
  0.24619309387417901  0.25472915578865918  0.26596020121079228  0.27660717274312829
  0.28867249900863262  0.30130282738779751  0.31474079310262626  0.32743208577052063
  0.33939514673924764  0.35067004737832558  0.36143216982895260  0.37223078723942837
  0.38359880585647166  0.39491934148035557  0.40490189494065371  0.41381243215165725
  0.42182284719752866  0.42967334031882820  0.43748166112394160  0.44595074000089935
  0.45472377704685146  0.46269557455600457  0.46955518673929253  0.47605961830463828
  0.48294384464137252  0.49128114830755509  0.50088256828296263  0.51090928472521357
  0.52056736070763088  0.53094919235458260  0.54136079312941476  0.54962079758636972
  0.55706734240357592  0.56511933408583381  0.57313791076562348  0.58076965102523492
  0.58807012262441483  0.59548367855913786  0.60306601656744829  0.61374622439514492
  0.62364624531783530  0.63273684171634814  0.64154715999079237  0.65074774348263609
  0.66035311564539123  0.67061539255399683  0.68169827380128079  0.69194139049991088
  0.70163411958794275  0.71148070493241855  0.72166905336235720  0.73178057759171822
  0.74030994144697548  0.74879371463362265  0.75905350745300215  0.77138802856280630
  0.78311308803275426  0.79481914019169830  0.80613502872756770  0.81640163695671397
  0.82606051350399134  0.83657443630035577  0.84765606006087235  0.85818789453827504
  0.86797057888540763  0.87830186605562766  0.89040426772450598  0.90219409833213882
  0.91127448396420407  0.92065120113961008  0.93000588081449431  0.94041489716749627
  0.95484397336802551  0.96972018949601146  0.98436000747977448  1.00000000000000000
 -0.00174946103254865  0.00778620633007383  0.01732441873782533  0.02587983457526282
  0.03435120816170534  0.04436992157295121  0.05586904558135350  0.06797155675844889
  0.08071601415565222  0.09180590349895806  0.10162859226755683  0.11134191335828114
  0.11967723816034599  0.12786295238572798  0.13705119268877436  0.14593272650946629
  0.15430433585912848  0.16708631619261194  0.17895209601790948  0.18944290978218944
  0.19717345472120457  0.20450003253675744  0.21220916308431664  0.22011803885661049
  0.22843626370687511  0.23638717258487613  0.24428250596376558  0.25321014658707863
  0.26352788546018424  0.27462199817349447  0.28774954792969604  0.30249405699732212
  0.31757869564701591  0.33017699355054891  0.34177710751022750  0.35104359048441597
  0.35990265762512480  0.36927716152888296  0.37789328618336443  0.38574093488174144
  0.39581479446629819  0.40803263540655260  0.42015871189030352  0.43126528911493772
  0.44257603974397886  0.45355478340214589  0.46460559610777064  0.47611231187132791
  0.48872601850121000  0.50224994779572185  0.51493241151318381  0.52639700978829529
  0.53527304710855939  0.54383808037374315  0.55207998665158853  0.56180131671996891
  0.57249168955967289  0.58156709577110377  0.58932952584218534  0.59689060814935135
  0.60540505056232996  0.61363785681394456  0.62155940346440375  0.62881368660328085
  0.63696202445247130  0.64621402311870146  0.65700853394706937  0.66855374342921892
  0.68078499451798336  0.69531125724423859  0.71087519432378121  0.72623667429743965
  0.74102150804071043  0.75373571176398513  0.76528435929660177  0.77642573228773570
  0.78764063475240231  0.79857256883770977  0.80948646621841969  0.82076304030447822
  0.83224826922165285  0.84345947159599599  0.85431076872912892  0.86574837074667277
  0.87664657842255767  0.88677620032515003  0.89717367051340047  0.90855052762052457
  0.92066920517650230  0.93290429998032842  0.94554912015497461  0.95813856327121250
  0.96843246773917657  0.97871820368004991  0.98897143251634612  1.00000000000000000
 -0.00494561652118451  0.03037119977141998  0.06538547331947135  0.10281391939613284
  0.14005110696520165  0.17680101171628163  0.20596222434033440  0.23393375409342071
  0.26028441957000437  0.28387721953380562  0.30824834943839086  0.33081446183773977
  0.35044968487815598  0.36747313998493919  0.38387651224852593  0.40098841339268770
  0.41775860728483927  0.43535541209942052  0.45364609978811038  0.47053855559444080
  0.48697354478056076  0.50357735504205670  0.52005820877571907  0.53450454745808285
  0.54938932674567631  0.56473980556942394  0.57978696185360179  0.59372360384965828
  0.60623441953063528  0.61807893040778406  0.62983190796047628  0.64199843328809392
  0.65374561501487982  0.66533076663410640  0.67733082658300137  0.68898928506500123
  0.70076210348759127  0.71138362138849309  0.72176093126124463  0.73124199724894379
  0.74038478466880997  0.74931000078635768  0.75761743107617163  0.76595453620720721
  0.77310448749510075  0.77925257090592870  0.78507261644681003  0.79097840748102943
  0.79696886144819767  0.80272634034122270  0.80819176850314289  0.81352530729463557
  0.81889735994774504  0.82439388796907920  0.82984354836953511  0.83567427020390606
  0.84177058978593466  0.84853978573378630  0.85513410222337294  0.86120419203308196
  0.86685222852865063  0.87244852301123599  0.87796944208327143  0.88314069902817283
  0.88792708360492167  0.89265031179730336  0.89737031702709602  0.90176405847570551
  0.90614241085079172  0.91030618072209879  0.91472378281394751  0.91912009089597912
  0.92317512207162677  0.92718188545315017  0.93107465550978563  0.93491343040639630
  0.93875139152150600  0.94257497076760932  0.94635950176141559  0.94998860088266401
  0.95308994563136862  0.95601948769403466  0.95880811682230926  0.96214137245895981
  0.96578008546482019  0.96929195669264878  0.97271164043041503  0.97625758743152302
  0.97977029368491553  0.98316499690837145  0.98612111961504767  0.98876642057044428
  0.99140605793726566  0.99411671634596455  0.99707079679285460  1.00000000000000000
 -0.00334090279551291  0.01457710875887812  0.02553239284340120  0.03530375867431068
  0.04432481195201920  0.05438058620619990  0.06357371322941338  0.07143546399789788
  0.07992742423204537  0.08767793261706777  0.09603970374116629  0.10587213164123470
  0.11568511307844412  0.12499187562609135  0.13506636418619658  0.14610318333970895
  0.15767619427965815  0.16957676418563206  0.18232585768391496  0.19450447460639300
  0.20528538851306899  0.21634277548646075  0.22688037956053028  0.23752358493866307
  0.24836082420035227  0.26065242861726967  0.27360766676268805  0.28529672854990562
  0.29807169876300527  0.31059491985601045  0.32239470604319026  0.33388728544734114
  0.34490874886009482  0.35560819718494785  0.36718477031247188  0.37942765927312616
  0.39098921328174285  0.40118043091787631  0.41093321002669891  0.41986270870053960
  0.42734348704786312  0.43490234558903285  0.44197297112958228  0.44760156041976706
  0.45755894706936057  0.46760992100941284  0.47709180841438953  0.48645357558823277
  0.49619742238500869  0.50932393123581687  0.52355159942039975  0.53672097702613020
  0.54845078429233596  0.56001193556468309  0.57141958715398111  0.58288937723242895
  0.59513554754085074  0.60758887933722683  0.62045188404991236  0.63345529717934357
  0.64603540551690664  0.65818295174459662  0.66878557418242990  0.67815460345597034
  0.68733774038109063  0.69567892296042200  0.70402615285011194  0.71546697750640575
  0.72668637440337958  0.73769165818374216  0.74931593997644952  0.76397447853637979
  0.77989922963942393  0.79400989241723430  0.80537561277892955  0.81552208710021190
  0.82476965867986840  0.83556070393022386  0.84661674124320496  0.85605767269113675
  0.86476994135250729  0.87202777117220598  0.87893532244490546  0.88606518354770114
  0.89405489109867065  0.90270799056519924  0.91105594518143640  0.92216657160389259
  0.93477437849924727  0.94491704850925873  0.95400498976030146  0.96437463108524857
  0.97448308445728382  0.98366054403572600  0.99193371321574542  1.00000000000000000
 -0.00201152906802540  0.00839700607291987  0.01925644019107974  0.02971332142143266
  0.04438692333314839  0.05841538898713790  0.07272673929859007  0.08489061811686215
  0.09467963581815790  0.10460121938422766  0.11382734823109927  0.12142681525305156
  0.12833654414358170  0.13537031851347159  0.14303569453905093  0.15340285992982722
  0.16652308240493746  0.18139384715473642  0.19462715527463192  0.20507419835700805
  0.21440538855221924  0.22422715666132687  0.23374905493712006  0.24363490063578422
  0.25667494197227719  0.26805366930013719  0.27862122993205030  0.28896791249002424
  0.29977975794772055  0.31068008433452793  0.32107242471945646  0.33054814036020896
  0.33926473371770982  0.34731149747339202  0.35723058104182842  0.36909019037203961
  0.38071154560862452  0.39196538175198986  0.40245375381347398  0.41168953688458643
  0.42085030049431255  0.42998524250966635  0.43902062916310347  0.44742781106101132
  0.45522460113316782  0.46380164912957783  0.47357726549144419  0.48420185637874730
  0.49632139957238952  0.50894650384262896  0.52288623886045116  0.53759227460473269
  0.55141240932302382  0.56541655188144224  0.57644847450044212  0.58571341588524317
  0.59469297910429741  0.60348723281993599  0.61471751010379228  0.62571123388896066
  0.63775762083036613  0.64949480681671301  0.66199625084309432  0.67202841983280914
  0.68120784488591357  0.68837215523539252  0.69521513515634636  0.70261242876443242
  0.71106373746573404  0.71898528004838247  0.72747109795214382  0.73934309955038557
  0.75343569146201894  0.76721010982414617  0.78025183210680082  0.79314932784380143
  0.80664645796199952  0.81856058315093960  0.83003201805287352  0.84073102295069380
  0.85102026361653405  0.86106249909342047  0.87171389917485453  0.88305433582750859
  0.89421775529921688  0.90442702970703059  0.91344700804636647  0.92293099292028535
  0.93287467375775845  0.94412276606318957  0.95401871156374829  0.96277406643120500
  0.97105130329450162  0.97988422608707226  0.98978257352634058  1.00000000000000000
  0.38718904221471506  0.64057176092481138  0.71810370039886506  0.76884823293814497
  0.80294423380659741  0.82918200540550524  0.84954830720833330  0.86566979281472511
  0.87835973977157178  0.88875897094962508  0.89756171860685796  0.90458660544195957
  0.91120255212249368  0.91745238197221923  0.92287631234258782  0.92779840788005108
  0.93228408301843435  0.93623798902566913  0.93954394556490151  0.94249082244752269
  0.94503556892668694  0.94732004957083060  0.94947245808367742  0.95182011604469974
  0.95428775631754403  0.95673600716912299  0.95861130505768533  0.95989174963891022
  0.96116436481054379  0.96239211893758825  0.96353080222360210  0.96466955562163392
  0.96588545234483070  0.96704548981888117  0.96806004754442132  0.96894239759469647
  0.96976834030416559  0.97059064237374770  0.97141220785898430  0.97222178709205165
  0.97300947988137287  0.97376407965834866  0.97447665358128455  0.97522481826830609
  0.97594614377570899  0.97664454274226398  0.97734317307917251  0.97807355358488068
  0.97882378569979589  0.97951420298331859  0.98012609302057629  0.98077678103711663
  0.98133567996348570  0.98190022832800572  0.98244492392719773  0.98295791165390889
  0.98343814240611138  0.98390179755508667  0.98436854395701012  0.98482560756001369
  0.98530430370111910  0.98572916118218157  0.98610647031240084  0.98647310222140172
  0.98683173637558574  0.98719166761119370  0.98752904957845866  0.98785239645351386
  0.98816470769701648  0.98849349451380741  0.98886982810128587  0.98928205215604825
  0.98969875772708760  0.99012076192253617  0.99055858919010586  0.99102519577938242
  0.99149144067893424  0.99193842989428671  0.99234711665229269  0.99273121029282152
  0.99309748860228841  0.99344567299405528  0.99380027201902188  0.99414575260723370
  0.99446948137905578  0.99476158186669217  0.99505918336201982  0.99536752010407892
  0.99568022714875426  0.99599283893496315  0.99631501032802783  0.99667607419573012
  0.99702287111531895  0.99764885543229687  0.99858615767133307  1.00000000000000000
   1.2923274775544894E-008  -1.0000000000000000     
 F F F F F F F F F F F F F F F F F F F F F F F F F F F F F F F F F F F F F F F F F F F F F F F F F F F F F F F F F F F F F F F F
  <DiscreteSampler_grid>
  grouped_processes
  1 # 1 for a reference and 2 for a running grid.
  10 # Attribute 'min_bin_probing_points' of the grid.
  1 # Attribute 'grid_mode' of the grid. 1=='default',2=='initialization'
  0.0000000000000000 # Attribute 'small_contrib_threshold' of the grid.
  0.5000000000000000 # Attribute 'damping_power' of the grid.
 # binID   n_entries weight   weight_sqr   abs_weight
    10   10   2.520784381166901E+000   4.773777613987390E+001   2.520784381166901E+000
  </DiscreteSampler_grid>
