  0.00364716581548300  0.01172974322249654  0.02197910754542642  0.03168180291211146
  0.04150026090574333  0.05168593643386441  0.06284750640681599  0.07460094795545366
  0.08660543488740030  0.09804095702489292  0.10836450673507667  0.11802189609209224
  0.12793025736981489  0.13902894131009819  0.15049561587527635  0.16122437567529035
  0.17217800987476514  0.18301658729152470  0.19462012614806146  0.20601241897553624
  0.21628902936283079  0.22615897841142027  0.23503140123542496  0.24323327135419556
  0.25123846834500585  0.25904367176208087  0.26679810170886648  0.27599962248877730
  0.28672596838251924  0.29722919296273165  0.30776790100997931  0.31844710198607457
  0.32882941102922769  0.33888835426555269  0.34865203228923292  0.35875769630560278
  0.37007737615016723  0.38215546278563295  0.39558128386083735  0.40728892888782109
  0.41791288920659370  0.42769679409901123  0.43722968781826027  0.44666924070970765
  0.45616795008892547  0.46648370331095323  0.47650360384123613  0.48638450142192058
  0.49637687348504905  0.50627214671191001  0.51718908582187284  0.52753131561423894
  0.53707024082812205  0.54667022213420124  0.55690163902959977  0.56839555170875489
  0.58077461549305132  0.59327571624079523  0.60447041136938284  0.61538406441209248
  0.62621563794914636  0.63810617564339989  0.65090756576654840  0.66213151485587918
  0.67402453172601351  0.68490398344674530  0.69511592626721119  0.70520567847648741
  0.71582533052506647  0.72661305848320978  0.73638411226151024  0.74552993705787540
  0.75500716507849330  0.76518747002763177  0.77567277972403925  0.78603925148110454
  0.79653041351110632  0.80801261538517821  0.81922433996573496  0.83104968146393954
  0.84235756805203044  0.85356141828835552  0.86383366693324992  0.87368796927572268
  0.88320833035624158  0.89297450932613565  0.90408113018166480  0.91672334549385825
  0.92982373248049732  0.94247303078765476  0.95189764200947291  0.96005547034574479
  0.96793828183369668  0.97577967281682354  0.98716221863694154  1.00000000000000000
  0.00001990009712933  0.00003255827922744  0.00004181111165000  0.00004996788374270
  0.00005772327201769  0.00006707242176411  0.00007630064928475  0.00008610227629125
  0.00009816000855154  0.00011734700774712  0.00014241961433574  0.00017585752578593
  0.00021643949861434  0.00025856165977513  0.00030375210685660  0.00035775422320979
  0.00041810254498370  0.00048150099469568  0.00055005544930334  0.00063539403483413
  0.00073328334332775  0.00083388827930579  0.00093626422372137  0.00105234237344265
  0.00118379906111754  0.00132495481415652  0.00147020945061100  0.00161972781893271
  0.00177911810414005  0.00195617043636601  0.00214257061827005  0.00233196221758904
  0.00252123560752785  0.00272249707832989  0.00293672826688439  0.00316070029472302
  0.00339258769132883  0.00360465253809505  0.00380331802720567  0.00400313910695579
  0.00419981586754848  0.00444413628211516  0.00469091554865674  0.00497770508019939
  0.00525291030235592  0.00548920417354941  0.00570637486087881  0.00592376407319779
  0.00615692909552104  0.00642289353908555  0.00670292566745182  0.00696280997770436
  0.00722027385114934  0.00748521653807673  0.00775949146344563  0.00803531009029425
  0.00835586960184690  0.00870543073433988  0.00907754140391086  0.00946244337989033
  0.00992698258373321  0.01041990742446909  0.01103434825626583  0.01154022586336982
  0.01198509779856530  0.01238948722994941  0.01285759489273032  0.01337127074696711
  0.01385863303706245  0.01436284505536094  0.01488978354517252  0.01541044129001868
  0.01600007959463246  0.01684855520342407  0.01764610964367687  0.01833619702921096
  0.01911753811098596  0.02078571475586067  0.02309193028917870  0.02567627002614055
  0.02834610813041202  0.03117243940508914  0.03394047602784760  0.03609013785722305
  0.03841547571515490  0.04101915712314939  0.04455472775666339  0.04890695118757279
  0.05923916079620953  0.07352112745966480  0.08840463810737399  0.10707371211335356
  0.18134635917644060  0.43704818194361816  0.69275000471080095  1.00000000000000000
  0.00000715577621435  0.00001208515345069  0.00001949483125034  0.00003150022973211
  0.00004685895486440  0.00006414278010838  0.00008293613201244  0.00010273871808995
  0.00012300174385774  0.00014459313604693  0.00016897293970797  0.00019600981447629
  0.00022368403946666  0.00025224444888775  0.00028167985577412  0.00031258306614638
  0.00034406015957350  0.00037701271478229  0.00041238907635520  0.00044893063723380
  0.00048424274921726  0.00052139825429575  0.00056075347322466  0.00060193010213587
  0.00064553562808584  0.00069250717599298  0.00074019705532252  0.00079402918340258
  0.00085265115209918  0.00091105536293174  0.00096877712719661  0.00102642528446422
  0.00108110010993299  0.00113643145380823  0.00118524386470263  0.00123683045771241
  0.00129120513194557  0.00135221858808666  0.00142136095384982  0.00149253542449650
  0.00156601680716644  0.00164518353393422  0.00172678670982805  0.00181293098017487
  0.00190260729398123  0.00199456619310881  0.00209140684089840  0.00219804660430775
  0.00231638044417467  0.00244508034270562  0.00257359137521146  0.00270522406465188
  0.00284682334351335  0.00300105614681878  0.00318036309103154  0.00337137848405030
  0.00358272139449227  0.00377280545430247  0.00393057060781523  0.00408911886981287
  0.00425141868449532  0.00443093290825695  0.00469695024763756  0.00502734852226777
  0.00537442342576631  0.00570468123728158  0.00601363542418444  0.00635573201447315
  0.00672418535709909  0.00716126505747018  0.00760942576730313  0.00798118277081746
  0.00844279595018411  0.00893492635575582  0.00956845628845797  0.01040868281006447
  0.01127184110067119  0.01218037341631549  0.01329913356723876  0.01464434276696525
  0.01564499293074900  0.01687903008763821  0.01813063734909550  0.01936721753919887
  0.02090339492162310  0.02269590660170838  0.02500244236181402  0.02794655322566290
  0.03592307841671975  0.04322399659500337  0.04852620823817121  0.05500057412912153
  0.06191677664173927  0.07331126779303018  0.14357140892222228  1.00000000000000000
 -0.00457928730506858  0.02621990352657011  0.05062691459590703  0.07149269023301291
  0.08951177183165560  0.10690741819259766  0.12176891238897268  0.13725980217681219
  0.15070023941765498  0.16074426867412653  0.17169035492396501  0.18273782933717733
  0.19467045584469470  0.20829426778978893  0.22146360143606814  0.23407830178818678
  0.24626984343957584  0.25826779448082227  0.26982942587117076  0.28106567004844296
  0.29214230968204841  0.30369730420002888  0.31542507397404507  0.32748055338803705
  0.33995709196422724  0.35254971395231838  0.36421228515335236  0.37444320647083779
  0.38397365513209541  0.39258428463842659  0.40054757239147343  0.40834350997765212
  0.41655329175824468  0.42598334933761584  0.43598012795215590  0.44597989901961804
  0.45549322006974019  0.46448900710111635  0.47373387105185527  0.48323825634126016
  0.49341621403752095  0.50365726552137668  0.51334263066880381  0.52226035268504900
  0.53170380410550433  0.54040819815497076  0.55080552374173630  0.56110387808885009
  0.56996515243862123  0.57867663656333501  0.58700468183692978  0.59545929861624669
  0.60429415975768064  0.61289501049065942  0.62178495958903590  0.63093382128011444
  0.64032086172652514  0.64958424585697661  0.65849599586120167  0.66749056996806433
  0.67664372310763377  0.68578629762140464  0.69511016469006282  0.70403786014968295
  0.71200370690958881  0.72006850833123526  0.72882310342342116  0.73709087886854985
  0.74461701426028892  0.75139037834052269  0.75813971526675072  0.76512180886431247
  0.77305846752334884  0.78202961824009276  0.79187177528029384  0.80272571780846358
  0.81339180848700321  0.82353807486572017  0.83312446156716902  0.84302077538540388
  0.85260723910977476  0.86226822163948535  0.87188846437695799  0.88169485373784784
  0.89126016455807344  0.89941235779892081  0.90668668820886689  0.91363674482842561
  0.92104429288546952  0.92971342259439260  0.93877900862750907  0.94808342110936861
  0.95821183788810127  0.96989742686206637  0.98403312947283539  1.00000000000000000
 -0.00220095833890319  0.00917487831425532  0.01853539373774201  0.02848022624520116
  0.03795374929522299  0.04695917002537061  0.05658356673904066  0.06762384393540152
  0.08017416836720434  0.09195406306379912  0.10249381965446440  0.11265503942387968
  0.12321692035706713  0.13374474158475302  0.14492652792496524  0.15547787444139696
  0.16723891665524385  0.17871315535412613  0.19036881814863410  0.20173513118039424
  0.21199661643076184  0.22238870859242399  0.23283204739420688  0.24486294674843018
  0.25668438841932817  0.26918347952842570  0.28217368981074142  0.29499461452324349
  0.30757189267929652  0.32045161960259227  0.33347826272465936  0.34536106123421861
  0.35725017318756919  0.36826268196788020  0.37778170838268560  0.38689019196921592
  0.39561826741817097  0.40333224182781890  0.41247818072384890  0.42191556028800148
  0.43165586210659390  0.44079129443531989  0.44944840328015911  0.45831250565456150
  0.46876612693720748  0.48110961921365453  0.49193561465744579  0.50247611685925653
  0.51290785649810777  0.52316592656007532  0.53369702764172533  0.54501495496984353
  0.55659635162467602  0.56759845994962155  0.57806955949204686  0.58779166799981530
  0.59671138788824152  0.60563002316113557  0.61452775485313182  0.62450814877489536
  0.63443082845802745  0.64541680733203477  0.65657119899833705  0.66845386268636275
  0.68075429003507448  0.69191632621090360  0.70386747919442172  0.71365399977707544
  0.72331686685050356  0.73331841774825968  0.74363804361989483  0.75411459310521667
  0.76445697316964856  0.77474980641748514  0.78544854573015743  0.79703058649520386
  0.80882602750462640  0.81999442720913740  0.83014026967086307  0.84100983435392296
  0.85267623468448850  0.86516294589311071  0.87777987544961444  0.88922978842496059
  0.89944259994849785  0.90877612611567182  0.91921703223497153  0.92749725752204915
  0.93527565680066993  0.94280675725893115  0.95059086309202212  0.95886262128458566
  0.96776705624399251  0.97653368941431395  0.98806810288602975  1.00000000000000000
 -0.00246740310715789  0.00982008673081423  0.02081645842755050  0.03191324808039567
  0.04366467453923001  0.05553877286503767  0.06658785295808230  0.07772052060646102
  0.08862467883526978  0.10108755557791438  0.11432609752686090  0.12703032817096518
  0.13865283346562876  0.14958385384002965  0.16002822894068683  0.17065634550908562
  0.18141996978950911  0.19206812128698847  0.20271065786653583  0.21299540172521686
  0.22285468755725199  0.23276883478938112  0.24286501518596890  0.25278598053364282
  0.26280118084503479  0.27290462805922944  0.28315745647488144  0.29344219717405762
  0.30410053657133096  0.31571906659850196  0.32687634587848191  0.33708704349051416
  0.34715197476049720  0.35758535168771016  0.37004719296412969  0.38195202590038330
  0.39351874361033146  0.40408731207151427  0.41475573683977068  0.42553177305742174
  0.43589098492467210  0.44653028004284256  0.45812045797473866  0.47090991165652152
  0.48364188986886814  0.49552089568803653  0.50704951241075036  0.51864229206854351
  0.52988381474661450  0.54040513116566291  0.55024383667966470  0.56000176254468781
  0.57020624369657935  0.58079785685713359  0.59256717397636716  0.60491409516769223
  0.61765609209443673  0.63007704855167168  0.64119900095346904  0.65120611980269560
  0.66068891044302869  0.66998410642141659  0.67883592475521426  0.68569787894837209
  0.69321752518911284  0.70116515467081653  0.70951266761933973  0.72178873438551616
  0.73152770577254556  0.74053799721146474  0.74988017990799583  0.75997098297417187
  0.77032151558478756  0.78001338241046203  0.78953184775295782  0.80063310644091235
  0.81197150276892893  0.82274532235062259  0.83316133122888281  0.84337622073978258
  0.85247680903161371  0.86115988169095470  0.87062889064815918  0.88098333191869238
  0.89088985061513470  0.90030362866943781  0.90907476502776252  0.91826968075875715
  0.92837302862143878  0.93833656606176263  0.94865186968173998  0.95780833707251101
  0.96796428318489613  0.97819686285242158  0.98910157126896192  1.00000000000000000
 -0.00071588663603206  0.00297321085263218  0.00559142256056659  0.00778009736012882
  0.00974021035233900  0.01152463112703583  0.01320192845576450  0.01487344988587884
  0.01647306556216523  0.01800531560125231  0.01955095586530503  0.02116902026155696
  0.02282102246353260  0.02444612937014297  0.02606811794837898  0.02765967908533568
  0.02920366197548543  0.03066227293036974  0.03213170365555318  0.03357314349839287
  0.03509691825544597  0.03673921673735300  0.03844615935526341  0.04017152695460826
  0.04193061695766888  0.04371350472282771  0.04558385718469565  0.04741832452042928
  0.04916912029716226  0.05067515717614075  0.05187944688106820  0.05302459557857400
  0.05419813803278665  0.05540385865208701  0.05661236579627033  0.05782464566344340
  0.05908605358642136  0.06048643520854619  0.06176190749921871  0.06308371040411098
  0.06446747414711501  0.06575814355125568  0.06707309003939331  0.06874845119023447
  0.07032582640206878  0.07182531335644253  0.07344789333137847  0.07586851669332782
  0.07805438020920855  0.08026302646026492  0.08227558121427045  0.08375373624162623
  0.08502365630177841  0.08620851850738966  0.08755609436459588  0.08903779842677878
  0.09045021841256518  0.09195230511293669  0.09367880939438772  0.09502902557795770
  0.09621216358720791  0.09739244975864143  0.09868290700237221  0.09985080820411416
  0.10108306551530837  0.10308598462102381  0.10458618922074889  0.10600584475363771
  0.10764537032453930  0.11101723273249192  0.11493435103236850  0.11758644321276591
  0.12070288088347286  0.12500178163950296  0.13085481728501433  0.13292270934518535
  0.13499060140535638  0.14086452601496183  0.15526538816642188  0.16966625031788193
  0.18176439280261178  0.18799874461423702  0.19423309642586226  0.20980601663845527
  0.22297050052710851  0.23435307538662459  0.24144398295095149  0.26756180619216952
  0.30133298614127174  0.32301416371410224  0.33655739422603831  0.34830823210770673
  0.35996213163346363  0.38728783011276974  0.47486332470269538  1.00000000000000000
 -0.00277521971480613  0.01010446516800787  0.02031821541427650  0.03157371610705489
  0.04220004722569077  0.05138624891814444  0.06095794128368322  0.07073958258140167
  0.08126379128085745  0.09135241055658010  0.10061931653695283  0.11012349748466495
  0.11988785769794459  0.13029888099948464  0.14096481969820462  0.15165765136475121
  0.16235768706287801  0.17284887371907071  0.18347354913777647  0.19425157770588608
  0.20459892677170549  0.21467850279759965  0.22512804639092868  0.23498532896562885
  0.24509011525172397  0.25468172473245848  0.26415784677068471  0.27441100482251912
  0.28549434038235105  0.29705522566196330  0.30762457921229625  0.31782028245280508
  0.32819203168226418  0.33885860323726247  0.34965558586713064  0.36148202620418735
  0.37381394812099905  0.38604111823075321  0.39826617998964831  0.41104305170814620
  0.42429149401204808  0.43762358590358080  0.45039270595392195  0.46194695388732815
  0.47246642701371100  0.48295240640837350  0.49436760046831474  0.50631381589403179
  0.51754360570632651  0.52781435344475469  0.53790802538590787  0.54798417978129976
  0.55864140223145453  0.57003860671606588  0.58227192221437507  0.59505297132748436
  0.60844562981986838  0.62281702242861947  0.63737182545467552  0.65091845349366251
  0.66376032340880964  0.67652858061503407  0.68868522872186655  0.70094807366898348
  0.71309388869939105  0.72489096892022431  0.73590904010868341  0.74551086050137172
  0.75451226761555978  0.76398554442518973  0.77429731877586960  0.78613383275860338
  0.79806571212319399  0.80932554405094570  0.81911396552344728  0.82818716001930959
  0.83506692822632167  0.84190298428766608  0.84867990819385242  0.85528424145671322
  0.86263310532297965  0.87290256463272442  0.88352039148363715  0.89433909090599495
  0.90493909973085440  0.91625461267815067  0.92748163221118396  0.93788232596744070
  0.94637861398107559  0.95423193764564163  0.96202563855089718  0.97011070904038588
  0.97812100153608939  0.98512703412970681  0.99213068562895190  1.00000000000000000
  0.22100080273810835  0.62669974556282282  0.69742616734512142  0.74079281858055024
  0.77428448969308616  0.79912607850373107  0.81949527039523407  0.83500769709523193
  0.84741745665321311  0.85825854894441478  0.86693157721729186  0.87486981563366928
  0.88193269102838479  0.88855579761106229  0.89470205099649724  0.90007089787627037
  0.90492992100853820  0.90942880358041622  0.91376022025228942  0.91773510602803088
  0.92111901369044358  0.92440359154504637  0.92751535613527203  0.93042642844338164
  0.93322777632745790  0.93601358750884589  0.93853684620016598  0.94074066058079020
  0.94288105992699289  0.94494979956067671  0.94694452977570687  0.94891194342608243
  0.95072286015471552  0.95245589877128700  0.95419923156573316  0.95592182588496866
  0.95780044028321532  0.95918546828732776  0.96044288761563135  0.96166854608437735
  0.96286092907739207  0.96402057091796711  0.96515143119925917  0.96625748155883828
  0.96734311903140902  0.96848166595331653  0.96962584883261860  0.97074244242492647
  0.97177234412908198  0.97278172727101286  0.97375054102560832  0.97465976287294065
  0.97557656780206414  0.97650288855985068  0.97739381392582525  0.97825121851659758
  0.97908396118448893  0.97987411987531525  0.98062509944578147  0.98139198872696409
  0.98213169070027917  0.98282368004269383  0.98348529870723655  0.98413688556459444
  0.98481131236625297  0.98551027545196845  0.98616842768169477  0.98678242168541863
  0.98736758208519626  0.98792751807437873  0.98843334078154454  0.98896131830961875
  0.98947265062789846  0.98997987218281058  0.99047991354509246  0.99095939125564281
  0.99143841498412333  0.99192594804965861  0.99240359512341059  0.99286383580786508
  0.99331628594010923  0.99375959263113445  0.99419707653175871  0.99463364573699986
  0.99504162155641918  0.99543598210472195  0.99581882833303603  0.99620421328274877
  0.99661559724254434  0.99704393421559101  0.99746888820035973  0.99790706014679587
  0.99835946915183849  0.99886135745562865  0.99941459102318431  1.00000000000000000
   3.5022008723966921E-007  -1.0000000000000000     
 F F F F F F F F F F F F F F F F F F F F F F F F F F F F F F F F F F F F F F F F F F F F F F F F F F F F F F F F F F F F F F F F
  <DiscreteSampler_grid>
  grouped_processes
  1 # 1 for a reference and 2 for a running grid.
  10 # Attribute 'min_bin_probing_points' of the grid.
  1 # Attribute 'grid_mode' of the grid. 1=='default',2=='initialization'
  0.0000000000000000 # Attribute 'small_contrib_threshold' of the grid.
  0.5000000000000000 # Attribute 'damping_power' of the grid.
 # binID   n_entries weight   weight_sqr   abs_weight
    10   10   1.996738506846766E+001   2.925465275397162E+003   1.996738506846766E+001
  </DiscreteSampler_grid>
