  0.05073561407940729  0.16299467063611306  0.18101362165693852  0.25492383215095843
  0.29305099790378558  0.29518498185490261  0.29731896580601963  0.29945294975713665
  0.30158693370825373  0.30372091765937076  0.30585490161048778  0.30798888556160481
  0.31012286951272183  0.31225685346383886  0.31439083741495588  0.31652482136607291
  0.31865880531718999  0.32079278926830701  0.32292677321942403  0.32506075717054106
  0.32719474112165808  0.32932872507277511  0.33146270902389213  0.33359669297500916
  0.33573067692612624  0.33786466087724332  0.33999864482836034  0.34213262877947742
  0.34426661273059445  0.34640059668171153  0.34853458063282855  0.35066856458394563
  0.35280254853506265  0.39190020898228028  0.44037877945514575  0.44548275010331551
  0.45058672075148526  0.45569069139965496  0.45945871067350619  0.46179236601931178
  0.46412602136511744  0.46645967671092303  0.46879333205672868  0.47112698740253428
  0.47346064274833988  0.47579429809414553  0.47812795343995113  0.48046160878575678
  0.48279526413156237  0.48512891947736797  0.48746257482317357  0.48979623016897916
  0.49212988551478476  0.49446354086059036  0.49679719620639595  0.49913085155220155
  0.50157658604249111  0.50408883671962235  0.50660108739675358  0.50911333807388481
  0.51162558875101605  0.51413783942814728  0.51665009010527851  0.51916234078240975
  0.55585767561819610  0.64667727615294679  0.65271593716185905  0.65875459817077131
  0.66479325917968357  0.66807323676140717  0.67011244036394746  0.67215164396648763
  0.67419084756902792  0.67623005117156809  0.67826925477410838  0.68030845837664855
  0.68234766197918884  0.68438686558172901  0.68642606918426929  0.68827743730162294
  0.68991982582420686  0.69156221434679088  0.69320460286937491  0.69484699139195882
  0.69648937991454285  0.69813176843712688  0.69977415695971079  0.70141654548229482
  0.70305893400487873  0.70470132252746276  0.70634371105004679  0.70798609957263070
  0.79081348546878161  0.83461699406834522  0.83461699406835521  1.00000000000000000
  0.00034384980911016  0.00034775794697651  0.00035166608484286  0.00035557422270922
  0.00035948236057557  0.00036339049844192  0.00036729863630828  0.00037120677417463
  0.00037511491204098  0.00037987791958557  0.00038613612407803  0.00039239432857050
  0.00039865253306297  0.00040491073755544  0.00041116894204791  0.00041742714654038
  0.00050655793396844  0.00096858382242899  0.00185141696776355  0.00347859933717014
  0.00352757686804700  0.00357655439892386  0.00362553192980072  0.00367450946067757
  0.00372348699155443  0.00377246452243129  0.00382144205330814  0.00387041958418500
  0.00392336277424268  0.00397809053530857  0.00403281829637447  0.00408754605744036
  0.00414227381850626  0.00419700157957215  0.00425172934063804  0.00430645710170394
  0.00436345926486922  0.00442461236462053  0.00448576546437185  0.00454691856412317
  0.00460807166387449  0.00466922476362581  0.00473037786337713  0.00479153096312845
  0.00491240386270451  0.00850589853098949  0.00884178059602792  0.00917766266106634
  0.00952173349639221  0.00989704995421774  0.01027236641204328  0.01062917240653963
  0.01093146141348165  0.01123375042042367  0.01153603942736569  0.01185289177994793
  0.01224914575440199  0.01264539972885606  0.01304165370331012  0.01346867332368092
  0.01391144968351536  0.01435422604334980  0.01641436567079886  0.01667949947670086
  0.01690852274652405  0.01713754601634725  0.01736656928617044  0.01759559255599364
  0.01782461582581683  0.01805363909564002  0.01828266236546322  0.01852681878498763
  0.01878273064017950  0.01903864249537138  0.01929455435056326  0.01955046620575514
  0.01980637806094701  0.02006228991613889  0.02031820177133077  0.02057799148818872
  0.02086389908597162  0.02114980668375452  0.02143571428153742  0.02172162187932032
  0.02200752947710322  0.02229343707488612  0.02257934467266902  0.02286525227045192
  0.02474875544619036  0.03918577190759141  0.04194581317763239  0.04194581317764239
  0.04194581317765239  0.04194581317766239  0.04194581317767239  1.00000000000000000
  0.00017897534763543  0.00018045738858190  0.00018193942952836  0.00018342147047482
  0.00018490351142129  0.00018638555236775  0.00018786759331421  0.00018934963426068
  0.00019083167520714  0.00019231371615360  0.00019379575710007  0.00019641376624551
  0.00019919837283796  0.00020198297943041  0.00020476758602286  0.00020755219261531
  0.00021033679920776  0.00021312140580021  0.00021590601239267  0.00034634562037682
  0.00068006153653856  0.00133522426226885  0.00223956537940111  0.00227770890541720
  0.00231585243143329  0.00235399595744938  0.00239213948346547  0.00243028300948156
  0.00246842653549765  0.00250823413066734  0.00255085591540508  0.00259347770014282
  0.00263609948488056  0.00267872126961830  0.00272134305435603  0.00276396483909377
  0.00280911897540893  0.00285674479095267  0.00290437060649641  0.00295199642204015
  0.00299962223758389  0.00304724805312763  0.00309487386867137  0.00318128782945183
  0.00328946938194647  0.00339765093444110  0.00350917546462159  0.00363005812347898
  0.00375094078233636  0.00387182344119375  0.00400527863530484  0.00414035357992773
  0.00427542852455061  0.00605894283962198  0.00614692320006947  0.00623490356051697
  0.00632288392096446  0.00641086428141196  0.00649884464185946  0.00658682500230695
  0.00667480536275445  0.00676278572320194  0.00686038463658722  0.00695869437288585
  0.00705700410918448  0.00715531384548311  0.00725362358178175  0.00735193331808038
  0.00745024305437901  0.00754855279067764  0.00765664516138813  0.00776649699879762
  0.00787634883620711  0.00798620067361660  0.00809605251102609  0.00820590434843558
  0.00831575618584508  0.00842560802325457  0.01416871550413109  0.02780946983242357
  0.03670206331142804  0.03817396505977400  0.03964586680811996  0.04125087132585512
  0.04289558239547779  0.04454029346510047  0.04636188635782711  0.04819969550886530
  0.05212531913726037  0.08955379008889611  0.10053531632107884  0.11786898189180396
  0.11786898189181397  0.11786898189182397  0.11786898189183398  1.00000000000000000
  0.00588434537251788  0.00724513125569934  0.00860591713888079  0.00996670302206224
  0.01132748890524370  0.01268827478842515  0.01404906067160661  0.01540984655478806
  0.01677063243796952  0.01813141832115097  0.01949220420433243  0.02086722132270500
  0.02321319854370133  0.02555917576469766  0.02790515298569399  0.03025113020669032
  0.03259710742768666  0.03494308464868299  0.03728906186967932  0.03963503909067565
  0.05710307885565628  0.06887672613380209  0.07556687059211153  0.08225701505042098
  0.08894715950873049  0.09563730396704001  0.10232744842534952  0.10901759288365899
  0.11570773734196843  0.12239788180027787  0.12645032406864284  0.12882381115429983
  0.13119729823995682  0.13357078532561381  0.13594427241127080  0.13831775949692779
  0.14069124658258478  0.14306473366824177  0.14543822075389876  0.14781170783955577
  0.15018519492521279  0.15255868201086981  0.15493216909652682  0.15730565618218384
  0.15967914326784086  0.16205263035349787  0.16442611743915489  0.16676658080668028
  0.16855045881032354  0.17033433681396681  0.17211821481761008  0.17390209282125335
  0.17568597082489665  0.17746984882853992  0.17925372683218319  0.18103760483582645
  0.18282148283946975  0.18460536084311302  0.18638923884675629  0.18855367518010399
  0.19134609966874455  0.19413852415738514  0.19693094864602570  0.19972337313466626
  0.20251579762330685  0.20530822211194741  0.20810064660058800  0.21089307108922858
  0.21368549557786920  0.21647792006650979  0.21927034455515040  0.22206276904379099
  0.22485519353243161  0.22764761802107220  0.28169968473457024  0.39690093259561265
  0.51210218045665512  0.55665431805965049  0.57681617506697025  0.59697803207429023
  0.67829334113111350  0.79349458899215608  0.90869583685319844  0.94174326412684017
  0.94740120182268706  0.95305913951853394  0.95867013459347761  0.96363594809538322
  0.96860176159728884  0.97356757509919434  0.97853338860109995  0.98289711551739634
  0.98717283663804700  0.99144855775869778  0.99572427887934845  1.00000000000000000
  0.15973692735036221  0.48320817328103871  0.48724967989541074  0.49129118650978271
  0.49533269312415468  0.49937419973852670  0.50394350402700860  0.50860950747178157
  0.51327551091655454  0.51794151436132740  0.52183339984661037  0.52446351744011810
  0.52709363503362572  0.52972375262713345  0.53235387022064118  0.53498398781414880
  0.53761410540765653  0.54024422300116426  0.54287434059467188  0.54550445818817961
  0.54813457578168723  0.55076469337519496  0.55339481096870258  0.55602492856221031
  0.55865504615571793  0.56128516374922566  0.56391528134273328  0.56654539893624101
  0.56917551652974863  0.57180563412325625  0.57443575171676398  0.57706586931027160
  0.57969598690377933  0.58232610449728694  0.64537560085602230  0.70904388937510154
  0.71094450932777020  0.71284512928043875  0.71474574923310741  0.71664636918577596
  0.71854698913844461  0.72044760909111316  0.72234822904378182  0.72424884899645037
  0.72614946894911903  0.72805008890178757  0.72975020568382298  0.73116477994582130
  0.73257935420781961  0.73399392846981792  0.73540850273181613  0.73682307699381444
  0.73823765125581275  0.73965222551781107  0.74106679977980938  0.74248137404180758
  0.74389594830380590  0.74531052256580421  0.74672509682780253  0.74813967108980084
  0.74955424535179904  0.75096881961379736  0.75238339387579567  0.75379796813779398
  0.75521254239979230  0.75662711666179050  0.75804169092378881  0.75945626518578713
  0.76087083944778544  0.76228541370978375  0.76369998797178196  0.76511456223378027
  0.76652913649577858  0.76794371075777690  0.76935828501977521  0.77077285928177341
  0.77298590969595837  0.77523462001745624  0.77748333033895400  0.77973204066045187
  0.78198075098194963  0.78422946130344739  0.78647817162494527  0.78872688194644303
  0.79097559226794090  0.79550830653448024  0.80105436199964708  0.80660041746481392
  0.81214647292998088  0.81705873228068426  0.82192784038284661  0.82679694848500884
  0.83166605658717119  0.89945185176598796  0.97713315884272256  1.00000000000000000
  0.06684749921162922  0.14437004757998442  0.14807065573661873  0.15049080527694167
  0.15291095481726463  0.15533110435758757  0.15775125389791050  0.16017140343823347
  0.16259155297855640  0.16501170251887937  0.16743198758806871  0.16985256578284183
  0.17227314397761498  0.17469372217238810  0.17711430036716122  0.17953487856193434
  0.18195545675670749  0.18437603495148061  0.18679661314625373  0.18921719134102685
  0.19163776953579997  0.19405834773057312  0.19647892592534624  0.19889950412011936
  0.20132008231489251  0.20374066050966563  0.20616123870443875  0.22042546884096478
  0.23138161950493946  0.23377411275327564  0.23616660600161182  0.23855909924994800
  0.24095159249828416  0.24334408574662034  0.24573657899495652  0.24812907224329270
  0.25052156549162885  0.25291405873996503  0.25530655198830121  0.25769904523663739
  0.26009153848497357  0.26248403173330975  0.26487652498164593  0.26726901822998211
  0.26966151147831829  0.27205400472665447  0.27444649797499066  0.27683899122332684
  0.27923148447166307  0.28162397771999925  0.28401647096833549  0.28640896421667167
  0.28880145746500785  0.29119395071334409  0.31611278982991642  0.32188812407618622
  0.32766345832245602  0.33343879256872588  0.33921412681499574  0.34498946106126560
  0.35076479530753546  0.35654012955380532  0.36231546380007512  0.36809079804634492
  0.37386613229261473  0.43936517842550898  0.44619520966600074  0.45302524090649254
  0.45985527214698435  0.46668530338747621  0.47351533462796802  0.48034536586845988
  0.48717539710895164  0.49400542834944344  0.51440877997444412  0.63220312759867303
  0.74999747522290205  0.79350740310840207  0.79635571711104702  0.79920403111369209
  0.80205234511633705  0.80490065911898212  0.80774897312162708  0.81059728712427215
  0.81327563193324015  0.81561196935232627  0.81794830677141228  0.82028464419049840
  0.82262098160958441  0.82495731902867053  0.82729365644775665  0.82962999386684266
  0.83196633128592878  0.87884347959528863  0.88611245552698770  1.00000000000000000
  0.00162691909382308  0.00358705072657984  0.00554718235933660  0.00750731399209336
  0.00946744562485013  0.01142757725760689  0.01338770889036365  0.01534784052312041
  0.01730797215587717  0.01926810378863393  0.02135715424696450  0.02395718593522134
  0.02655721762347820  0.02915724931173505  0.03175728099999190  0.03435731268824875
  0.03695734437650560  0.03955737606476245  0.06270451979722742  0.14778970007286327
  0.15548595262156437  0.16318220517026549  0.17087845771896656  0.17857471026766761
  0.18627096281636865  0.19396721536506970  0.20166346791377074  0.22319814896044701
  0.23125268058088466  0.23345671492843464  0.23566074927598463  0.23786478362353458
  0.24006881797108456  0.24227285231863455  0.24447688666618453  0.24668092101373451
  0.24888495536128449  0.25108898970883448  0.25329302405638443  0.25549705840393444
  0.25770109275148440  0.25990512709903441  0.26210916144658436  0.26431319579413437
  0.26651723014168432  0.26872126448923428  0.27092529883678429  0.27312933318433430
  0.27533336753188431  0.27753740187943432  0.27974143622698433  0.28194547057453428
  0.28414950492208429  0.28635353926963431  0.28855757361718432  0.29076160796473433
  0.35735833481198326  0.46882054230494791  0.58028274979791250  0.66786546312113804
  0.67319359736889717  0.67852173161665619  0.68384986586441521  0.68917800011217434
  0.69450613435993336  0.69983426860769238  0.70516240285545151  0.71049053710321053
  0.71581867135096966  0.72114680559872879  0.72647493984648792  0.78431914182296314
  0.89578134931592779  0.91843661903101670  0.92061468892696985  0.92279275882292300
  0.92497082871887615  0.92714889861482930  0.92932696851078245  0.93150503840673560
  0.93368310830268886  0.93586117819864201  0.93773514553956250  0.93868491879981542
  0.93963469206006844  0.94058446532032136  0.94153423858057428  0.94248401184082720
  0.94343378510108011  0.94438355836133314  0.94533333162158606  0.94628310488183898
  0.94723287814209189  0.94818265140234492  0.94877738157908120  1.00000000000000000
  0.00978749593098955  0.01066753612804448  0.01154757632509942  0.01242761652215435
  0.01330765671920928  0.01418769691626422  0.01506773711331915  0.01594777731037408
  0.01682781750742901  0.01770785770448395  0.01858789790153888  0.01946793809859381
  0.02034797829564874  0.02176370581060367  0.02383818253918802  0.02591265926777238
  0.02798713599635673  0.03006161272494109  0.03213608945352544  0.03421056618210979
  0.03628504291069414  0.03835951963927850  0.04043399636786285  0.06389687936969665
  0.07011229869279401  0.07632771801589136  0.08254313733898871  0.08875855666208611
  0.09497397598518353  0.10118939530828094  0.10740481463137833  0.11362023395447568
  0.11983565327757303  0.14445930552658096  0.25953008513478848  0.37460086474299598
  0.48967164435120347  0.55232035855791783  0.57175617168564885  0.59119198481337998
  0.64242014276335158  0.75018232131697304  0.75298302529475436  0.75578372927253568
  0.75858443325031710  0.76138513722809842  0.76418584120587973  0.76698654518366116
  0.76978724916144248  0.77258795313922390  0.77538865711700522  0.77818936109478665
  0.78099006507256796  0.78379076905034939  0.78659147302813082  0.78939217700591213
  0.79219288098369356  0.79499358496147488  0.79779428893925619  0.80059499291703762
  0.80339569689481893  0.80619640087260036  0.80899710485038168  0.81179780882816299
  0.83474840388141569  0.83723870597733130  0.83972900807324680  0.84221931016916229
  0.84470961226507779  0.84719991436099329  0.84969021645690879  0.85218051855282440
  0.85467082064873989  0.85716112274465539  0.85965142484057078  0.86214172693648627
  0.86463202903240177  0.86712233112831727  0.86961263322423277  0.87210293532014826
  0.87459323741606376  0.87708353951197926  0.87957384160789476  0.88206414370381026
  0.88455444579972575  0.88704474789564125  0.88953504999155675  0.89202535208747213
  0.89451565418338763  0.95001737662693397  0.96526306949430596  0.97273261626368945
  0.98008684731849727  0.98672456487899829  0.99336228243949920  1.00000000000000000
  0.81834441026051841  0.81943184719517559  0.82051928412983288  0.82160672106449006
  0.82269415799914736  0.82378159493380454  0.82486903186846183  0.82595646880311901
  0.82704390573777631  0.82813134267243349  0.82921877960709078  0.83030621654174797
  0.83139365347640526  0.83248109041106244  0.83373567461481202  0.83559592932698756
  0.83745618403916300  0.83931643875133854  0.84117669346351409  0.84303694817568953
  0.84489720288786507  0.84675745760004051  0.84861771231221605  0.85047796702439160
  0.85233822173656704  0.85563778912568700  0.87802135381941926  0.88192016651640504
  0.88581897921339081  0.88971779191037670  0.89361660460736247  0.89646360713784057
  0.89792448516410672  0.89938536319037299  0.90084624121663925  0.90230711924290541
  0.90376799726917167  0.90522887529543794  0.90668975332170409  0.90815063134797036
  0.90961150937423663  0.91107238740050278  0.91253326542676905  0.91399414345303531
  0.91545502147930158  0.91690796604210056  0.91832234208049646  0.91973671811889235
  0.92115109415728835  0.92256547019568425  0.92397984623408014  0.92539422227247614
  0.92680859831087203  0.92822297434926793  0.92963735038766393  0.93105172642605982
  0.93246610246445572  0.93388047850285172  0.93529485454124761  0.93670923057964350
  0.93815954225609455  0.93965542240929500  0.94115130256249546  0.94264718271569592
  0.94414306286889638  0.94563894302209683  0.94713482317529729  0.94863070332849786
  0.95012658348169832  0.95162246363489877  0.95311834378809923  0.95461422394129969
  0.95611010409450015  0.95760598424770060  0.95939881040886232  0.96147267063160902
  0.96354653085435560  0.96562039107710229  0.96769425129984898  0.96976811152259568
  0.97184197174534237  0.97391583196808906  0.97598969219083576  0.97806355241358245
  0.98001700922814650  0.98183364475286050  0.98365028027757440  0.98546691580228840
  0.98728355132700241  0.98910018685171630  0.99091682237643020  0.99273345790114420
  0.99455009342585809  0.99636672895057210  0.99818336447528599  1.00000000000000000
   4.3650123609201413E-010  -1.0000000000000000     
 F F F F F F F F F F F F F F F F F F F F F F F F F F F F F F F F F F F F F F F F F F F F F F F F F F F F F F F F F F F F F F F F
  <DiscreteSampler_grid>
  grouped_processes
  1 # 1 for a reference and 2 for a running grid.
  10 # Attribute 'min_bin_probing_points' of the grid.
  1 # Attribute 'grid_mode' of the grid. 1=='default',2=='initialization'
  0.0000000000000000 # Attribute 'small_contrib_threshold' of the grid.
  0.5000000000000000 # Attribute 'damping_power' of the grid.
 # binID   n_entries weight   weight_sqr   abs_weight
    10   10   4.081036664472267E+003   7.687120383780093E+007   4.081036664472267E+003
  </DiscreteSampler_grid>
