  0.00631777830049682  0.00959534948567706  0.01287292067085730  0.01615049185603754
  0.01942806304121777  0.02387650576877059  0.02920375542339071  0.03453100507801082
  0.03985825473263094  0.04520604451910816  0.05056439035349853  0.05592273618788890
  0.06128108202227927  0.13161102145697906  0.22107284245182732  0.31053466344667552
  0.39999648444152369  0.48945830543637203  0.57892012643122015  0.64610217966128902
  0.64716882978744672  0.64823547991360453  0.64930213003976223  0.65036878016592004
  0.65143543029207784  0.65250208041823554  0.65356873054439335  0.65463538067055105
  0.65570203079670886  0.65676868092286655  0.65783533104902436  0.65890198117518206
  0.65996863130133987  0.66103528142749768  0.66210193155365538  0.66316858167981318
  0.66423523180597088  0.66530188193212869  0.66636853205828639  0.66743518218444420
  0.66850183231060190  0.66956848243675970  0.67063513256291740  0.67170178268907521
  0.67276843281523291  0.67383508294139072  0.67490173306754841  0.67596838319370611
  0.67703503331986392  0.67810168344602162  0.67916833357217943  0.68023498369833713
  0.68130163382449493  0.68236828395065263  0.68343493407681044  0.68450158420296814
  0.68556823432912595  0.68663488445528365  0.68770153458144134  0.68876818470759915
  0.68983483483375685  0.69090148495991466  0.69196813508607236  0.69303478521223016
  0.69410143533838786  0.69516808546454567  0.69623473559070337  0.69730138571686107
  0.69836803584301888  0.69943468596917657  0.70050133609533438  0.70156798622149208
  0.70263463634764989  0.70370128647380759  0.70476793659996539  0.70583458672612309
  0.70690123685228090  0.70796788697843860  0.76714452617649964  0.79940228321697826
  0.81005897782542902  0.82071567243387977  0.83137236704233053  0.84202906165078140
  0.85268575625923226  0.91749767760012624  0.92261434011372512  0.92773100262732400
  0.93284766514092299  0.93790877543724160  0.94241327982298240  0.94691778420872319
  0.95142228859446387  0.95592679298020466  0.97857918856119674  1.00000000000000000
  0.00024328218204546  0.00027831342085600  0.00028598108371498  0.00029364874657397
  0.00030131640943295  0.00031075169813340  0.00032048450126854  0.00033021730440367
  0.00037748334897138  0.00064351015343132  0.00109649133616031  0.00179127139687257
  0.00185148064583255  0.00191168989479252  0.00197189914375250  0.00203632883767892
  0.00210360698200439  0.00217088512632987  0.00223881240624153  0.00231180516252696
  0.00238479791881239  0.00245779067509782  0.00256971298675096  0.00271673004503598
  0.00287299040804154  0.00303726807362381  0.00392570802782102  0.00423854828362784
  0.00457599389419831  0.00493425108708537  0.00532486186364092  0.00810862178090307
  0.01058809974277735  0.01065884416272087  0.01072958858266439  0.01080033300260791
  0.01087107742255143  0.01094182184249495  0.01101256626243847  0.01108331068238199
  0.01115405510232551  0.01122479952226903  0.01129554394221255  0.01136628836215607
  0.01143703278209959  0.01150777720204311  0.01157852162198663  0.01164926604193015
  0.01172001046187367  0.01179075488181719  0.01186972023549904  0.01194877043754269
  0.01202782063958633  0.01210687084162997  0.01218592104367362  0.01226497124571726
  0.01234402144776091  0.01242307164980455  0.01250212185184820  0.01258117205389184
  0.01266022225593549  0.01273927245797913  0.01281832266002278  0.01289737286206642
  0.01297642306411007  0.01305547326615371  0.01313452346819735  0.01321800127584837
  0.01330633240426994  0.01339466353269152  0.01348299466111309  0.01357132578953467
  0.01365965691795624  0.01374798804637782  0.01383631917479940  0.01392465030322097
  0.01401298143164255  0.01410131256006413  0.01418964368848570  0.01427797481690728
  0.01436630594532885  0.01445463707375043  0.01454296820217201  0.01463129933059358
  0.01471963045901516  0.02463781731904384  0.04196367499196486  0.07143636557135145
  0.12154276247272681  0.20717004020149674  0.33363782585112622  0.36610763592074091
  0.40011764172531855  0.41654020503100297  0.41654020503101297  1.00000000000000000
  0.00020837839804810  0.00048466925298511  0.00049786727667378  0.00051106530036246
  0.00052426332405113  0.00054032617328624  0.00055707883556380  0.00057383149784136
  0.00059400900563217  0.00064083974915227  0.00069117857061835  0.00074450413436517
  0.00080297676617491  0.00117991861886704  0.00134328311478598  0.00141790992624424
  0.00149979107718592  0.00158317948475725  0.00160732854909039  0.00161790285715758
  0.00162847716522477  0.00163905147329196  0.00164962578135915  0.00166020008942634
  0.00167077439749353  0.00168134870556072  0.00169192301362792  0.00170249732169511
  0.00171307162976230  0.00172364593782949  0.00173422024589668  0.00174479455396387
  0.00175536886203106  0.00176594317009825  0.00177651747816544  0.00178717121402917
  0.00179900466470696  0.00181083811538476  0.00182267156606255  0.00183450501674034
  0.00184633846741813  0.00185817191809592  0.00187000536877372  0.00188183881945151
  0.00189367227012930  0.00190550572080709  0.00191733917148488  0.00192917262216268
  0.00194100607284047  0.00195283952351826  0.00196467297419605  0.00197650642487385
  0.00198833987555164  0.00200064441960358  0.00201386718215786  0.00202708994471213
  0.00204031270726640  0.00205353546982068  0.00206675823237495  0.00207998099492922
  0.00209320375748350  0.00210642652003777  0.00211964928259204  0.00213287204514632
  0.00214609480770059  0.00215931757025486  0.00217254033280914  0.00218576309536341
  0.00219898585791768  0.00221220862047196  0.00222543138302623  0.00308420354954522
  0.00439228153098133  0.00453687260617675  0.00468146368137218  0.00482605475656760
  0.00498462654557581  0.00514619340437586  0.00530776026317590  0.00547498155445274
  0.00565551724676455  0.00583605293907636  0.00601658863138817  0.00910797158640612
  0.01541546433080664  0.02606873399275286  0.04411085423906314  0.07053788831556222
  0.07731930689390983  0.08441879002404984  0.10308011823285182  0.10308011823286183
  0.10308011823287183  0.10308011823288184  0.10308011823289184  1.00000000000000000
  0.16433262427647916  0.17134222819233080  0.17601778971799487  0.18069335124365893
  0.18536891276932299  0.19039043186181981  0.19570170265449524  0.20101297344717070
  0.20632424423984616  0.25019183222691177  0.25129820161821526  0.25240457100951880
  0.25351094040082234  0.25461730979212582  0.25572367918342936  0.25683004857473291
  0.25793641796603639  0.25904278735733993  0.26014915674864342  0.26125552613994696
  0.26236189553125050  0.26346826492255399  0.26457463431385753  0.26568100370516101
  0.26678737309646455  0.26789374248776804  0.26900011187907158  0.27010648127037512
  0.27121285066167861  0.27231922005298215  0.27342558944428569  0.27453195883558923
  0.27563832822689277  0.27674469761819626  0.27785106700949980  0.27895743640080334
  0.28006380579210688  0.28117017518341042  0.28227654457471391  0.28338291396601745
  0.28448928335732099  0.28559565274862453  0.28670202213992807  0.28780839153123156
  0.28891476092253510  0.29002113031383864  0.29112749970514218  0.29223386909644572
  0.29334023848774921  0.29444660787905275  0.29555297727035623  0.29665934666165977
  0.29776571605296331  0.29887208544426680  0.29997845483557034  0.30108482422687383
  0.30219119361817737  0.30329756300948091  0.30440393240078439  0.30551030179208793
  0.30661667118339142  0.30772304057469496  0.30882940996599850  0.30993577935730199
  0.31104214874860553  0.31214851813990901  0.35797137383995370  0.37423299378691033
  0.39049461373386690  0.40675623368082364  0.41883907912710933  0.42440133796408674
  0.42996359680106416  0.43552585563804158  0.44108811447501900  0.44665037331199642
  0.45221263214897384  0.45777489098595125  0.46333714982292873  0.46889940865990620
  0.47446166749688368  0.49348988070638039  0.58642487685177491  0.64934517391033097
  0.65907993609452886  0.66881469827872675  0.67854946046292453  0.68828422264712230
  0.69801898483132008  0.70775374701551796  0.79573518432398260  0.88867018046937696
  0.96166061421512261  0.97494795171495752  0.98761764063575441  1.00000000000000000
  0.01404726107915237  0.01428683420109515  0.01452640732303793  0.01476598044498071
  0.01500555356692349  0.01524512668886627  0.01548469981080905  0.01572427293275184
  0.01596384605469461  0.01620341917663740  0.01644299229858018  0.01668256542052296
  0.01692213854246574  0.01716171166440852  0.01740128478635130  0.01764085790829408
  0.01788043103023686  0.01812000415217964  0.01835957727412242  0.01859915039606520
  0.01883872351800798  0.01907829663995076  0.01931786976189354  0.01955744288383632
  0.01979701600577910  0.02003658912772189  0.02027616224966466  0.02051573537160745
  0.02075530849355023  0.02147888619278891  0.02243622917317385  0.02339357215355879
  0.02435091513394373  0.02530825811432868  0.02626560109471361  0.02722294407509856
  0.02818028705548350  0.02913763003586844  0.03009497301625338  0.03105231599663832
  0.03200965897702326  0.03296700195740820  0.03392434493779314  0.03488168791817808
  0.03583903089856302  0.03679637387894796  0.03775371685933290  0.03871105983971784
  0.03966840282010278  0.04062574580048772  0.04158308878087266  0.04991305245028142
  0.05894822631149677  0.06798340017271211  0.07701857403392745  0.11023887164682208
  0.18815667581386858  0.19300676405013581  0.19785685228640304  0.20270694052267030
  0.20755702875893753  0.21240711699520481  0.21725720523147210  0.22210729346773939
  0.22695738170400670  0.23179354308154099  0.23661805330736574  0.24144256353319046
  0.24626707375901521  0.25280871121092613  0.26522246603574462  0.27763622086056322
  0.29004997568538188  0.33538560101216724  0.34047192534057780  0.34555824966898835
  0.35064457399739890  0.35573089832580940  0.36081722265421989  0.36590354698263039
  0.37098987131104089  0.37607619563945138  0.38116251996786193  0.38624884429627243
  0.39133516862468293  0.40616651973910239  0.48195820565849379  0.49720602327961078
  0.51169833000387899  0.55320005284365703  0.64256004227492236  0.73192003170618791
  0.82128002113745324  0.86498439709345498  0.86498439709346497  1.00000000000000000
  0.18619179328282676  0.19678126629403522  0.20606253258807042  0.21591249318261624
  0.22594666286177159  0.28450095557290894  0.36598321682193080  0.44746547807095260
  0.52208033465969039  0.53460232185374823  0.54712430904780618  0.55964629624186391
  0.57216828343592163  0.59216310752095869  0.66727427630955005  0.67436863381699086
  0.68146299132443178  0.68855734883187258  0.69565170633931350  0.70274606384675431
  0.70910042622968372  0.71271138403227829  0.71632234183487298  0.71993329963746755
  0.72354425744006223  0.72715521524265680  0.73082201020949344  0.73455902292915121
  0.73829603564880886  0.74203304836846662  0.74577006108812438  0.74950707380778203
  0.75324408652743979  0.75698109924709744  0.76071811196675521  0.76445512468641286
  0.76819213740607062  0.79472665049795299  0.87501294906219196  0.87588573309385931
  0.87675851712552677  0.87763130115719412  0.87850408518886147  0.87937686922052893
  0.88024965325219628  0.88112243728386364  0.88199522131553110  0.88286800534719845
  0.88374078937886580  0.88461357341053315  0.88548635744220061  0.88635914147386796
  0.88723192550553531  0.88810470953720277  0.88897749356887013  0.88985027760053748
  0.89072306163220494  0.89159584566387229  0.89246862969553964  0.89334141372720710
  0.89421419775887445  0.89508698179054180  0.89593030417275177  0.89659970964704327
  0.89726911512133478  0.89793852059562629  0.89860792606991780  0.89927733154420930
  0.89994673701850081  0.90061614249279243  0.90128554796708393  0.90195495344137544
  0.90262435891566695  0.90329376438995845  0.90396316986424996  0.90463257533854147
  0.90530198081283297  0.90597138628712448  0.90664079176141599  0.90731019723570749
  0.90797960270999900  0.90864900818429051  0.90931841365858201  0.90998781913287363
  0.91065722460716514  0.91132663008145665  0.91199603555574815  0.91266544103003966
  0.91333484650433117  0.91400425197862267  0.91467365745291418  0.91534306292720569
  0.91601246840149719  0.91851773875097864  0.94963622490564981  1.00000000000000000
 -0.00227934519449869  0.00370013874021843  0.00740027748043686  0.01110041622065529
  0.01480055496087372  0.01850069370109216  0.02237679197907767  0.02655303684514645
  0.03072928171121523  0.03490552657728402  0.03908177144335280  0.04514124659474458
  0.05425973080243932  0.06362796484345044  0.07533959524506217  0.10526911225935352
  0.17436840661792913  0.24346770097650472  0.29188471934817017  0.29260563080673752
  0.29332654226530480  0.29404745372387214  0.29476836518243943  0.29548927664100677
  0.29621018809957406  0.29693109955814140  0.29765201101670874  0.29837292247527603
  0.29909383393384337  0.29981474539241065  0.30053565685097799  0.30125656830954528
  0.30197747976811262  0.30269839122667996  0.30341930268524725  0.30414021414381459
  0.30486112560238188  0.30558203706094922  0.30630294851951650  0.30702385997808385
  0.30774477143665119  0.30846568289521847  0.30918659435378582  0.30990750581235310
  0.31062841727092044  0.31134932872948773  0.31207024018805507  0.31272284920793764
  0.31327463914077369  0.31382642907360975  0.31437821900644586  0.31493000893928191
  0.31548179887211797  0.31603358880495408  0.31658537873779014  0.31713716867062619
  0.31768895860346230  0.31824074853629836  0.31879253846913441  0.31934432840197052
  0.31989611833480658  0.32044790826764263  0.32099969820047874  0.32155148813331480
  0.32210327806615091  0.32265506799898697  0.32320685793182302  0.32375864786465913
  0.32431043779749519  0.32486222773033124  0.32541401766316735  0.32596580759600341
  0.32651759752883952  0.32706938746167558  0.32762117739451163  0.32817296732734774
  0.32872475726018380  0.32927654719301985  0.32982833712585596  0.33038012705869202
  0.33093191699152807  0.33148370692436419  0.33203549685720024  0.33258728679003630
  0.33313907672287241  0.37810635077282273  0.44720564513139832  0.51630493948997391
  0.58540423384854956  0.65450352820712521  0.71404334725197960  0.71612394253412881
  0.71612394253413880  0.71612394253414879  0.71612394253415879  1.00000000000000000
  0.03149586518605554  0.03910414976024362  0.05265801400543338  0.10096940020235115
  0.19568520468670780  0.29040100917106459  0.38511681365542122  0.46140721147116265
  0.47494928244387302  0.48849135341658328  0.50203342438929355  0.51557549536200376
  0.57877482506254108  0.62557728844538363  0.62670489474860047  0.62783250105181743
  0.62896010735503427  0.63008771365825111  0.63121531996146796  0.63234292626468480
  0.63347053256790176  0.63459813887111860  0.63572574517433544  0.63685335147755229
  0.63798095778076913  0.63910856408398597  0.64023617038720293  0.64136377669041977
  0.64249138299363662  0.64361898929685346  0.64474659560007030  0.64587420190328726
  0.64700180820650410  0.64812941450972095  0.64925702081293779  0.65038462711615475
  0.65151223341937159  0.65263983972258843  0.65376744602580539  0.65489505232902223
  0.65602265863223908  0.65715026493545592  0.65827787123867287  0.65940547754188972
  0.66053308384510656  0.66166069014832352  0.66278829645154036  0.66391590275475720
  0.66504350905797416  0.66617111536119100  0.66729872166440785  0.66842632796762469
  0.66955393427084153  0.67068154057405849  0.67180914687727533  0.67293675318049218
  0.67406435948370902  0.67519196578692586  0.67631957209014282  0.67744717839335966
  0.67857478469657651  0.67970239099979335  0.68082999730301019  0.68195760360622704
  0.68308520990944399  0.68421281621266083  0.68534042251587768  0.68646802881909452
  0.69553308523626012  0.75240897712090804  0.75807790880014225  0.76374684047937658
  0.76941577215861079  0.77508470383784511  0.78075363551707944  0.78642256719631376
  0.79209149887554808  0.79776043055478230  0.80342936223401651  0.80909829391325083
  0.81646795621382173  0.82638936533910123  0.83631077446438074  0.84623218358966035
  0.85615359271493996  0.86607500184021946  0.88451234497061493  0.95952749949737604
  0.96494063203019509  0.97035376456301414  0.97576689709583320  0.98093905115022439
  0.98570428836266832  0.99046952557511214  0.99523476278755607  1.00000000000000000
  0.62091445525487265  0.62975739599045866  0.63451479198091731  0.63927218797137597
  0.64402958396183452  0.64917548846353801  0.65455864950719922  0.65994181055086043
  0.66532497159452164  0.67073157004277884  0.67614594929396044  0.68156032854514204
  0.68697470779632364  0.71179818514797433  0.71696991163572366  0.72214163812347298
  0.72731336461122242  0.73248509109897175  0.73765681758672097  0.74282854407447030
  0.74800027056221963  0.75317199704996896  0.75834372353771817  0.76351545002546750
  0.76868717651321683  0.77635785437558558  0.78580113777176597  0.79524442116794636
  0.80468770456412675  0.81413098796030714  0.82357427135648742  0.83301755475266781
  0.91670426226812318  0.91779481244796379  0.91888536262780440  0.91997591280764490
  0.92106646298748551  0.92215701316732612  0.92324756334716673  0.92433811352700734
  0.92542866370684795  0.92651921388668845  0.92760976406652906  0.92870031424636967
  0.92979086442621028  0.93088141460605089  0.93197196478589139  0.93306251496573200
  0.93415306514557261  0.93524361532541322  0.93633416550525383  0.93742471568509445
  0.93851526586493494  0.93960581604477555  0.94069636622461617  0.94178691640445678
  0.94287746658429739  0.94396801676413788  0.94505856694397850  0.94614911712381911
  0.94723966730365972  0.94833021748350033  0.94942076766334094  0.95051131784318144
  0.95160186802302205  0.95269241820286266  0.95378296838270327  0.95487351856254388
  0.95596406874238438  0.95705461892222499  0.95814516910206560  0.95921375591200553
  0.96027776295137168  0.96134176999073784  0.96240577703010399  0.96346978406947015
  0.96453379110883630  0.96559779814820246  0.96666180518756861  0.96772581222693477
  0.96878981926630092  0.96985382630566708  0.97091783334503323  0.97198184038439939
  0.97304584742376554  0.97410985446313170  0.97517386150249785  0.97623786854186401
  0.97730187558123016  0.97836588262059643  0.98014885523355522  0.98411908418684424
  0.98808931314013315  0.99205954209342218  0.99602977104671120  1.00000000000000000
   1.6886882145417032E-009  -1.0000000000000000     
 F F F F F F F F F F F F F F F F F F F F F F F F F F F F F F F F F F F F F F F F F F F F F F F F F F F F F F F F F F F F F F F F
  <DiscreteSampler_grid>
  grouped_processes
  1 # 1 for a reference and 2 for a running grid.
  10 # Attribute 'min_bin_probing_points' of the grid.
  1 # Attribute 'grid_mode' of the grid. 1=='default',2=='initialization'
  0.0000000000000000 # Attribute 'small_contrib_threshold' of the grid.
  0.5000000000000000 # Attribute 'damping_power' of the grid.
 # binID   n_entries weight   weight_sqr   abs_weight
    10   10   2.641216151524318E+005   6.943574238966833E+011   2.641216151524318E+005
  </DiscreteSampler_grid>
