  0.00412879311555119  0.00809421434698916  0.01355134066731122  0.02052063572657693
  0.02930205541724556  0.03998727792352519  0.05086164654115775  0.06320602478367907
  0.07691257414022816  0.09051225985115570  0.10333655666971352  0.11745058966391862
  0.13096888569528214  0.14428162913082085  0.15699266618291069  0.16903707050056871
  0.18013253256929854  0.19007311345219191  0.20024148059476807  0.21165106181579493
  0.22277328131255231  0.23492123472768428  0.24799018944212398  0.26123848992524773
  0.27401499411248970  0.28567969839201440  0.29656292903806308  0.30640183683761801
  0.31587495648620750  0.32553960650522129  0.33581330448303770  0.34615436396168275
  0.35642915615254883  0.36728258171406508  0.37876074051200920  0.38987569423509144
  0.39605448826998296  0.40193115096571214  0.40837921561547802  0.41452033308821151
  0.42068624917178143  0.42763949062441525  0.43907702367885193  0.45369297746804199
  0.46626087559602541  0.47724998523658468  0.48603401055540413  0.49454561287957882
  0.50538071780884986  0.51646528241960021  0.52527787959720074  0.53341374799650587
  0.54231973635167185  0.55297338061967283  0.56403987861255456  0.57478771148733887
  0.58481537431680664  0.59498139136164518  0.60558000657263511  0.61841335834843569
  0.63022083107234139  0.64315861592818813  0.65526956829991778  0.66597232425803599
  0.67673098574128898  0.68652503214600902  0.69871677611971006  0.71196687667260061
  0.72529633923665171  0.73847377259220159  0.75152811438558353  0.76428079324914122
  0.77658844987012843  0.78850167143668737  0.79949818030036568  0.81016140616858745
  0.82120910390124735  0.83119579898415819  0.84059467861070825  0.84962850519104560
  0.85960446825378334  0.86959711059754929  0.87856100742575560  0.88577701046771851
  0.89299226244218999  0.90118794258416313  0.91072938324987229  0.92058363471637250
  0.92949040973992902  0.93980699430466608  0.95299934034031897  0.96567753622707841
  0.97629468181540968  0.98482443791487484  0.99264829435532886  1.00000000000000000
  0.00019937636307372  0.00056372431901618  0.00076938409595752  0.00099758099706020
  0.00121144669082804  0.00142381720296765  0.00164161957346319  0.00187648726322738
  0.00210412735686361  0.00233462080818690  0.00258518359210445  0.00284046581682285
  0.00310015886181702  0.00336776238119272  0.00364441282842758  0.00396412865335629
  0.00434576699881164  0.00475694909808614  0.00513482084810237  0.00545127475356269
  0.00575097303471819  0.00608741213714958  0.00648782939080238  0.00692738783274766
  0.00741185024577120  0.00789716062775743  0.00837902914185134  0.00892763303665064
  0.00950488681328937  0.01002974852337998  0.01052081272617440  0.01103009838031549
  0.01164251665686001  0.01232796861358922  0.01298938783238474  0.01368024085359948
  0.01436825349512215  0.01477824016457402  0.01513563332253449  0.01550083254023567
  0.01594449532169894  0.01644468567926398  0.01697636582840548  0.01760289764420428
  0.01822027516232816  0.01881522503384855  0.01934100892115643  0.02016156386158353
  0.02111174228919054  0.02196927899189350  0.02261768787513454  0.02350086708341017
  0.02427666570041367  0.02499309632808046  0.02568961023730341  0.02642369378856075
  0.02724358701711684  0.02819736156719312  0.02932425641544019  0.03040400938471358
  0.03122944980425534  0.03208374530824574  0.03302628610359403  0.03398354642389895
  0.03492194868499333  0.03593819802387074  0.03704331997632406  0.03808397694033322
  0.03903400329422765  0.04112337897831789  0.04420174490478892  0.04724586809952776
  0.05066214002007337  0.05400427033281083  0.05715966541251845  0.05999261085189677
  0.06255389287929281  0.06474728992736738  0.06721166258678843  0.07082848079627024
  0.07399393256720707  0.07693100421272468  0.08724629664754512  0.09997172296402811
  0.11108968477917265  0.11774331815922605  0.12420625277428328  0.13104755105477148
  0.13818938255611921  0.14642915417301544  0.15566182950733995  0.16832208182983097
  0.18861872008689604  0.21066246525359694  0.22275462779577265  1.00000000000000000
  0.00000739118925360  0.00000771567188199  0.00000799466004172  0.00000823255659067
  0.00000845680824485  0.00000872323014408  0.00000895578691708  0.00000912468164362
  0.00000928213381855  0.00000945232759106  0.00000963090591540  0.00000982734498390
  0.00001004565209803  0.00001025769009373  0.00001050349847221  0.00001094482682055
  0.00001142406621046  0.00001188126226513  0.00001236328536718  0.00001298260198921
  0.00001376197871083  0.00001449631173304  0.00001526978852698  0.00001604021456628
  0.00001688158352859  0.00001771638292610  0.00001862675379552  0.00001957416582890
  0.00002059809757988  0.00002169787917112  0.00002299681439201  0.00002448023696787
  0.00002604271323730  0.00002771049706554  0.00002955671280694  0.00003148335835746
  0.00003363937290051  0.00003578916615292  0.00003818110551134  0.00004094056016367
  0.00004406742339979  0.00004745855395262  0.00005209603023145  0.00005667928883398
  0.00006143446758794  0.00006630120029608  0.00007149553693997  0.00007736877830767
  0.00008387356437740  0.00009069166930999  0.00009788046749883  0.00010563640467408
  0.00011362684587153  0.00012206174970654  0.00013254990897741  0.00014638764213176
  0.00016315653150468  0.00018105044295653  0.00019946818803650  0.00021937166479517
  0.00023780557498808  0.00025643687882648  0.00027702672585772  0.00030282041288208
  0.00033420946191184  0.00036825772118508  0.00040518043372880  0.00044666394681684
  0.00049112002554211  0.00053997183964247  0.00060068715792261  0.00066936942203007
  0.00074698182128986  0.00083368597578738  0.00094439638813600  0.00106132317449818
  0.00120929590379092  0.00137487996464661  0.00156253976980931  0.00177775732628526
  0.00202264318517742  0.00233404861117879  0.00277881115642572  0.00335666709067261
  0.00416451728184853  0.00511631922584665  0.00625938361320070  0.00836688008867328
  0.01141882438091281  0.01481316454522139  0.01823918186905344  0.02339062229002442
  0.03141393825288526  0.08051635212854316  0.21907059722119276  1.00000000000000000
 -0.00555571525825588  0.02171914236698518  0.03189657110129881  0.04287811501168808
  0.05283043540045107  0.06088409581451269  0.06781620363214128  0.07474566191024591
  0.08553504696656737  0.09935360513660525  0.11359646896721018  0.13002022807221247
  0.14771812415611721  0.16438715665515916  0.17915723913267617  0.19343490861785165
  0.20723884951306168  0.22205871325012633  0.23624932379951552  0.24868862743142015
  0.26017177357420457  0.27228701672646682  0.28241476641533064  0.29121805054326155
  0.29937955781250264  0.30906072103914445  0.32105861606165070  0.33527953769490526
  0.34856059981770970  0.35939533740497792  0.36948172418408270  0.37849522519577294
  0.38797938253827197  0.39844788713670259  0.40952173518025659  0.42015204560109121
  0.43076219571834706  0.44064033090913368  0.45102631373620378  0.46196112897065905
  0.47335225395456237  0.48395286355979261  0.49461718827647316  0.50551272284995241
  0.51702435110923795  0.52890588952824558  0.54101399085229152  0.55372199145917200
  0.56675026056223687  0.57908547389055209  0.59024003554634052  0.60086727371940740
  0.61199876269102615  0.62316526095884928  0.63511267047218145  0.64586814083097555
  0.65530970271471523  0.66459034919019155  0.67294357227159463  0.68153421730066432
  0.69049675859189275  0.69964993631762462  0.70959474783795817  0.72062693384731658
  0.73209308131038442  0.74310227857093680  0.75262141368552771  0.76056369766630338
  0.76889993036633519  0.77781421551146412  0.78687449470076587  0.79563719372863939
  0.80345597779084510  0.81135948063971708  0.81907156005535753  0.82735343797288718
  0.83717667414253905  0.84665294918307887  0.85531401271874585  0.86366749765599149
  0.87168406561965062  0.87996334592729242  0.88778829338513632  0.89553480500016802
  0.90343838998435522  0.91094831664291509  0.91848905966785654  0.92616576414398766
  0.93402500199786331  0.94315924607744905  0.95239838541869115  0.96168120055485162
  0.97187039784489160  0.98150367374337311  0.99069355903635148  1.00000000000000000
 -0.00346866394071223  0.01314937672966726  0.02535322499982833  0.03495433182393169
  0.04499478848106673  0.05486079676781714  0.06654905670773548  0.07795594947390878
  0.09037524553050008  0.10259460963740423  0.11441084852544579  0.12648440014198445
  0.13847994904539590  0.15027843303118871  0.16243806120272364  0.17538890407365629
  0.18876137470702647  0.20103794625608562  0.21216118635978959  0.22460996661863611
  0.23753268406332101  0.24538081059486405  0.25419095071462472  0.26272745734623720
  0.27251815257526174  0.28554222909579818  0.29822054930109670  0.30960881898414172
  0.31958847078172886  0.32941687140972697  0.33972378618936933  0.35011590046289631
  0.36075437226722123  0.37187119398806256  0.38317986996797598  0.39491182152850207
  0.40646056822676657  0.41604760228678828  0.42560658030368953  0.43486390001955788
  0.44334863060435709  0.45213049714306541  0.46076962484166856  0.47045856890832516
  0.48152729308319120  0.49266904011021073  0.50456913259486869  0.51585249670647715
  0.52593862826806437  0.53564655567463237  0.54455725081021233  0.55432358285504568
  0.56417292834641497  0.57587144007170876  0.58899825484220503  0.60121240156567879
  0.61271181834027177  0.62401522894310801  0.63575294261312931  0.64741152941396252
  0.65853053405410078  0.67017934261519085  0.68072169775014446  0.69015040631370750
  0.70028458064625998  0.71084914628999352  0.72242501588660235  0.73338153727041511
  0.74401454900999164  0.75367558793633915  0.76293971641170666  0.77268762641869204
  0.78239762751016340  0.79195637167257649  0.80124755045195306  0.81111561847810776
  0.82268334927966535  0.83614510670312725  0.85063264367438229  0.86445354511972827
  0.87657942557994573  0.88781809092685593  0.89617040596605546  0.90131688450328984
  0.90642443240490311  0.91168967448998861  0.91668154307821714  0.92106624566579476
  0.92879374313880714  0.93955386136785357  0.94865846124107145  0.95734735183559805
  0.96614013042010549  0.97711155394834803  0.98815771972352773  1.00000000000000000
 -0.00218225184056119  0.01284144348827395  0.02774619059405372  0.04947584635481229
  0.07756040531876365  0.11110777911523524  0.14185426000852031  0.17044199729396675
  0.19880648618287061  0.22826575516261327  0.26102649096980207  0.29656327880265909
  0.33096964733926298  0.36195718058024923  0.39007927919914376  0.41981305005868186
  0.44951233468247609  0.47499793517454358  0.49709142538297379  0.51901004797249495
  0.54367031967852719  0.56885201686154052  0.59219874930750349  0.61190898339891031
  0.63032902885081099  0.64899054526160893  0.66598442295319871  0.68118701994701703
  0.69518333988673042  0.70781791772941938  0.72041005554794257  0.73288345588262604
  0.74529053909153431  0.75590126402364732  0.76524609299831625  0.77440232333401660
  0.78341389807258510  0.79297489134001753  0.80295979124425876  0.81207795583048881
  0.82064914494974572  0.82905792780986109  0.83705946137406351  0.84457547506547370
  0.85173066290900401  0.85853282486358218  0.86506034659291542  0.87148055948651548
  0.87758241816117810  0.88327435059327275  0.88865720764436740  0.89367934352569056
  0.89831787495723225  0.90278483545735966  0.90727135876678411  0.91187114298859206
  0.91645990150051304  0.92123083071487888  0.92587687544610486  0.92962112866246494
  0.93270020595426428  0.93571350865030023  0.93857141766098240  0.94149091456714951
  0.94453926955812750  0.94746094405204617  0.95040547563674505  0.95333409377619915
  0.95621570497583919  0.95912329917087813  0.96207746810150785  0.96502366560985064
  0.96800899284329522  0.97091162466166248  0.97363894593432010  0.97612641774652720
  0.97839571329731256  0.98040086582360808  0.98232062181834912  0.98399956142642009
  0.98524831198512852  0.98630411012198749  0.98777433907314016  0.98904985409776258
  0.99028283124369065  0.99142162101975384  0.99244190355956952  0.99345897365309344
  0.99438895885776191  0.99524629994130809  0.99605964032051253  0.99686289654473181
  0.99769153261459798  0.99846656511371745  0.99923423375557718  1.00000000000000000
 -0.00245529815794989  0.00986020513638238  0.02269538763621318  0.03560440154676746
  0.04699367116049251  0.05665816810942554  0.06608327863927886  0.07563967983400764
  0.08500589950851568  0.09481922079233260  0.10493138801506517  0.11484761392071774
  0.12462307257406124  0.13435296358756776  0.14500583148389001  0.15400966031905419
  0.16376978456610780  0.17367810848525167  0.18406266322857384  0.19476523765630535
  0.20492338266410670  0.21563911009591749  0.22634784782180811  0.23759108070544968
  0.24675689424892297  0.25223728756099806  0.25735802527632368  0.26239035111254955
  0.26790080945503914  0.27811436008964902  0.29374706309761123  0.30800567432314707
  0.31998515208178624  0.32967959790316853  0.34023166345720807  0.35207950012117029
  0.36487852876515381  0.37666015311003659  0.38644217957586902  0.39603765206037472
  0.40707737721738796  0.41871994811699248  0.42881019431053180  0.43955288633843492
  0.45032278661753433  0.46005111726123266  0.46886634945535233  0.47858048904018602
  0.48948209793216246  0.49914455825943138  0.50812006614175198  0.51777936803918789
  0.52921299145278533  0.53948965674243610  0.54992010458407803  0.55990071824955123
  0.57136224697477145  0.58235743923564143  0.59248449825269744  0.60256389420261536
  0.61341430603257974  0.62505874022649099  0.63597449932704841  0.64694529164954462
  0.65692812775309550  0.66572698755179782  0.67409533696523538  0.68358699267696810
  0.69290412479491004  0.70139188062826663  0.70999481792529340  0.71932256514038273
  0.73117894141044426  0.74447053140548158  0.75791471637379193  0.77064998036017429
  0.78318272303079051  0.79451767916402150  0.80754793549796267  0.82119061895375711
  0.83413763624981641  0.84559239512918938  0.85640208624767555  0.86850301507469962
  0.88072140462891857  0.89322902298193485  0.90556040726800791  0.91811722204896773
  0.93115293749579842  0.94318476600740331  0.95380371376297690  0.96352638946435565
  0.97321297107089177  0.98345241210343581  0.99192613621669901  1.00000000000000000
 -0.00275203404267556  0.01081825053517442  0.02349218213048345  0.03450575803088451
  0.04553716134223805  0.05667069551066255  0.07038486680939242  0.08348214934391146
  0.09645826224226846  0.10875603178833113  0.12079651674647894  0.13172484672660034
  0.14165153277708090  0.15086527391814009  0.16004097130196246  0.16972240352948814
  0.17865442547242733  0.18825077745955884  0.19954318583506148  0.21278271676556454
  0.22597666075021067  0.23719413253997176  0.24747760325563195  0.25783460466923530
  0.26918001329944263  0.28221430798925512  0.29580396703158957  0.30804060942095379
  0.31814486372944079  0.32694807612171234  0.33538026449141067  0.34399590278723358
  0.35275949395662393  0.36254890412449009  0.37120372970911902  0.38076075529224257
  0.39118612946687198  0.40175151719607760  0.41244308573270400  0.42309308816966507
  0.43377962718225688  0.44402936648250396  0.45496908046444878  0.46672382727642547
  0.47853090036050089  0.49003453475212611  0.50043576479237717  0.51069373819329944
  0.52113397669798800  0.53277204560112079  0.54499196623430202  0.55752724302216017
  0.56956850142027482  0.58167364949309508  0.59453747509221833  0.60395993274887161
  0.61349657219009290  0.62258548420720727  0.63186042418272192  0.64420589170785691
  0.65672021651062273  0.66851166981958410  0.68147642542882381  0.69428166766883515
  0.70692467621775279  0.71800210486412885  0.72520677998593674  0.72995407190359096
  0.73467157108554826  0.73949293345673583  0.74420438235983077  0.74918080357393790
  0.75809031790190451  0.76942728420328599  0.78162588244959252  0.79385662644907329
  0.80491342347972994  0.81573569480494568  0.82584035576513837  0.83599288396386084
  0.84447260107345301  0.85231956983798740  0.86015081925720049  0.86821544718223342
  0.87732538989556141  0.88797983964059402  0.89966722702973256  0.91158444429226115
  0.92232215461558786  0.93197233348270314  0.94152129194427270  0.95288904960237342
  0.96366135472899450  0.97481723818359090  0.98611783676261910  1.00000000000000000
  0.13637480530117840  0.66154261943002790  0.71106276799695645  0.75341023713451161
  0.78462390808704563  0.81082305196312698  0.83226408921063533  0.85024411545187706
  0.86683591008948091  0.88044821742110191  0.89186477843625411  0.90146370979819868
  0.90995813529423342  0.91749074009861098  0.92418902917741552  0.93053361438802851
  0.93656335358056986  0.94107406775917557  0.94498425747153025  0.94864355469808681
  0.95194901443589008  0.95503255247035701  0.95800068863112497  0.96036104773625341
  0.96234374156047553  0.96424631819894857  0.96625070100360688  0.96819100921520940
  0.97004377244004181  0.97178926354536765  0.97331953484797118  0.97467469841207932
  0.97595750119843971  0.97717431341555083  0.97835280756703946  0.97943905303851186
  0.98044515909363872  0.98145453481340950  0.98238547098416285  0.98329553375781698
  0.98416166008497874  0.98499862810579208  0.98579199577390808  0.98651793539174448
  0.98721952309157601  0.98789754328608803  0.98859541371468362  0.98926256169815341
  0.98988097061733316  0.99044793216237370  0.99099043088537819  0.99150441759827146
  0.99198658442818943  0.99244981482853889  0.99288587648507798  0.99327949575500019
  0.99366656288426369  0.99400797349650061  0.99433366340372453  0.99464943406910955
  0.99495713743501923  0.99523560353349882  0.99550987042975536  0.99577876354968664
  0.99603940644092348  0.99627404224529492  0.99644950889593331  0.99660858862214996
  0.99676061471112043  0.99691520722636640  0.99707446395164923  0.99722506000523670
  0.99736675020093912  0.99750230407024187  0.99763848557387436  0.99776805993058526
  0.99789192646919112  0.99801316112404759  0.99812459429322142  0.99822947617795921
  0.99833149826928502  0.99843365273394891  0.99854470434100595  0.99865686351690208
  0.99875474766737704  0.99884252403419260  0.99892793663042179  0.99901141299441032
  0.99909200540224463  0.99917356789303335  0.99925926716536273  0.99935583918851800
  0.99947450890101197  0.99961986375244360  0.99979724247838841  1.00000000000000000
   1.1156708423865061E-006  -1.0000000000000000     
 F F F F F F F F F F F F F F F F F F F F F F F F F F F F F F F F F F F F F F F F F F F F F F F F F F F F F F F F F F F F F F F F
  <DiscreteSampler_grid>
  grouped_processes
  1 # 1 for a reference and 2 for a running grid.
  10 # Attribute 'min_bin_probing_points' of the grid.
  1 # Attribute 'grid_mode' of the grid. 1=='default',2=='initialization'
  0.0000000000000000 # Attribute 'small_contrib_threshold' of the grid.
  0.5000000000000000 # Attribute 'damping_power' of the grid.
 # binID   n_entries weight   weight_sqr   abs_weight
    10   10   6.130163900648567E+001   2.202069742490771E+004   6.130163900648567E+001
  </DiscreteSampler_grid>
