0.91224E-01 0.13893E-03 0.00000E+01 5680576 0 0 135036 0.14781E+07 0.00000E+01 0.91224E-01 0.00000E+01 0.00000E+01 0
1 0.097129 0.0086266 8.8816 44.922 0.097129
2 0.090405 0.0024043 3.761 15.363 0.090405
3 0.090854 0.0010504 2.3124 5.5995 0.090854
4 0.09088 0.0059119 6.5052 26.111 0.09088
5 0.086482 0.0025144 4.1117 33.38 0.086482
6 0.092027 0.001082 2.3514 14.974 0.092027
7 0.089023 0.0020936 3.3258 16.08 0.089023
8 0.092015 0.0011341 2.465 14.315 0.092015
9 0.0915 0.00068345 2.1127 17.192 0.0915
10 0.092888 0.0087172 9.3846 62.606 0.092888
11 0.091571 0.0024994 3.86 22.049 0.091571
12 0.09032 0.00099586 2.2052 5.4818 0.09032
13 0.089928 0.0057397 6.3825 21.037 0.089928
14 0.088188 0.0024472 3.9244 29.34 0.088188
15 0.091736 0.0011808 2.5744 23.093 0.091736
16 0.088972 0.0060257 6.7726 26.663 0.088972
17 0.088839 0.0021391 3.4052 14.209 0.088839
18 0.091121 0.0010094 2.2154 9.1161 0.091121
19 0.091795 0.0089429 9.7423 53.845 0.091795
20 0.091831 0.0022757 3.5047 17.311 0.091831
21 0.090039 0.0010467 2.325 10.934 0.090039
22 0.08676 0.0075896 8.7478 54.057 0.08676
23 0.090399 0.0027434 4.2918 21.687 0.090399
24 0.090417 0.0010428 2.3067 8.6923 0.090417
25 0.086953 0.0061386 7.0597 33.372 0.086953
26 0.093898 0.0025655 3.864 18.642 0.093898
27 0.091861 0.0010539 2.2945 6.1532 0.091861
28 0.08817 0.006216 7.05 34.07 0.08817
29 0.092931 0.0035454 5.3953 57.705 0.092931
30 0.09103 0.00099209 2.1797 6.0142 0.09103
31 0.089126 0.0021957 3.484 13.617 0.089126
32 0.091647 0.0016005 3.4928 50.795 0.091647
33 0.091284 0.00060823 1.8846 11.841 0.091284
34 0.091709 0.011542 12.586 101.11 0.091709
35 0.088106 0.0020721 3.326 14.096 0.088106
36 0.091315 0.001004 2.199 5.3365 0.091315
37 0.096496 0.0030662 4.4938 42.957 0.096496
38 0.092447 0.0013939 3.0156 39.297 0.092447
39 0.091383 0.00057114 1.7677 6.4922 0.091383
40 0.1105 0.016813 15.216 157.51 0.1105
41 0.089686 0.0024011 3.7862 24.126 0.089686
42 0.090225 0.0010561 2.3411 13.377 0.090225
43 0.084566 0.004856 5.7423 15.396 0.084566
44 0.092313 0.0028834 4.4172 28.478 0.092313
45 0.092306 0.0011864 2.5707 18.742 0.092306
46 0.10611 0.014707 13.859 134.35 0.10611
47 0.091003 0.0022808 3.5444 14.187 0.091003
48 0.090808 0.0010414 2.2936 8.6311 0.090808
49 0.083788 0.0051178 6.108 24.148 0.083788
50 0.09575 0.0035683 5.2703 53.495 0.09575
51 0.09277 0.0011204 2.4155 16.038 0.09277
52 0.080827 0.0057953 7.17 38.16 0.080827
53 0.090957 0.0021565 3.3529 10.684 0.090957
54 0.090086 0.0010728 2.3817 9.4258 0.090086
55 0.093787 0.0033465 5.0461 51.801 0.093787
56 0.092885 0.0013589 2.9259 21.809 0.092885
57 0.090953 0.00061015 1.8974 10.877 0.090953
58 0.091557 0.0027901 4.3097 34.173 0.091557
59 0.093056 0.0012431 2.6717 25.591 0.093056
60 0.092483 0.00061611 1.8843 9.0161 0.092483
61 0.089278 0.0079087 8.8584 45.276 0.089278
62 0.091462 0.0058382 9.0273 109.06 0.091462
63 0.092826 0.0010944 2.358 6.9362 0.092826
64 0.10603 0.01112 10.488 84.503 0.10603
65 0.089061 0.0029301 4.6528 42.533 0.089061
66 0.092546 0.00098106 2.1202 6.2363 0.092546
67 0.093589 0.0055687 5.9501 25.919 0.093589
68 0.096318 0.0040346 5.9238 64.62 0.096318
69 0.090335 0.00098027 2.1703 8.9392 0.090335
70 0.088583 0.0021224 3.3884 12.977 0.088583
71 0.091449 0.0011308 2.473 17.196 0.091449
72 0.09096 0.00057349 1.7833 8.0065 0.09096
73 0.091426 0.0046748 5.1132 11.371 0.091426
74 0.089403 0.0023323 3.6893 19.399 0.089403
75 0.093395 0.0011338 2.4279 10.819 0.093395
76 0.092319 0.011533 12.493 105.92 0.092319
77 0.092217 0.0023208 3.5591 19.414 0.092217
78 0.092336 0.0011051 2.3937 12.304 0.092336
79 0.10962 0.014437 13.17 96.565 0.10962
80 0.095639 0.0025322 3.7443 21.827 0.095639
81 0.091087 0.0010338 2.2699 8.7851 0.091087
82 0.095067 0.0066868 7.0338 28.6 0.095067
83 0.094547 0.0053007 7.9287 94.868 0.094547
84 0.089626 0.00097959 2.1859 7.5168 0.089626
85 0.086791 0.0061255 7.0577 26.452 0.086791
86 0.093759 0.0023787 3.5879 17.771 0.093759
87 0.090772 0.001028 2.265 5.6228 0.090772
88 0.10572 0.019396 18.347 185.88 0.10572
89 0.09144 0.0022864 3.5361 22.845 0.09144
90 0.092148 0.00099936 2.169 5.0345 0.092148
91 0.092801 0.0021144 3.2222 9.0678 0.092801
92 0.092058 0.001731 3.7606 58.354 0.092058
93 0.091401 0.00057537 1.7805 6.309 0.091401
94 0.10047 0.0069011 6.8686 30.864 0.10047
95 0.089898 0.0022125 3.4805 17.73 0.089898
96 0.091643 0.0011066 2.4151 16.296 0.091643
97 0.088165 0.0019936 3.1978 8.9624 0.088165
98 0.091955 0.001195 2.5991 18.859 0.091955
99 0.091109 0.00062018 1.9253 10.709 0.091109
100 0.07953 0.0039854 5.0112 13.992 0.07953
101 0.088461 0.002139 3.4196 20.56 0.088461
102 0.091209 0.0011045 2.4219 11.476 0.091209
103 0.072912 0.0037777 5.1812 14.962 0.072912
104 0.089581 0.0023027 3.6354 14.391 0.089581
105 0.090333 0.0011347 2.5123 13.674 0.090333
106 0.1033 0.0065894 6.3787 22.251 0.1033
107 0.093191 0.0019783 3.0022 13.678 0.093191
108 0.091728 0.00095195 2.0756 6.4418 0.091728
109 0.083823 0.006272 7.4824 40.279 0.083823
110 0.091005 0.0020647 3.2085 14.497 0.091005
111 0.090484 0.0011565 2.5563 25.33 0.090484
112 0.089003 0.0060135 6.7566 25.449 0.089003
113 0.088854 0.002471 3.9329 16.192 0.088854
114 0.091493 0.0010629 2.3234 12.501 0.091493
115 0.077631 0.0047835 6.1618 30.733 0.077631
116 0.090293 0.0032031 5.0168 48.475 0.090293
117 0.09123 0.0010206 2.2374 5.7884 0.09123
118 0.090333 0.0025765 4.0337 21.439 0.090333
119 0.091085 0.0013515 2.9676 32.498 0.091085
120 0.092016 0.00066286 2.0375 15.761 0.092016
121 0.10701 0.016982 15.869 161.69 0.10701
122 0.091448 0.0021346 3.301 11.148 0.091448
123 0.091197 0.0009862 2.1628 6.8832 0.091197
124 0.09189 0.0025713 3.9573 26.748 0.09189
125 0.092971 0.001157 2.489 16.232 0.092971
126 0.091652 0.00056834 1.7539 5.2123 0.091652
127 0.078929 0.0060091 7.6134 36.397 0.078929
128 0.093146 0.0024787 3.7633 15.116 0.093146
129 0.090421 0.0010653 2.3564 8.0499 0.090421
130 0.10794 0.012024 11.14 66.655 0.10794
131 0.09331 0.0021546 3.2655 8.7337 0.09331
132 0.09306 0.001015 2.1814 7.6956 0.09306
133 0.085817 0.0052903 6.1646 28.653 0.085817
134 0.091712 0.0025838 3.9842 25.672 0.091712
135 0.090028 0.001016 2.257 7.4115 0.090028
136 0.098378 0.0065843 6.6929 38.088 0.098378
137 0.086531 0.0017846 2.9166 7.7058 0.086531
138 0.090859 0.0010088 2.2206 9.6226 0.090859
139 0.096664 0.00814 8.4209 47.935 0.096664
140 0.090762 0.002594 4.0419 23.775 0.090762
141 0.090404 0.0009698 2.1455 4.4181 0.090404
142 0.094192 0.0089188 9.4687 61.051 0.094192
143 0.092569 0.0039209 5.9901 65.938 0.092569
144 0.092423 0.00108 2.337 10.554 0.092423
145 0.089515 0.002052 3.242 10.185 0.089515
146 0.096358 0.0018517 3.8433 41.576 0.096358
147 0.091683 0.00059794 1.8446 8.3358 0.091683
148 0.089451 0.0064177 7.1746 36.117 0.089451
149 0.09229 0.0029535 4.5258 33.362 0.09229
150 0.091772 0.001032 2.249 6.7137 0.091772
151 0.089046 0.0058569 6.5773 42.579 0.089046
152 0.088794 0.0019735 3.1431 11.341 0.088794
153 0.093019 0.0010424 2.2412 7.5418 0.093019
154 0.0807 0.0046323 5.7401 17.976 0.0807
155 0.092595 0.0030299 4.6277 35.941 0.092595
156 0.092103 0.0010927 2.3728 10.249 0.092102
157 0.090384 0.0055752 6.1683 22.787 0.090384
158 0.09072 0.003165 4.9338 47.092 0.09072
159 0.091403 0.0010831 2.3699 13.883 0.091403
160 0.094837 0.0064718 6.8241 30.54 0.094837
161 0.094322 0.0037582 5.6348 59.273 0.094322
162 0.090251 0.0011073 2.4538 18.735 0.090251
163 0.085756 0.0054373 6.3404 21.768 0.085756
164 0.092461 0.0064571 9.8763 123.45 0.092461
165 0.090366 0.0010814 2.3934 9.4888 0.090366
166 0.1013 0.011825 11.674 105.19 0.1013
167 0.089631 0.0021939 3.4616 9.2783 0.089631
168 0.089095 0.0009875 2.2167 5.59 0.089095
169 0.093239 0.008151 8.742 37.512 0.093239
170 0.093357 0.0021882 3.3148 13.302 0.093357
171 0.09085 0.0010693 2.3541 10.727 0.09085
172 0.09027 0.0056085 6.213 20.464 0.09027
173 0.090923 0.0034386 5.3484 48.104 0.090923
174 0.092031 0.0010772 2.3411 8.7053 0.092031
175 0.095147 0.0087745 9.2221 62.428 0.095147
176 0.088679 0.0021385 3.4104 14.738 0.088679
177 0.091926 0.0011139 2.4235 13.744 0.091926
178 0.09305 0.0062034 6.6667 27.493 0.09305
179 0.093564 0.002274 3.4372 15.706 0.093564
180 0.08902 0.00094934 2.1329 5.9067 0.08902
181 0.091275 0.00742 8.1293 40.913 0.091275
182 0.088987 0.0021828 3.469 10.259 0.088987
183 0.091393 0.0011216 2.4545 11.866 0.091393
184 0.093358 0.0084611 9.0631 55.792 0.093358
185 0.093491 0.0023017 3.4817 11.99 0.093491
186 0.090668 0.0010847 2.3928 13.45 0.090668
187 0.087532 0.0051047 5.8318 21.113 0.087532
188 0.088707 0.001926 3.0705 10.717 0.088707
189 0.091985 0.0010887 2.3672 9.088 0.091985
190 0.096476 0.0060623 6.2837 23.169 0.096476
191 0.089173 0.0022844 3.6228 20.542 0.089173
192 0.091325 0.0010488 2.2968 7.4385 0.091325
<lo_statistics>
<cumulated_time> 337.473322 </cumulated_time>
</lo_statistics>