  0.00369058620020772  0.00845360767059616  0.01450425577610353  0.02146912589367093
  0.02894505890837336  0.03678222033273343  0.04544248237553012  0.05506652681225770
  0.06496577213027371  0.07482672966409640  0.08462217206518093  0.09421731987826180
  0.10374453082872045  0.11310283778571814  0.12247104184763495  0.13200441468770777
  0.14146786496423625  0.15193864511274724  0.16327925021892531  0.17450061515488663
  0.18553563832672157  0.19551682999886041  0.20571183807893559  0.21650524806950078
  0.22758427839464421  0.23826696438661388  0.24893950795431763  0.25954088331369818
  0.26989713806003629  0.28017161945031166  0.29035079170534595  0.30148204003234674
  0.31336798594075999  0.32538658719047969  0.33620527504479769  0.34675047844660900
  0.35728356589076049  0.36847931926731475  0.38031790541853677  0.39260608862675511
  0.40450770670921071  0.41566180733886959  0.42618273173827231  0.43668116798091217
  0.44793261959262903  0.45938237110263158  0.47012534433117409  0.48037321144491718
  0.49026709576905364  0.50083612288089263  0.51210424722596093  0.52385545150373936
  0.53515059149705302  0.54618282737260637  0.55750965191140012  0.56904969558965168
  0.58079799543774613  0.59281984876397908  0.60413076026976842  0.61449925666577088
  0.62430365371558860  0.63422237623451172  0.64444529998054878  0.65491199846724424
  0.66503166748707965  0.67447866082486629  0.68353571024415494  0.69297448239247017
  0.70239399156875260  0.71186726614791940  0.72144161357062309  0.73120532308268082
  0.74105108081450433  0.75088549178912034  0.76089730920058229  0.77100942487776525
  0.78081749759874863  0.79066592667016133  0.80162335178113264  0.81279845232620329
  0.82380920608890729  0.83524158577086272  0.84735329514301094  0.85933405548858921
  0.87133671730850082  0.88275159962436855  0.89359066081307692  0.90473463782881725
  0.91536938469069251  0.92621777690789553  0.93759819599260885  0.94965897349780570
  0.96218845319660307  0.97415315952991632  0.98671483426619488  1.00000000000000000
  0.00305361628252759  0.00348961666967128  0.00396775743461239  0.00449007628659027
  0.00510221360502930  0.00576405528239221  0.00645790301395793  0.00711901744648942
  0.00771669408205637  0.00828988770479735  0.00886429291687696  0.00942902861894814
  0.00999334365319253  0.01055760932251166  0.01113808364033008  0.01174199604718195
  0.01234960039112531  0.01294729791211258  0.01352734357083208  0.01409514111168799
  0.01466213266070818  0.01524595218295987  0.01582795840067164  0.01640702201866550
  0.01701305255875333  0.01767327165771734  0.01830568836040843  0.01897933395340209
  0.01962965777442888  0.02029581283351308  0.02098412036497251  0.02170510406699011
  0.02247048239830791  0.02325412542442709  0.02403890792331460  0.02483797798809718
  0.02566117038150798  0.02649138546966877  0.02736790603719508  0.02823258281642389
  0.02907577352718195  0.02988132275180042  0.03068304466888472  0.03149242184947373
  0.03234593235615728  0.03322546011795240  0.03411407634477443  0.03500696269008277
  0.03594931889856565  0.03694064582805615  0.03790938502035111  0.03886529577718095
  0.03980330768769386  0.04075415053649031  0.04182519398306961  0.04297949028577207
  0.04420895815166113  0.04542183369921667  0.04661377511646212  0.04789050944594409
  0.04933988182579986  0.05087082187051019  0.05239296565890387  0.05385138566586174
  0.05526709886463609  0.05681615841571271  0.05851899143655814  0.06023041002987421
  0.06188466963777918  0.06359881742254983  0.06550204902516650  0.06777332131439828
  0.07013356422185138  0.07227692489815998  0.07411960460627026  0.07582474335019014
  0.07772776633228932  0.08008404068394138  0.08232160055618444  0.08441849616156785
  0.08663176857887675  0.08924709002277852  0.09155964563732341  0.09408055501748006
  0.09809020970965024  0.10254438355549818  0.10694733519966683  0.11250795936664984
  0.11960917752014792  0.12882175442938718  0.14243307000739511  0.15812188163845514
  0.17423715381169577  0.18831369814235197  0.20674051242609237  1.00000000000000000
  0.00008105914767142  0.00008321890313777  0.00008526392964195  0.00008789806417534
  0.00009101147441046  0.00009454889778110  0.00009815946071800  0.00010208393660729
  0.00010588963385257  0.00010958645347930  0.00011321868186496  0.00011705260439737
  0.00012108690157340  0.00012561411604806  0.00013099480916617  0.00013686166106588
  0.00014290380942350  0.00014957582912407  0.00015687461811289  0.00016437098018984
  0.00017207754157097  0.00018030493547161  0.00018906971667924  0.00019836606869484
  0.00020837362026640  0.00021853387123174  0.00022819292250738  0.00023800542375236
  0.00024818105173124  0.00025932741845406  0.00027089788149456  0.00028337500280233
  0.00029539311063143  0.00030901148893603  0.00032417838583419  0.00034019873763326
  0.00035802820497860  0.00037729183840788  0.00039953586530063  0.00042421767570079
  0.00045214138192294  0.00048190961184642  0.00051336507510814  0.00054655358766732
  0.00058168724158440  0.00061946049378630  0.00066063359492006  0.00070437120449594
  0.00075100889610583  0.00080251009455316  0.00086167148222531  0.00092663252595608
  0.00099701045844861  0.00107198845524750  0.00115201058501160  0.00123836593065642
  0.00133062446016791  0.00143687313096820  0.00155266345585605  0.00167919958536158
  0.00181989814114138  0.00197498144841217  0.00214604181402331  0.00233566207927599
  0.00254516785576748  0.00276542394930302  0.00298399124928628  0.00320514951287209
  0.00344537493908571  0.00372487777719817  0.00405730057159585  0.00444932045748386
  0.00490642099574432  0.00542650942557735  0.00597237580491969  0.00657869709820165
  0.00726205760104713  0.00798101987312730  0.00880906403170430  0.00980980982402431
  0.01095827772622846  0.01238279932692301  0.01410729271860385  0.01627960770549803
  0.01884488596155458  0.02202559352969055  0.02629513240057134  0.03012579478024754
  0.03399352220437461  0.03896437434068780  0.04742655124346473  0.06599369773414933
  0.08819094055397281  0.14055360460109093  0.46474851949957596  1.00000000000000000
 -0.00336731649146766  0.01773749343295253  0.03742649943864297  0.05832908202410460
  0.07996357154026507  0.10157510423700349  0.11885781021239504  0.13204949427842855
  0.14388177997386706  0.15574636756729360  0.16720853995908699  0.17830064016669056
  0.18992308279471895  0.20508096535838125  0.22005618143534095  0.23527267086499473
  0.24955258870706584  0.26244200309105076  0.27487578447829708  0.28735377132253037
  0.29969371094349762  0.31166205858766499  0.32403349896549538  0.33702327850593272
  0.35090877866591702  0.36492774630382663  0.37857273791160811  0.39019191048831620
  0.40089955628158924  0.41140795807137687  0.42223309066660103  0.43262412945647488
  0.44317691589316111  0.45293870495951027  0.46277913916035091  0.47259146552921871
  0.48324643706288883  0.49445255075876660  0.50517364169597179  0.51532885353829072
  0.52588233449974686  0.53684067129202395  0.54767859981742384  0.55817056579374480
  0.56846449198086491  0.57882405075990018  0.58920414422653056  0.59898053084747249
  0.60749307897366733  0.61537747749117067  0.62357576501733980  0.63218253922871370
  0.64079862961778022  0.64858167136562117  0.65606515088887918  0.66356645612288501
  0.67114138179822846  0.67912266278407896  0.68707814752650709  0.69562131543446482
  0.70379291389460941  0.71211043549849529  0.72041833161467639  0.72864134745632125
  0.73700855284463240  0.74512893054438512  0.75423399524648838  0.76386316757613726
  0.77356041790335361  0.78297119395754933  0.79187749357907244  0.80034357821834512
  0.80864049678642225  0.81701045403478945  0.82538472534680107  0.83397859471263414
  0.84287426543112531  0.85199517480120113  0.86106763445186996  0.86999372738366632
  0.87853066885056552  0.88681580623506207  0.89499895504724292  0.90300686590800650
  0.91077134190043196  0.91831853116301687  0.92581698079131658  0.93342376112753223
  0.94117853376773797  0.94934274213466585  0.95773900861564887  0.96614061999178691
  0.97452309671485460  0.98305303989476478  0.99149361486108545  1.00000000000000000
 -0.00211319628000634  0.01030057193801979  0.02055397218102682  0.03006175815659515
  0.03942606558410779  0.04800383719300761  0.05712067765501960  0.06664571893080536
  0.07732702769196306  0.08811638354415025  0.09945278337372895  0.10996659244172177
  0.12037958842609342  0.13105156284117228  0.14092233915474758  0.15089196532202315
  0.16021547565893990  0.17097209653842432  0.18257203441533976  0.19388873052935418
  0.20493312185989190  0.21533655416548253  0.22535981628946378  0.23515421983510759
  0.24505844120497289  0.25732329158520906  0.27004569121727373  0.28229789800030902
  0.29303610540598862  0.30261136304107256  0.31204655691044264  0.32123158621566250
  0.33048488658477670  0.33999015683803196  0.34956944755092517  0.35998531662881866
  0.37086772167790594  0.38254087025748018  0.39494089581885294  0.40687758561425069
  0.41820236700133961  0.42931512534053157  0.43996310978379827  0.45071242657685240
  0.46068474453899999  0.46982613197183859  0.47917232117919500  0.48916533779403637
  0.49925662267242549  0.50906777613306908  0.51846405173986077  0.52925058038958528
  0.54076296973984084  0.55163084374469851  0.56284150758448759  0.57353552327585922
  0.58420774614924631  0.59459913114105534  0.60458539135807887  0.61547566550759569
  0.62640672227808536  0.63861149020011510  0.65057163972117871  0.66190434393212871
  0.67266449892572877  0.68264405952242313  0.69312399558562565  0.70376486841762009
  0.71415307069385281  0.72418720704988215  0.73370871235807955  0.74314759353602744
  0.75286656498550886  0.76280521082180297  0.77269086261724240  0.78253539717293874
  0.79248265558287256  0.80298261313766028  0.81407713253493286  0.82480574275347107
  0.83511532783630105  0.84534308138759706  0.85549630926349796  0.86545147802192524
  0.87554577027156921  0.88600536079771430  0.89687709171383612  0.90838724066555421
  0.92006317483094935  0.93132482522376825  0.94224716350811266  0.95262841542111310
  0.96350231015066579  0.97497265967611624  0.98681134904455070  1.00000000000000000
 -0.00240713635971351  0.01075499855224885  0.02178281993792740  0.03581398500802278
  0.05080258018731497  0.06678745376326309  0.08326288664951732  0.09928716251923937
  0.11448296204293555  0.13008396683930923  0.14654791611386089  0.16458180670708011
  0.18133426211316439  0.19774525585300917  0.21523005206832355  0.23339434038259382
  0.25106919980394726  0.26931703121206485  0.28877548404016512  0.30798862128643489
  0.32623067978537557  0.34380162585433827  0.36080747086753501  0.37746362779260306
  0.39350697195972606  0.40908032025727153  0.42392518550492148  0.43875256973769433
  0.45387758319011162  0.46948936279829173  0.48493322003784434  0.49954155510349707
  0.51330554318714539  0.52665915432913524  0.53977143985067455  0.55283777808626988
  0.56596520755482627  0.57836571912695889  0.59044463952668724  0.60234743674414626
  0.61465228089067314  0.62670090084035779  0.63869010439416363  0.65091312525955858
  0.66278664350834338  0.67416435201411773  0.68528922732638797  0.69678844410963425
  0.70827981047370470  0.71929463729922205  0.72988510587011957  0.74018971520688959
  0.75015881969178511  0.75976896125245308  0.76912145253237962  0.77800046499654318
  0.78619291196340424  0.79391307696493074  0.80153748148396686  0.80914892481435685
  0.81655977769607468  0.82401985688158685  0.83163298572929734  0.83896524228433622
  0.84595228408607714  0.85251465818642669  0.85890754930468038  0.86552238099063439
  0.87208310904579323  0.87850244280221701  0.88474588217797601  0.89096005467409023
  0.89736147576203851  0.90418161301481126  0.91110050643576035  0.91752613269227945
  0.92331754034328517  0.92892728442028161  0.93416791069489147  0.93923704465991997
  0.94385006884403200  0.94813226637084758  0.95228975271495020  0.95645472168536005
  0.96078253963953864  0.96527961091025727  0.96962896109636965  0.97345884893713863
  0.97705310627958941  0.98053447688247819  0.98392433055422346  0.98728803137528032
  0.99065100808709394  0.99387296498174826  0.99693190485136141  1.00000000000000000
 -0.00331726749033106  0.01216747509792485  0.02556325797625672  0.03802697773064306
  0.05009252193516862  0.06151565423786783  0.07243167567354217  0.08339396627983686
  0.09392629185592911  0.10406498759126113  0.11382022932084554  0.12382321841262185
  0.13454230265191328  0.14559275977144498  0.15702668545783069  0.16882093912692064
  0.18070267315598298  0.19221953334387248  0.20330233964980177  0.21405598523389549
  0.22544269183079169  0.23681784413785686  0.24828499793089445  0.25974801466782466
  0.27091416022046977  0.28071775518246911  0.28998256493318258  0.29943265581832501
  0.30982246985078593  0.32029482246565649  0.33090561834715448  0.34166277165633024
  0.35203687623644236  0.36199928276911492  0.37110902337274221  0.38044853453027933
  0.39018355797514925  0.40087256463748117  0.41182355658964076  0.42219959472754193
  0.43295365064815799  0.44327649553963649  0.45304863802289019  0.46254182663891863
  0.47185998574540783  0.48137581051595546  0.49061830231991604  0.49985867718977572
  0.51019762823773962  0.52148645309074049  0.53300456690459896  0.54353679628594520
  0.55287890543675633  0.56235854467060342  0.57224746235572332  0.58193473918096306
  0.59107662369968550  0.60004936478412174  0.60965311909503228  0.61993285381816610
  0.63038954416430149  0.64077681551425170  0.65149548919163347  0.66234444761733657
  0.67292080549476796  0.68349699268300046  0.69364090036244863  0.70343690236163525
  0.71309936068959701  0.72265499535579625  0.73218938882269580  0.74127617731991879
  0.75053032886494342  0.75997848649647171  0.76941451100300362  0.77907321347333280
  0.78936255681651346  0.80085187988381235  0.81269349293965198  0.82359775462682494
  0.83371514447588235  0.84370783072251732  0.85362294632358326  0.86352826832438567
  0.87339966467540986  0.88410981931013144  0.89538482745650272  0.90675803743024508
  0.91867458719144268  0.93055265652088404  0.94298008176451020  0.95450780145887648
  0.96542507896453078  0.97604525467839587  0.98759141475328016  1.00000000000000000
 -0.00211760737856841  0.00996258155003778  0.01979716573917856  0.03015358553562847
  0.04035466260531225  0.05012228097554313  0.05979754950233719  0.07043998171841441
  0.08120790018281886  0.09175870354159649  0.10220294196833350  0.11406961257626150
  0.12438564489170918  0.13457196804075544  0.14456010968250005  0.15502696978849567
  0.16619071624842532  0.17737931717750197  0.18816759062466945  0.19835136241060181
  0.20857963648142624  0.21896320813890605  0.22882032836477972  0.23833672023976460
  0.24792807484158214  0.25797615255902473  0.26874606112539534  0.28013069700327298
  0.29190022324664688  0.30350682963936809  0.31434722858764241  0.32519093491365064
  0.33657892440567572  0.34883598217675826  0.36072881414926034  0.37284615085034634
  0.38446581861271556  0.39670375035948263  0.40890514982569354  0.42025764650052905
  0.43064300853432497  0.44081636323922069  0.45114729914535440  0.46144736986894308
  0.47179365512036897  0.48160654783031875  0.49115512272217282  0.50072130091631872
  0.51063363156312580  0.52057897434150169  0.52962917163693002  0.53827846147353331
  0.54704415840308906  0.55609968351678218  0.56574126246678402  0.57566005502119122
  0.58601520534126206  0.59690144118643296  0.60694478488523207  0.61643484341297250
  0.62609059800974920  0.63545268167835167  0.64465812502622777  0.65375179858666188
  0.66271675401457264  0.67220254724828887  0.68179598558863086  0.69112629788397018
  0.70046347394201580  0.71025669019231807  0.72076135680397957  0.73262129558068789
  0.74520286328905871  0.75711440433679988  0.76814035909112266  0.77871773115906462
  0.78940731323191438  0.80010245647287270  0.81068783901945884  0.82134400761398541
  0.83183872502924761  0.84228266321795853  0.85326137000164715  0.86351704050394262
  0.87424645535358636  0.88512628333244536  0.89588663742965646  0.90657259776378785
  0.91737073969820215  0.92988281666021977  0.94237616199586383  0.95437958734544526
  0.96613455438719364  0.97789771971041406  0.98898950810918906  1.00000000000000000
  0.41000610498010420  0.50255427023176957  0.54147924255372493  0.56244988938354534
  0.57983075549819574  0.59864883722821238  0.62211886309246167  0.64174039268199956
  0.66029388801502720  0.67865731089033110  0.69533549908084069  0.70997213083694333
  0.72274665178262698  0.73456564143131098  0.74596458032770163  0.75663601749579967
  0.76634480852628950  0.77515090046649870  0.78336558883959673  0.79116577789011155
  0.79871191766178051  0.80579820590704498  0.81248431012399469  0.81877206563476290
  0.82496347734784148  0.83098129374803498  0.83638233856611244  0.84135247772838007
  0.84625767238292593  0.85116565724055315  0.85584258573879257  0.85998032200949981
  0.86381176329372222  0.86748057904843667  0.87125325943709442  0.87495276611201456
  0.87861769091673614  0.88212764068996785  0.88534395822977363  0.88837488597337866
  0.89133120068799720  0.89432763801580550  0.89733138607163643  0.90028117333712621
  0.90316248837541468  0.90592232799017269  0.90852397435368570  0.91099977697933809
  0.91346487595414627  0.91592901724824438  0.91834237989776268  0.92060543548826312
  0.92295076577023150  0.92528245092275674  0.92759271032491453  0.92981090873470762
  0.93199498536413827  0.93412685693780551  0.93615319811951259  0.93804982362458866
  0.93977862489182884  0.94136878124230594  0.94300215660553877  0.94464015920015698
  0.94633647064138415  0.94804905409601958  0.94966701951377319  0.95130100984340071
  0.95292166445425908  0.95452746627133267  0.95610131151072897  0.95752698762891575
  0.95893981778357562  0.96033644027366027  0.96172960980751732  0.96316552158301916
  0.96466002764381575  0.96616889449507304  0.96771844298496179  0.96926983004849543
  0.97075294583969041  0.97215868061973132  0.97350889291008402  0.97483577764068186
  0.97617651732777122  0.97755792181848900  0.97894896128009357  0.98034004947437348
  0.98178918054928710  0.98329707704241220  0.98488055359392612  0.98659820508131724
  0.98852014065558125  0.99088352616739628  0.99418675605481610  1.00000000000000000
   2.3170830531264962E-008  -1.0000000000000000     
 F F F F F F F F F F F F F F F F F F F F F F F F F F F F F F F F F F F F F F F F F F F F F F F F F F F F F F F F F F F F F F F F
  <DiscreteSampler_grid>
  grouped_processes
  1 # 1 for a reference and 2 for a running grid.
  10 # Attribute 'min_bin_probing_points' of the grid.
  1 # Attribute 'grid_mode' of the grid. 1=='default',2=='initialization'
  0.0000000000000000 # Attribute 'small_contrib_threshold' of the grid.
  0.5000000000000000 # Attribute 'damping_power' of the grid.
 # binID   n_entries weight   weight_sqr   abs_weight
    10   10   4.751958217358465E+001   5.966277042383318E+003   4.751958217358465E+001
  </DiscreteSampler_grid>
