  0.05425336924496348  0.12755201096201274  0.13010402192402545  0.13265603288603819
  0.13520804384805091  0.13776005481006365  0.14031206577207639  0.14286407673408910
  0.14541608769610184  0.14839356804206202  0.15145420752601590  0.15451484700996981
  0.15757548649392369  0.16063612597787758  0.16369676546183146  0.16676580129599153
  0.17010965312661711  0.17345350495724265  0.17679735678786823  0.18014120861849378
  0.18348506044911933  0.18682891227974491  0.18972170206311476  0.19250123748190681
  0.19528077290069884  0.19806030831949087  0.20083984373828292  0.20361937915707495
  0.20639891457586698  0.20917844999465904  0.21195798541345109  0.21473752083224318
  0.21751705625103523  0.22029659166982732  0.22307612708861937  0.22585566250741143
  0.22863519792620352  0.23261263519723627  0.23687327020201340  0.24113390520679051
  0.24539454021156765  0.24965517521634475  0.34593302656611413  0.45031387957504693
  0.50083507485750600  0.50242875347763549  0.50402243209776498  0.50561611071789447
  0.50720978933802408  0.50880346795815357  0.51039714657828306  0.51199082519841255
  0.51358450381854204  0.51517818243867153  0.51677186105880113  0.51836553967893062
  0.51995921829906011  0.52155289691918960  0.52314657553931920  0.52474025415944869
  0.52633393277957818  0.52792761139970767  0.52952129001983728  0.53111496863996677
  0.53270864726009626  0.53430232588022586  0.53589600450035535  0.53748968312048484
  0.53908336174061444  0.54067704036074393  0.54227071898087342  0.54386439760100291
  0.54545807622113252  0.54705175484126201  0.54864543346139150  0.55023911208152099
  0.55183279070165048  0.55342646932177997  0.55502014794190957  0.55661382656203906
  0.55820750518216855  0.55980118380229804  0.56139486242242753  0.59449787592547088
  0.69887872893440373  0.80325958194333669  0.90764043495226954  0.96103555468445379
  0.96628925025926149  0.97154294583406908  0.97679664140887679  0.98168048904264016
  0.98626036678198004  0.99084024452131980  0.99542012226065957  1.00000000000000000
  0.03454107607778070  0.12913913209318964  0.13327826418637928  0.13741739627956892
  0.14155652837275856  0.14569566046594820  0.15047854940739777  0.15528358723159172
  0.16008862505578567  0.16489366287997959  0.23662087216896718  0.29463062831639852
  0.30051772323392323  0.30640481815144799  0.31229191306897269  0.31817900798649745
  0.32406610290402216  0.32995319782154692  0.33584029273907168  0.34172738765659649
  0.34761448257412125  0.35350157749164607  0.35581298011219442  0.35766897261693864
  0.35952496512168286  0.36138095762642708  0.36323695013117130  0.36509294263591552
  0.36694893514065968  0.36880492764540390  0.37066092015014812  0.37251691265489234
  0.37437290515963656  0.37622889766438078  0.37808489016912500  0.37994088267386916
  0.38179687517861338  0.38365286768335760  0.38550886018810182  0.38736485269284604
  0.38922084519759026  0.39107683770233442  0.39293283020707864  0.39478882271182286
  0.39656166424047412  0.39822747678978215  0.39989328933909013  0.40155910188839816
  0.40322491443770614  0.40489072698701417  0.40655653953632215  0.40822235208563018
  0.40988816463493821  0.41155397718424619  0.41321978973355422  0.41488560228286220
  0.41655141483217023  0.41876739447296318  0.42102426755699091  0.42328114064101863
  0.42553801372504640  0.42779488680907413  0.43005175989310185  0.43230863297712963
  0.43456550606115735  0.43682237914518512  0.43907925222921285  0.44133612531324057
  0.44359299839726835  0.44584987148129607  0.44810674456532379  0.45036361764935157
  0.45262049073337929  0.45487736381740707  0.45713423690143479  0.45960280530143693
  0.46231135167554493  0.46501989804965299  0.46772844442376105  0.47043699079786905
  0.47314553717197710  0.47585408354608516  0.47856262992019316  0.50352445481194885
  0.50950759271912538  0.51549073062630191  0.52139474803963148  0.52663883393863931
  0.53188291983764713  0.53712700573665484  0.55655827178457407  0.66741870383842650
  0.77827913589227893  0.88913956794613147  0.92888138622568317  1.00000000000000000
  0.00028420250127472  0.00028635906226395  0.00028851562325318  0.00029067218424241
  0.00029282874523164  0.00029498530622087  0.00029714186721011  0.00029929842819934
  0.00030145498918857  0.00030525014643530  0.00031037498634492  0.00031549982625453
  0.00032062466616415  0.00032574950607376  0.00033087434598338  0.00033599918589299
  0.00042334945714140  0.00042823900922755  0.00043312856131369  0.00043801811339984
  0.00044290766548599  0.00044779721757214  0.00045268676965829  0.00045757632174444
  0.00046246587383058  0.00046735542591673  0.00047233582033590  0.00047779943259849
  0.00048326304486107  0.00048872665712366  0.00049419026938625  0.00049965388164883
  0.00050511749391142  0.00051058110617400  0.00051604471843659  0.00052150833069918
  0.00052698924980670  0.00053309432005239  0.00053919939029807  0.00054530446054376
  0.00055140953078945  0.00055751460103513  0.00056361967128082  0.00056972474152651
  0.00057582981177219  0.00058193488201788  0.00058803995226357  0.00106862106682543
  0.00179595923974374  0.00183851275287419  0.00188106626600464  0.00192361977913508
  0.00196617329226553  0.00201020212403923  0.00205775165251531  0.00210530118099140
  0.00215285070946748  0.00220040023794357  0.00224999599953023  0.00230312810289775
  0.00235626020626527  0.00240939230963280  0.00246252441300032  0.00333809476976012
  0.00546491331193006  0.00562838316880022  0.00579185302567039  0.00595532288254055
  0.00612597239942660  0.00630863451219745  0.00649129662496831  0.00667395873773916
  0.00686692678512157  0.00707103442967902  0.00727514207423647  0.00747924971879392
  0.00773043190029458  0.00801472988558007  0.00829902787086555  0.00856713808522064
  0.00881651466334216  0.00906589124146369  0.00931526781958521  0.00955982427818538
  0.00979925422552050  0.01003868417285562  0.01027811412019074  0.01051754406752585
  0.01861472599282286  0.03615918232945887  0.07023905725414270  0.13643847545027715
  0.20678426438347208  0.20678426438348207  0.20678426438349207  1.00000000000000000
  0.04888128836949671  0.05271013758819781  0.05653898680689891  0.06036783602560000
  0.06546466542709312  0.07215492040653777  0.07884517538598242  0.12474084358982623
  0.15037914840543160  0.15584066963948173  0.16130219087353184  0.16676371210758195
  0.17222523334163203  0.17768675457568209  0.18314827580973214  0.18860979704378222
  0.19407131827783228  0.19953283951188233  0.20499436074593241  0.25722438312611756
  0.29390356204392221  0.29698376481598482  0.30006396758804738  0.30314417036010999
  0.30622437313217260  0.30930457590423521  0.31238477867629777  0.31546498144836038
  0.31854518422042299  0.32162538699248561  0.32470558976454816  0.32778579253661078
  0.33086599530867339  0.33394619808073600  0.33702640085279861  0.34010660362486123
  0.34318680639692389  0.34626700916898651  0.34934721194104912  0.35242741471311179
  0.40893365743346072  0.46095728727856800  0.46527783307057552  0.46959837886258304
  0.47391892465459062  0.47823947044659815  0.48256001623860562  0.48688056203061314
  0.49120110782262061  0.49552165361462808  0.49984219940663560  0.50416274519864301
  0.50848329099065059  0.51280383678265806  0.51712438257466553  0.53864114991952383
  0.60517831412533196  0.60728971761929185  0.60940112111325184  0.61151252460721184
  0.61362392810117172  0.61573533159513172  0.61784673508909171  0.61995813858305160
  0.62206954207701159  0.62418094557097159  0.62629234906493148  0.62840375255889147
  0.63051515605285147  0.63262655954681135  0.63473796304077135  0.63684936653473134
  0.63896077002869134  0.64107217352265122  0.64318357701661122  0.64529498051057121
  0.64740638400453110  0.64951778749849109  0.65162919099245109  0.65374059448641109
  0.65585199798037108  0.65796340147433108  0.66007480496829107  0.66218620846225096
  0.66429761195621095  0.66640901545017095  0.67263626744223437  0.67943557719268355
  0.68623488694313273  0.69235113708244023  0.69831124032626868  0.70427134357009702
  0.74839727982693327  0.87419863991346136  0.97402358452479043  1.00000000000000000
  0.07492780288060502  0.12653421724095326  0.12806843448190655  0.12960265172285981
  0.13113686896381307  0.13267108620476636  0.13420530344571963  0.13573952068667289
  0.13727373792762618  0.13880795516857944  0.14034217240953270  0.14187638965048599
  0.14341060689143925  0.14494482413239251  0.14664890553333826  0.14858672394809044
  0.15052454236284263  0.15246236077759484  0.15440017919234703  0.15633799760709921
  0.15827581602185142  0.16021363443660361  0.16215145285135579  0.16408927126610801
  0.16602708968086019  0.24839394072903526  0.29572097984625628  0.30200404061243885
  0.30828710137862148  0.31457016214480404  0.32085322291098661  0.32713628367716924
  0.33341934444335181  0.33970240520953449  0.34598546597571717  0.35226852674189979
  0.35615483337599424  0.35900363560065945  0.36185243782532472  0.36470124004998994
  0.36755004227465515  0.37039884449932042  0.37324764672398564  0.37609644894865085
  0.37894525117331612  0.38179405339798134  0.38464285562264655  0.38749165784731182
  0.39034046007197704  0.39318926229664225  0.39603806452130752  0.39888686674597279
  0.40173566897063806  0.40458447119530333  0.40743327341996854  0.41028207564463381
  0.41313087786929908  0.41597968009396435  0.50923895200575298  0.52661362195807826
  0.53300098904859949  0.53938835613912062  0.54577572322964174  0.55216309032016286
  0.55855045741068399  0.56493782450120511  0.57132519159172623  0.57771255868224736
  0.58394656611124940  0.58905611671857960  0.59416566732590970  0.59927521793323990
  0.60438476854056999  0.60949431914790009  0.61460386975523018  0.61971342036256027
  0.62482297096989037  0.62993252157722046  0.63504207218455055  0.64015162279188065
  0.64526117339921074  0.75416317222964901  0.87503803786099033  0.87906154291949934
  0.88308504797800824  0.88710855303651726  0.89113205809502616  0.89515556315353517
  0.89827261887849530  0.90120604847943508  0.90413947808037487  0.90707290768131466
  0.91000633728225444  0.91293976688319423  0.91386932531992593  1.00000000000000000
  0.04640161593755092  0.05043331330138487  0.05446501066521882  0.05849670802905278
  0.06254202343619582  0.06850658719370292  0.07447115095121003  0.08043571470871713
  0.14162958855361080  0.25500355385747980  0.36837751916134881  0.48175148446521776
  0.52258063459723825  0.52524711500422305  0.52791359541120786  0.53058007581819255
  0.53324655622517736  0.53591303663216217  0.53857951703914697  0.54124599744613178
  0.54391247785311647  0.54657895826010128  0.54924543866708597  0.55191191907407078
  0.55457839948105558  0.55724487988804028  0.55991136029502508  0.56257784070200978
  0.56524432110899459  0.56791080151597928  0.57057728192296409  0.57324376232994889
  0.57591024273693359  0.57857672314391839  0.58124320355090309  0.60783872836265918
  0.72121269366652807  0.75280685971443861  0.75656897562906489  0.76033109154369116
  0.76409320745831744  0.76785532337294371  0.77148716705544640  0.77462424086312542
  0.77776131467080434  0.78089838847848325  0.78403546228616217  0.78717253609384108
  0.79030960990151999  0.79344668370919891  0.79658375751687782  0.79972083132455674
  0.80285790513223565  0.80599497893991456  0.80913205274759348  0.81226912655527239
  0.81625759136587650  0.82031369210969474  0.82436979285351297  0.82842589359733121
  0.83248199434114956  0.83796923734869688  0.84383666063387441  0.84970408391905194
  0.85557150720422936  0.86143893048940678  0.86730635377458432  0.87317377705976174
  0.91724999880446356  0.91906589306559838  0.92088178732673309  0.92269768158786780
  0.92451357584900262  0.92632947011013733  0.92814536437127204  0.92996125863240675
  0.93177715289354157  0.93359304715467628  0.93540894141581099  0.93722483567694581
  0.93866898714902269  0.94004674778233344  0.94142450841564418  0.94280226904895492
  0.94418002968226566  0.94555779031557641  0.94693555094888726  0.94831331158219800
  0.94969107221550875  0.95106883284881949  0.95244659348213023  0.95382435411544098
  0.95520211474875172  0.95657987538206246  0.95745128790537504  1.00000000000000000
  0.03168749411900843  0.03343682676010114  0.03518615940119385  0.03693549204228656
  0.03868482468337927  0.04043415732447198  0.04293229216981437  0.04721615477580865
  0.05150001738180292  0.05578387998779721  0.06006774259379149  0.10432045262347207
  0.10684777127292647  0.10937508992238086  0.11190240857183524  0.11442972722128963
  0.11695704587074403  0.11948436452019842  0.12201168316965280  0.12453900181910720
  0.12706632046856159  0.12959363911801597  0.13212095776747038  0.13464827641692476
  0.13717559506637914  0.13970291371583354  0.14223023236528792  0.14475755101474230
  0.14728486966419671  0.14981218831365115  0.15233950696310555  0.15486682561255996
  0.15739414426201440  0.15992146291146880  0.16244878156092321  0.16497610021037765
  0.20381239242090615  0.31600700178437624  0.41713681101404626  0.42170966886219219
  0.42628252671033812  0.43085538455848404  0.43542824240662992  0.44000110025477585
  0.44457395810292177  0.44914681595106770  0.45371967379921363  0.45829253164735950
  0.46286538949550549  0.46743824734365147  0.47201110519179740  0.47658396303994338
  0.48162106990953685  0.48726065151123321  0.49290023311292958  0.49853981471462594
  0.50417939631632236  0.50981897791801867  0.51545855951971509  0.52109814112141151
  0.52673772272310793  0.53237730432480435  0.53801688592650077  0.58125203773450485
  0.69344664709797499  0.75084761193339911  0.75255673023530900  0.75426584853721901
  0.75597496683912901  0.75768408514103902  0.75939320344294903  0.76110232174485903
  0.76281144004676893  0.76452055834867894  0.76622967665058894  0.76793879495249895
  0.76964791325440896  0.77124652608919253  0.77259500364794675  0.77394348120670109
  0.77529195876545542  0.77664043632420965  0.77798891388296398  0.77933739144171821
  0.78068586900047254  0.78203434655922688  0.78338282411798110  0.78473130167673544
  0.78607977923548966  0.78742825679424400  0.78877673435299833  0.79012521191175256
  0.79147368947050689  0.88780539063652641  0.93727612892786660  1.00000000000000000
  0.05251854260762536  0.17044518048090013  0.17422369429513349  0.17800220810936687
  0.18178072192360026  0.18555923573783362  0.18967489542694471  0.19414659964038364
  0.19861830385382256  0.20309000806726149  0.20756171228070042  0.31269261503057683
  0.31961766454584634  0.32654271406111585  0.33346776357638530  0.34039281309165487
  0.34731786260692443  0.35424291212219400  0.36116796163746345  0.36809301115273296
  0.37533974333781411  0.46038480482102273  0.46603772841180713  0.47169065200259158
  0.47734357559337598  0.48299649918416038  0.48864942277494472  0.49430234636572912
  0.49995526995651346  0.50560819354729780  0.51126111713808220  0.51691404072886660
  0.52181093060886041  0.52499862322899049  0.52818631584912057  0.53137400846925065
  0.53456170108938073  0.53774939370951080  0.54093708632964088  0.54412477894977096
  0.54731247156990104  0.55050016419003112  0.55368785681016119  0.55687554943029127
  0.56006324205042124  0.56325093467055132  0.56643862729068140  0.56962631991081147
  0.57281401253094155  0.57600170515107163  0.57918939777120160  0.58237709039133168
  0.67452406143868704  0.70995115649499985  0.71213603083869859  0.71432090518239721
  0.71650577952609595  0.71869065386979458  0.72087552821349332  0.72306040255719195
  0.72524527690089058  0.72743015124458932  0.72961502558828795  0.73179989993198657
  0.73398477427568531  0.73616964861938394  0.73835452296308257  0.74053939730678120
  0.74272427165047983  0.74490914599417857  0.74709402033787720  0.74927889468157582
  0.75146376902527445  0.75364864336897319  0.75583351771267182  0.75801839205637045
  0.76020326640006908  0.76238814074376771  0.76457301508746645  0.76675788943116507
  0.76894276377486370  0.78838065678313085  0.89706600170732853  0.90410395926338216
  0.91114191681943590  0.91817987437548965  0.92521783193154328  0.93225578948759691
  0.93929374704365054  0.94633170459970417  0.95336966215575780  0.96135064520450664
  0.97158824455579540  0.98156135092262153  0.99078067546131066  1.00000000000000000
  0.40460764964421592  0.54573074590421466  0.54979482514176259  0.55385890437931051
  0.55792298361685844  0.56198706285440636  0.56660828736255053  0.57130998753102624
  0.57601168769950184  0.58071338786797755  0.62514135577975127  0.62851365001362081
  0.63188594424749034  0.63525823848135987  0.63863053271522929  0.64200282694909883
  0.64537512118296836  0.64874741541683789  0.65211970965070742  0.65549200388457696
  0.65886429811844649  0.66223659235231602  0.66560888658618556  0.66875491054931802
  0.67179752439294860  0.67484013823657907  0.67788275208020965  0.68092536592384023
  0.68396797976747070  0.68701059361110128  0.69200851803633767  0.69738124220185593
  0.70275396636737431  0.70812669053289257  0.71349941469841094  0.71887213886392931
  0.72424486302944768  0.73789060929539541  0.79281587975116541  0.79519691165494799
  0.79757794355873057  0.79995897546251316  0.80234000736629585  0.80472103927007843
  0.80710207117386101  0.80948310307764360  0.81186413498142629  0.81424516688520887
  0.81662619878899145  0.81900723069277404  0.82138826259655673  0.82376929450033931
  0.82615032640412189  0.82853135830790448  0.83091239021168717  0.83329342211546975
  0.83567445401925233  0.83805548592303503  0.84043651782681761  0.84281754973060030
  0.84519858163438288  0.84757961353816558  0.84996064544194816  0.85234167734573085
  0.87844116009697193  0.93819721993587679  0.93981178678869015  0.94142635364150340
  0.94304092049431676  0.94465548734713001  0.94627005419994337  0.94788462105275673
  0.94949918790556997  0.95111375475838333  0.95272832161119658  0.95434288846400994
  0.95595745531682319  0.95757202216963655  0.95900762475934631  0.96028354779093394
  0.96155947082252147  0.96283539385410910  0.96411131688569673  0.96538723991728426
  0.96666316294887189  0.96793908598045941  0.96921500901204705  0.97049093204363457
  0.97176685507522220  0.97304277810680972  0.97431870113839736  0.97559462416998488
  0.97687054720157251  0.97814647023316004  0.98103392521540334  1.00000000000000000
   2.1804787352107907E-013  -1.0000000000000000     
 F F F F F F F F F F F F F F F F F F F F F F F F F F F F F F F F F F F F F F F F F F F F F F F F F F F F F F F F F F F F F F F F
  <DiscreteSampler_grid>
  grouped_processes
  1 # 1 for a reference and 2 for a running grid.
  10 # Attribute 'min_bin_probing_points' of the grid.
  1 # Attribute 'grid_mode' of the grid. 1=='default',2=='initialization'
  0.0000000000000000 # Attribute 'small_contrib_threshold' of the grid.
  0.5000000000000000 # Attribute 'damping_power' of the grid.
 # binID   n_entries weight   weight_sqr   abs_weight
    10   10   2.817790631757962E+001   4.029078894966129E+003   2.817790631757962E+001
  </DiscreteSampler_grid>
