  0.00312359577232792  0.01224216253493319  0.02132993757381278  0.03114879254369944
  0.04035336278009952  0.05092616391378489  0.06040885409697757  0.06883193451095496
  0.07813508218970805  0.09046264182804158  0.10132809699418333  0.11085459575491952
  0.12051376560419336  0.13004034673747533  0.14036280918939342  0.14985579253833983
  0.15901271955222201  0.16845591592750267  0.17874497977562254  0.18966067779589327
  0.19994663673394436  0.21048020251278637  0.22321088425178076  0.23778245847892795
  0.25255240901504700  0.26446071483330436  0.27272787190135983  0.28105130638509018
  0.28723145523375948  0.29372218653341070  0.30046766829990856  0.30991030923617680
  0.31865798707169390  0.32654095944286016  0.33562569181015073  0.34512024156544074
  0.35601870662723667  0.36607500991668773  0.37456792361689240  0.38236581802210401
  0.39199426146793948  0.40284688700396637  0.41452412831291202  0.42597819156580113
  0.43647597329193216  0.44705837230677492  0.45748199338298395  0.46894877868575391
  0.48090047526797991  0.49310349861589381  0.50459571982301621  0.51739212802340317
  0.52906880671326983  0.53987604516966270  0.55137648346683754  0.56233688229704748
  0.57365324831431985  0.58597284408164108  0.59739651642595260  0.60878721904464006
  0.62015343880714446  0.63138959148931140  0.64335693619688472  0.65607471799617256
  0.66826181147664176  0.67863606521893782  0.68874934072075911  0.70018707695525639
  0.71188244038879689  0.72099555268631410  0.73214235770857194  0.74396480096781958
  0.75638631049912930  0.76607292796039006  0.77453546816875474  0.78290702522441069
  0.79291178289199282  0.80376213460671320  0.81548585577180299  0.82844066084675150
  0.84059346173792548  0.84865728471576762  0.85630394041634472  0.86400625616870386
  0.87258557658423430  0.88419447169488385  0.89679725308682368  0.90844925985502467
  0.91892185972343854  0.93013156034740196  0.94094216563441901  0.95187236954911414
  0.96438995654913706  0.97523970075223043  0.98619791171242166  1.00000000000000000
  0.00000719089445755  0.00000782712503618  0.00000826479237746  0.00000867474566819
  0.00000905426813628  0.00000934901945734  0.00000968074383751  0.00001002301944288
  0.00001033014702081  0.00001077004668109  0.00001127799549264  0.00001171300650235
  0.00001223991251210  0.00001287799591633  0.00001363124138325  0.00001456044589965
  0.00001563181491614  0.00001683827392341  0.00001826166048702  0.00001992707484943
  0.00002168354419416  0.00002338869989903  0.00002501010597252  0.00002691047765149
  0.00002903967666351  0.00003149469477294  0.00003431309435021  0.00003766383857905
  0.00004170524100412  0.00004577389262984  0.00004938222217628  0.00005291366411430
  0.00005694210199151  0.00006131935602243  0.00006639476588833  0.00007292393684843
  0.00008072584067883  0.00008880481542240  0.00009656368956119  0.00010490868709262
  0.00011458892070953  0.00012613373059772  0.00013887363887535  0.00015167650718311
  0.00016542905987272  0.00018011080380697  0.00019501694281564  0.00021488788805114
  0.00023184937120756  0.00024984539876443  0.00026878912912728  0.00028918078267756
  0.00031321009359566  0.00034233456132152  0.00037623732273852  0.00042605809721700
  0.00047708030901670  0.00052180773727183  0.00056186994152604  0.00060419653695128
  0.00065397023386452  0.00071584997477879  0.00078011617204501  0.00083478545767869
  0.00089094227246379  0.00095070786431231  0.00101204872197212  0.00110537613685704
  0.00123802279437627  0.00136296671476236  0.00149091684526461  0.00162770894639259
  0.00177656911843586  0.00194718202401911  0.00214431179439065  0.00230236713618607
  0.00246494451478886  0.00265755499289322  0.00289789310551980  0.00319690294145102
  0.00356350048645769  0.00400780923585047  0.00447088280905507  0.00491758106661602
  0.00545966235244559  0.00617414179465890  0.00701691190355855  0.00794808612386933
  0.00876293791759437  0.01067194978502597  0.01480158949440971  0.02261368890319860
  0.03239083283635716  0.08107948790598599  0.81400392085613871  1.00000000000000000
 -0.00000122541834419  0.00003724574592101  0.00015204408461150  0.00035016152888273
  0.00057865682368959  0.00086133317044752  0.00116602291097628  0.00147532883848808
  0.00175434332430402  0.00204745908528701  0.00243946259603745  0.00282045003584031
  0.00314455911717129  0.00346350314635130  0.00383336987882459  0.00418327067129125
  0.00453467765132512  0.00500597955333662  0.00556023348418237  0.00618375420810324
  0.00691146044335960  0.00770725282630220  0.00824338151542598  0.00860665673657699
  0.00899851816875796  0.00946692220465405  0.00994989405224285  0.01045929960317785
  0.01099231034119977  0.01133398595434671  0.01164784716825760  0.01214777033048829
  0.01283724517986710  0.01354449820599228  0.01416051345149151  0.01477655365046254
  0.01545610198279688  0.01629836411533657  0.01739382115610114  0.01817965766353332
  0.01887847808160921  0.01961875848145905  0.02021370150295160  0.02070063905948342
  0.02110380670764777  0.02172554623195000  0.02258140744398369  0.02345204620446698
  0.02430706296709911  0.02520554194963917  0.02626778386621267  0.02750923863934365
  0.02882175596893079  0.03003670569107944  0.03104130530087218  0.03153263482547906
  0.03195628346928823  0.03291602946546249  0.03406403082431178  0.03524092176822823
  0.03592722758611928  0.03654049457729588  0.03714603202158246  0.03774847698013973
  0.03832688078307282  0.03887740450506959  0.03942792822706637  0.04135867921515073
  0.04416965743902453  0.04805047091427842  0.05344072460887450  0.05837173678029798
  0.06258237353484543  0.06692342274775544  0.07095387210209717  0.07440929668978458
  0.07733028261654852  0.07988744391901269  0.08239399938548407  0.08496474378582311
  0.08699288426051863  0.09010745276473152  0.09270504601029725  0.09454959897515972
  0.09579064744403262  0.09693374943954169  0.09801802335366074  0.09871321291155820
  0.09940840246945566  0.10013566551819085  0.10090432495928782  0.10167440746991768
  0.10245834420684168  0.10324228094376568  0.10471427496677560  1.00000000000000000
 -0.00391056705517191  0.01908554661971041  0.03584326975691708  0.05226044946504046
  0.07178767944479056  0.08957475629938548  0.10846181962965357  0.12920375311223362
  0.14885174617193977  0.16657711208159975  0.18202583662356994  0.19565486494103601
  0.20811624245004862  0.22206229340854347  0.23538918179442098  0.25000282698910642
  0.26137710834940614  0.27264090179906592  0.28359475025037489  0.29416704791666920
  0.30687187087713808  0.32121900415474497  0.33427065790853056  0.34653869652240377
  0.35670313496682432  0.36557991933594558  0.37656887960833163  0.38841686809382048
  0.39894112516629249  0.40890917587310638  0.41970047395628907  0.43086241533347452
  0.44154914127985440  0.45178612448476069  0.46155945742056426  0.47025636960866979
  0.47886457924587150  0.49026096521530416  0.50185353110297826  0.51295832502482119
  0.52338065377055298  0.53340078295387827  0.54342304035972155  0.55365706668133152
  0.56406892924366603  0.57318763042353948  0.58000353188651621  0.58658997057275930
  0.59276909247530263  0.59982737256923901  0.60995280612652159  0.61960374841493870
  0.63013825163938320  0.64066402699387981  0.65061498404454199  0.66082781093264298
  0.67060005040066439  0.67978111308294198  0.68810530513884549  0.69543804521106689
  0.70226211459628873  0.70813467423864196  0.71436728777982739  0.72031341826171524
  0.72620859182151309  0.73387068786667009  0.74132328350384924  0.74953345603037058
  0.75841373333221318  0.76804952537403193  0.77804617353466243  0.78680628163017086
  0.79468166434233900  0.80284692236122823  0.81215347072067001  0.82231913325648276
  0.83244994695519015  0.84206475962844185  0.85176322634632340  0.86140487969132362
  0.86897517722289219  0.87647489698842407  0.88431628101773097  0.89290354213144896
  0.90129520081981929  0.90865831183252677  0.91526447906445696  0.92126272656083119
  0.93002165574056261  0.93864433594787278  0.94742328213131966  0.95683656936430095
  0.96727183191611532  0.97815482252419272  0.98844275947006244  1.00000000000000000
 -0.00195815730455424  0.00847465914864192  0.01704792079969309  0.02664977892452475
  0.03841564575071596  0.04932874327399086  0.05783515872483209  0.06676520506945036
  0.07817023251934342  0.08863155101734577  0.09776381394890275  0.10697128482649504
  0.11784631747154267  0.13043339661398681  0.14238636526645634  0.15429381233155159
  0.16590113001654883  0.17675283430451952  0.18639807232178957  0.19538193364913908
  0.20547213550130222  0.21579090263145984  0.22643787882189093  0.23744893288402735
  0.24810074074294480  0.25732624104799762  0.26593337156572799  0.27544740488825248
  0.28542063901195525  0.29566428417348789  0.30721526727045989  0.31934072816054937
  0.33209166648730593  0.34478707935207775  0.35691758292750742  0.36894388311158210
  0.37921466847397572  0.38715973844874918  0.39508647834366978  0.40480160003917459
  0.41530977984595502  0.42851596576145645  0.44249335588541849  0.45489432513672257
  0.46672687652000072  0.47769014895094319  0.48798141126253103  0.49882202427206396
  0.50967391927053751  0.52167972035869936  0.53386219341946428  0.54752787577723416
  0.55904847709618599  0.56837428644975674  0.57735803698506927  0.58663679485490872
  0.59624819438432042  0.60598585799368665  0.61550721474417780  0.62511697279532885
  0.63528162732183591  0.64286241131090549  0.65059930697089563  0.65810642191341184
  0.66714488805216376  0.67730521692150047  0.68885395773481772  0.69778590953877218
  0.70904633589896771  0.72048691887513550  0.73246275221921242  0.74295930597378279
  0.75221684593139271  0.76157893465777349  0.77088609734544578  0.77943467521541898
  0.78786764169630741  0.79566294585073283  0.80527227146520497  0.81564286543415365
  0.82739287916973681  0.84022315139610293  0.85237978425407523  0.86284821503280595
  0.87311040671945916  0.88267534545698367  0.89245884310583812  0.90276612402717693
  0.91366751601067053  0.92597143692129602  0.93926957818794121  0.95264348202373039
  0.96598471505953365  0.97809924930320324  0.98957121612713561  1.00000000000000000
 -0.00199615528414545  0.00814039116746702  0.01709045409890952  0.02666357020145787
  0.03499464207479108  0.04436874241580535  0.05309384909600118  0.06338115997479445
  0.07449281245235138  0.08530795463355238  0.09569711903853062  0.10571618830584380
  0.11721817461324262  0.13037067243352154  0.14251368471633372  0.15403981407293396
  0.16587121408752764  0.17721923243725804  0.18831656058259738  0.19947572121306814
  0.21075094985502424  0.22169856535861163  0.23254007487953746  0.24286173493508698
  0.25332362432130134  0.26390072575423990  0.27552638471693724  0.28672146932402259
  0.29707296327353683  0.30654426897554843  0.31574174377284869  0.32517503581990886
  0.33449368167858839  0.34370834773088438  0.35396602691262108  0.36523943840162792
  0.37740428093373091  0.39027522940380227  0.40236171870744075  0.41381658110810848
  0.42591546970724042  0.43595824886578621  0.44420395110944588  0.45245599051126734
  0.46069895768427332  0.47323562457713536  0.48728939062814008  0.50077132463160967
  0.51295109715330822  0.52411150262296580  0.53445171926427615  0.54411017356591052
  0.55297129606620543  0.55993161110392919  0.56744707736561639  0.57512944725880721
  0.58515880119253239  0.59770983874994887  0.61171863213703281  0.62506517213134660
  0.63646757193944370  0.64838526833822341  0.66062088668711494  0.67222706906062768
  0.68165562851809602  0.69034204275202804  0.69906094487640347  0.70804904712545447
  0.71841250422002767  0.72947327155985220  0.73969560454646877  0.74895143084908378
  0.75779547879619003  0.76813318004180142  0.77985487688432986  0.79127137960100302
  0.80296421683532415  0.81641591267544844  0.83095918762077403  0.84257604550165321
  0.85208040746991243  0.86179691741609210  0.87155342798392266  0.88393926086106778
  0.89849326936765161  0.91307033133952453  0.92552492797756503  0.93439344943059111
  0.94129009498330840  0.94790195070012173  0.95403056368766193  0.96262781496675365
  0.97170665703701942  0.98075609030472399  0.99025425148151136  1.00000000000000000
  0.00014174353178875  0.00053991057968003  0.00110956494151979  0.00163967927610746
  0.00209070421251116  0.00246477150019747  0.00279452874677253  0.00311337996639043
  0.00343105199263570  0.00375098210720164  0.00406726316918366  0.00437622952333924
  0.00470056925428385  0.00504281304464225  0.00537629495506691  0.00571463004170931
  0.00607608904910535  0.00646332695733430  0.00688496456739963  0.00733773221021081
  0.00777881387030522  0.00819257927991584  0.00858603636260712  0.00896646937541047
  0.00932678104855377  0.00969321105779361  0.01004421115086761  0.01037814024507493
  0.01069619073751934  0.01105440490171122  0.01140460270494853  0.01173893331398027
  0.01204575267336508  0.01238339773808773  0.01278679482235684  0.01320369528996278
  0.01361093844773528  0.01402141716485445  0.01444574190883540  0.01484697514472256
  0.01519804879027774  0.01559473133517868  0.01604803726913245  0.01658387650043332
  0.01728723273404777  0.01810099762789370  0.01882972402176903  0.01934764838493907
  0.01984274724851030  0.02028830450063933  0.02074249797385723  0.02127282057162125
  0.02179028942312267  0.02228099355400761  0.02283953639568314  0.02339876623845686
  0.02399464696231438  0.02462606908273568  0.02519348772894976  0.02578799460258095
  0.02640796138822468  0.02694325387326235  0.02768195300018986  0.02855263453890591
  0.02950088017975532  0.03036703276280426  0.03123825839198743  0.03235171620836574
  0.03313713549286238  0.03383936952710397  0.03464550554142765  0.03551752128207028
  0.03643229087387187  0.03723017049347154  0.03762059982959436  0.03831860906461214
  0.03953046486420425  0.04090163041734433  0.04262056588032669  0.04480783777625314
  0.04860660245803859  0.05596633308647135  0.06045048060775381  0.06390220276998000
  0.06781864794665347  0.07241761452640119  0.07680917523058954  0.08120864571071269
  0.08590887892246915  0.08982186511181950  0.09268137646623151  0.09893457336120332
  0.10942428876401819  0.12181500648244989  0.14350717648158801  1.00000000000000000
 -0.00829676304518559  0.01710170456125478  0.03964124408286060  0.05622495805295944
  0.07625225949326774  0.09408497436018622  0.10912205500453806  0.12425327267672263
  0.14348154540797980  0.16208650325584775  0.17767203663673270  0.19242398093151225
  0.20684753040262438  0.22070326690335690  0.23417586950222316  0.24899053532068130
  0.26452445639791178  0.27860103365072425  0.29045099655401652  0.30201640000628616
  0.31248519229059396  0.32265615386519697  0.33082159705845943  0.33752035333043878
  0.34453780181311472  0.35153493298514588  0.35959927915425033  0.36797889878742984
  0.37591153424753748  0.38481099125031287  0.39481330910690227  0.40280064728875797
  0.41002273060281547  0.41672961485470067  0.42283004107921235  0.42907619163663724
  0.43536324101369689  0.44124436693432667  0.44721740771534180  0.45350386422347438
  0.45942003226363370  0.46501594997763851  0.46941223768905616  0.47324409600579476
  0.47689522289883207  0.48048976701745555  0.48497249125356462  0.49025495374707373
  0.49585729320871941  0.50044001174900998  0.50467888373562708  0.50912313438408074
  0.51397859562615844  0.51909848512538614  0.52468537934364934  0.53051875536139337
  0.53689586161375358  0.54315520481873147  0.54930634690605518  0.55598247149016233
  0.56266149045726110  0.56946843970158556  0.57642289741426633  0.58329554918927617
  0.58944961268021734  0.59472752066060530  0.60052138311614278  0.60615967833472273
  0.61197941235365549  0.61852598722835872  0.62555464386362414  0.63301822009793252
  0.64097185302160298  0.64893707396120570  0.65826642197930696  0.66891552987259906
  0.68013490575633206  0.69117281313895618  0.70087788336327361  0.70998546371125715
  0.71828467199959434  0.72885824692238677  0.74087975493589431  0.75418709941675166
  0.76858650335830880  0.78372955144205558  0.79897158950382441  0.81425743455135391
  0.82669639544443885  0.83987213002377625  0.85542415465721222  0.87872167702046822
  0.90612526835682983  0.93781171278325182  0.96977491233999691  1.00000000000000000
  0.49510749785400471  0.63860848476782228  0.72168701033054194  0.78104509508136999
  0.81848077194875934  0.84661184144481239  0.86599412248766949  0.88358615048253319
  0.89851322438415859  0.91012240747144324  0.91962735677075147  0.92721465943112213
  0.93390414487595830  0.93931280190064448  0.94369479852061966  0.94800489602858595
  0.95254413563850415  0.95635639337080713  0.95945976996099513  0.96231375115724216
  0.96489502223936630  0.96698512198301090  0.96893314475203263  0.97114680981249901
  0.97309449351106547  0.97460943562284275  0.97597702342892523  0.97741834997305377
  0.97888772016801240  0.98023609178815585  0.98134045175938767  0.98237535494007955
  0.98334702049845313  0.98422703330619843  0.98503639781397090  0.98572045506074035
  0.98639002313034296  0.98705908220889105  0.98773180402577376  0.98837873759533945
  0.98903918953518644  0.98961272721719551  0.99015081328611732  0.99061266215413568
  0.99103899671198059  0.99148703953802042  0.99194952402256809  0.99237149530714663
  0.99275594413551027  0.99306363526458763  0.99336934960053291  0.99366601437136193
  0.99396280330165721  0.99425670283213552  0.99449940065554043  0.99471410018292095
  0.99492149595303814  0.99513383618584406  0.99534242638144454  0.99554540842357242
  0.99574501295132622  0.99593726079445388  0.99612534836649314  0.99629706398679874
  0.99645247862825559  0.99659472804317084  0.99671544130611356  0.99686609094408107
  0.99699395452622208  0.99713998725044728  0.99728292239997440  0.99741371654798550
  0.99754261526306398  0.99768148697691739  0.99784590061014244  0.99798922102486343
  0.99809761641594363  0.99818396179157076  0.99825729400320062  0.99833291757460585
  0.99841949525353169  0.99851906211858721  0.99861586195833896  0.99870334077130574
  0.99879472730694630  0.99891179439099076  0.99900415947564425  0.99909047532829720
  0.99917639964562466  0.99925956122834014  0.99934099681744626  0.99942514927959236
  0.99951926524180779  0.99963470118446551  0.99978660171464317  1.00000000000000000
   6.7323309740481506E-008  -1.0000000000000000     
 F F F F F F F F F F F F F F F F F F F F F F F F F F F F F F F F F F F F F F F F F F F F F F F F F F F F F F F F F F F F F F F F
  <DiscreteSampler_grid>
  grouped_processes
  1 # 1 for a reference and 2 for a running grid.
  10 # Attribute 'min_bin_probing_points' of the grid.
  1 # Attribute 'grid_mode' of the grid. 1=='default',2=='initialization'
  0.0000000000000000 # Attribute 'small_contrib_threshold' of the grid.
  0.5000000000000000 # Attribute 'damping_power' of the grid.
 # binID   n_entries weight   weight_sqr   abs_weight
    10   10   1.732763839139130E+001   1.389146041160125E+003   1.732763839139130E+001
  </DiscreteSampler_grid>
