  0.00382789936377463  0.01060030511702011  0.02033394922961048  0.03033639416332102
  0.04059634913875913  0.05088448642582926  0.06181322756116671  0.07302917076754951
  0.08457974462824434  0.09615522161085668  0.10750271255847826  0.11850733202010595
  0.12951010275017355  0.13969697114167340  0.14990583907871446  0.16014145540390104
  0.17085835440713293  0.18193014242128910  0.19317209609943287  0.20460399394594983
  0.21591933070020472  0.22728667177526685  0.23816170572384765  0.24882966321444669
  0.25974564413419077  0.27064379185469556  0.28244596768272207  0.29407980648352267
  0.30616778481308832  0.31746328596957940  0.32821295156714725  0.33873741277568975
  0.34910363310371617  0.35975785212963646  0.37071508450994778  0.38227390910429049
  0.39422229489614541  0.40576446392737148  0.41760559798926267  0.42886383650959176
  0.43993444280693533  0.45032670245271267  0.46130280037686872  0.47241746346806046
  0.48352514361773080  0.49454647170031507  0.50552383874763662  0.51700811188959106
  0.52839969709473911  0.53925776842576434  0.55013960810367979  0.56069895239566225
  0.57090088651191717  0.58150164084239386  0.59329158078089428  0.60499105688516730
  0.61536758199860164  0.62531554393336408  0.63524366411518085  0.64478389502013134
  0.65356266841569910  0.66195228907559012  0.67077909241907707  0.68069993627902914
  0.69073654288496311  0.70114921091400972  0.71122932024568641  0.72079444276747073
  0.73060282281020017  0.74184454611436756  0.75331730309357747  0.76425271128019412
  0.77519179244474334  0.78517472025975543  0.79502221840193066  0.80432943141747681
  0.81470233093015376  0.82489751842582815  0.83552552910230327  0.84501612655981895
  0.85426359915151184  0.86373605096434447  0.87349013710650081  0.88397598957769774
  0.89504356743673341  0.90590839892388453  0.91622367388139314  0.92605148702428641
  0.93552999828293537  0.94466685967836073  0.95341418066083605  0.96219609171409493
  0.97080382342114702  0.97862854679499389  0.98582186399408811  1.00000000000000000
  0.00008912562392968  0.00009898044368865  0.00011237369176392  0.00013027265257660
  0.00015024215024027  0.00017299096976555  0.00019952177025844  0.00022911953131338
  0.00026256996371245  0.00029901081507952  0.00033856702057524  0.00038151324314415
  0.00042868477024695  0.00047999993695407  0.00053399195563097  0.00059076437004643
  0.00065160024416893  0.00071628071121558  0.00078474314332846  0.00085397464332599
  0.00092569766574232  0.00100242835987137  0.00108059695083685  0.00116680351408617
  0.00126271609009843  0.00136503672062355  0.00147000892494647  0.00157456898494669
  0.00168154365407631  0.00179177600060312  0.00190370136115959  0.00201807325031257
  0.00213588669974840  0.00225777887773212  0.00238356349967290  0.00250990622563742
  0.00263439136776349  0.00276575055127999  0.00291088451902636  0.00306874198923265
  0.00323567109985300  0.00341492786324567  0.00359440841254572  0.00377554108287374
  0.00396682006439146  0.00416670258328996  0.00437007797204896  0.00457315177709558
  0.00478322157948103  0.00503559892016681  0.00529852455606462  0.00556941673583447
  0.00584335256242466  0.00612494000165676  0.00642332434129141  0.00673094622185228
  0.00703562759397012  0.00735272115321147  0.00770504110571961  0.00807565409356881
  0.00846956646332773  0.00886656070365884  0.00928505265975829  0.00975841130223828
  0.01025457178865517  0.01079469454531623  0.01136107044045586  0.01197156222025528
  0.01266271161263557  0.01339411481582340  0.01419367058064108  0.01504361981982894
  0.01591818994402931  0.01684325729525779  0.01785692487969525  0.01896976992120714
  0.02017210895123931  0.02151593308399426  0.02300782628833574  0.02459429521474953
  0.02617773182647912  0.02771779042138577  0.02942221381140220  0.03146192282261272
  0.03379203254150424  0.03630531161560754  0.03888490259226399  0.04176276977672410
  0.04506780698320170  0.04874545090446295  0.05366037809545236  0.06012556542861588
  0.06817736792819187  0.08478716963831426  0.21051597409476697  1.00000000000000000
  0.00007307260772696  0.00007747442075341  0.00008278401323110  0.00008839696915095
  0.00009396126956451  0.00009934469197926  0.00010470343705610  0.00011007895488027
  0.00011571342212448  0.00012177068053731  0.00012819942930446  0.00013465523571903
  0.00014110270915154  0.00014773951860484  0.00015514284154118  0.00016328824494472
  0.00017202122992297  0.00018141893283847  0.00019159944867882  0.00020278659188745
  0.00021453718480824  0.00022631899637830  0.00023878015104616  0.00025239209266594
  0.00026713914595078  0.00028274093143776  0.00029918801261489  0.00031626920814094
  0.00033407022502632  0.00035414230261060  0.00037588731913210  0.00039824914567655
  0.00042209651178087  0.00044806902045727  0.00047575964563582  0.00050514741111109
  0.00053712270735402  0.00057112664247735  0.00060801202555034  0.00064718628741201
  0.00068832449595085  0.00073039072585196  0.00077249237165926  0.00081645967992755
  0.00086347705327174  0.00091411698027141  0.00096883067898837  0.00102901280650679
  0.00109495659118344  0.00116702384067280  0.00124436433953991  0.00132522120271821
  0.00140962516372982  0.00150338965470093  0.00160375928359182  0.00170386250575454
  0.00181194082219480  0.00193710689207654  0.00207123038921203  0.00221491764781057
  0.00237276342042341  0.00254324998806607  0.00272767022187734  0.00292127151365559
  0.00311925824109699  0.00331994790521542  0.00353388673796738  0.00376830571043732
  0.00404071313041484  0.00434976496333837  0.00470658444575000  0.00509694369236333
  0.00551189150136423  0.00595711445868179  0.00647973904925966  0.00704141568638393
  0.00766245395672257  0.00842252648623374  0.00928298652627941  0.01012599473661516
  0.01103083459836487  0.01204679414829387  0.01316457163443554  0.01454721723628703
  0.01612852652265180  0.01842396554678344  0.02105658774241530  0.02432784548038217
  0.02902391566002778  0.03501555616365644  0.04072559030376972  0.04862039589408824
  0.06266668462941587  0.10921678954577774  0.49601980827704867  1.00000000000000000
 -0.00253925072350525  0.01240573114983096  0.02599218668401281  0.04038373931611386
  0.05604924118169469  0.07160159041528381  0.08586975131808365  0.09959304490511668
  0.11384276243108629  0.12971568413417628  0.14678250234625956  0.16410850684594860
  0.17977351072434425  0.19358373885308131  0.20692228914770017  0.22118957264135017
  0.23589713052192171  0.24879577765108474  0.26054482610046320  0.27128242417764137
  0.28111799089688511  0.29095592123913566  0.30216163644196492  0.31444120785476781
  0.32604215373497164  0.33710855936956130  0.34886931745732663  0.36149446243509081
  0.37497878138561253  0.38853932457634932  0.40121156139754105  0.41313677406603816
  0.42500857975958428  0.43689266007473188  0.44897321328450629  0.46131497968238594
  0.47371635547655200  0.48587088870743617  0.49707542828286183  0.50761930497324370
  0.51782630795886408  0.52739599238052115  0.53648934738300380  0.54553793811600670
  0.55497406220629897  0.56496320501450592  0.57517047924084519  0.58518799300719548
  0.59527938150836324  0.60581256154092800  0.61655445125241981  0.62745121484874677
  0.63781711331436453  0.64777251282133497  0.65686444815861178  0.66592535166216882
  0.67489786254891482  0.68373405303740542  0.69239039659536017  0.70070778630536446
  0.70887720283049038  0.71713229394367672  0.72533826264686352  0.73403578613564779
  0.74311771439726193  0.75233515361214776  0.76172293947121439  0.77075441657877075
  0.77976449008748561  0.78844850771927233  0.79687032535624480  0.80522699981487911
  0.81393511148085984  0.82244188404150320  0.83074991591268732  0.83858815427559974
  0.84633007838012464  0.85442664261500822  0.86274889792603149  0.87121382221989607
  0.87981877441850509  0.88841423024918187  0.89675450326936590  0.90457758202935101
  0.91225612810378820  0.91992352993906545  0.92776767723550879  0.93588597626023340
  0.94413578637826923  0.95223861510518648  0.95982705984290151  0.96704334892343247
  0.97434547139837635  0.98209874504677330  0.99103102895885775  1.00000000000000000
 -0.00228146456495278  0.00993256153543448  0.01953796785589558  0.02974688868444172
  0.03947095848563049  0.04929559862759142  0.05896202639218399  0.06893442900859062
  0.07943874901481343  0.09036980319518383  0.10153731383511298  0.11288524227134036
  0.12339777857181544  0.13315726610868148  0.14273422424750448  0.15244264515056505
  0.16258973059065754  0.17314206157337855  0.18380129597297157  0.19417866539330925
  0.20386013132068881  0.21354328467622782  0.22328177007411304  0.23339145528744767
  0.24319587440167212  0.25293839329469597  0.26246093243276847  0.27218172631475990
  0.28204538433433979  0.29171843070342179  0.30225411773680433  0.31279828955610772
  0.32366114769554699  0.33364854746478839  0.34427094706586564  0.35548228271871402
  0.36734709694953283  0.37916907390612192  0.39065560127846710  0.40104700556817446
  0.41166513177376429  0.42243838406908563  0.43435310236076746  0.44678804151852991
  0.45858395148850384  0.47023296556517580  0.48093841396561288  0.49069204563784408
  0.50043291478749696  0.51022014372105151  0.52028057886308210  0.52980769193250465
  0.53909529925208655  0.54914939736735013  0.55999802923717390  0.57069321842008269
  0.58104510308678958  0.59099789175236350  0.60086826338470967  0.61069343719984748
  0.62071968097359620  0.63145309355800461  0.64245958514761314  0.65346209429478497
  0.66441996102230050  0.67579924041126338  0.68738890973044009  0.69869454231700956
  0.70963107332761854  0.71998074049546223  0.73032769180934054  0.74153037931332977
  0.75310665713822933  0.76472913832180045  0.77548098960908662  0.78582123295929662
  0.79620171303663334  0.80713341097270408  0.81896387587290453  0.83147330066806036
  0.84344546783144525  0.85469897166998809  0.86524734716972240  0.87534027352413124
  0.88541295899771322  0.89520354501409993  0.90581447870243581  0.91702571034123359
  0.92886932750041340  0.94014318289117693  0.95135859691006486  0.96153494433024855
  0.97098037799761483  0.97999019070871918  0.98955203797427205  1.00000000000000000
 -0.00241273608751070  0.00940643101271383  0.01971196393718382  0.03054167514200750
  0.04158317067184565  0.05199549501201940  0.06202005284935537  0.07287530775616964
  0.08333358330084019  0.09368173024070492  0.10446384390173323  0.11443737873265987
  0.12406633054902248  0.13363710238851156  0.14404030075276916  0.15532752990135007
  0.16704956698172702  0.17946454089117572  0.19149947653389371  0.20313783324388895
  0.21482631773300792  0.22669383532604490  0.23759864841959091  0.24765319890194368
  0.25727587943829838  0.26659287376949803  0.27631271520700201  0.28627780274602738
  0.29676119537007528  0.30687303137821642  0.31696014167840542  0.32693344645021327
  0.33689070255294723  0.34737747710474631  0.35858041067673313  0.36943404554293890
  0.37950049439387007  0.38937705395983013  0.39994926485442889  0.41077106432094368
  0.42088743454469940  0.43090174821011962  0.44116426396463609  0.45156676836534815
  0.46243993276120970  0.47361097568287575  0.48459921541540396  0.49506074082237467
  0.50574696449735712  0.51632299388769076  0.52697261691907082  0.53770612378249261
  0.54866322878961982  0.55947727675036041  0.56994153881056875  0.58039178381530809
  0.59090584908707200  0.60193491532177146  0.61300489367734490  0.62384651346739350
  0.63410899659429965  0.64379358099082251  0.65365863217611930  0.66350589376080715
  0.67380915271924224  0.68460882977833615  0.69509008741854905  0.70568341639059617
  0.71594570762840082  0.72604823251553541  0.73655314078180556  0.74720851860593929
  0.75772011652504567  0.76837199745782914  0.77905654481282283  0.79012373350172327
  0.80042451517327196  0.81086395936828015  0.82083109292913670  0.83009173649875101
  0.83975702898748839  0.84952838100509220  0.86053609525790464  0.87212966769347589
  0.88427062852810334  0.89572894396158143  0.90626807499091944  0.91648010354280329
  0.92665800611013083  0.93691027869072174  0.94724568839173340  0.95813321698523435
  0.96934074863839614  0.98027815939877927  0.99025614616924229  1.00000000000000000
  0.00256043861872737  0.00464004256949479  0.00637810617982059  0.00797571645791718
  0.00958055985854928  0.01107183358932220  0.01254645520856440  0.01400171780088007
  0.01542881804785411  0.01689210092218297  0.01838012958811530  0.01988384808072393
  0.02139755344194202  0.02293807618027922  0.02450862782589746  0.02613265113145553
  0.02780591749207462  0.02948208685725259  0.03109558269468229  0.03272253478721920
  0.03433469433433532  0.03600743994609431  0.03776569130976261  0.03955182241714282
  0.04126912547418128  0.04290373496855170  0.04455894161806518  0.04630840942427353
  0.04816870092398109  0.05014000681854326  0.05217205228337647  0.05418854414496808
  0.05614484209346669  0.05801952619749674  0.05990651695105125  0.06166345068476470
  0.06356234684404544  0.06549570246456213  0.06758468710315355  0.06970922225710138
  0.07179953413306424  0.07382248868704308  0.07579571753515765  0.07780720187995183
  0.07985535541616116  0.08187036760601923  0.08387068981173822  0.08594246935528661
  0.08816040646158019  0.09062273438296146  0.09308270335588614  0.09554933231157300
  0.09771526625104167  0.09993116972654170  0.10217407588499348  0.10455176360314897
  0.10715997514097553  0.10971453848096903  0.11226983919881550  0.11501454035893190
  0.11800458980752684  0.12114619150551158  0.12410806755602244  0.12707188279374793
  0.13018483794395502  0.13336141721786729  0.13657634678815930  0.13985792095848851
  0.14351087149600086  0.14759749147636320  0.15170027352465718  0.15558777908213206
  0.15954695124074594  0.16351957464271799  0.16751869585437612  0.17180386215402590
  0.17541993198799627  0.17935026136466153  0.18330823250344358  0.18871836779365697
  0.19503089151709205  0.20179383408612470  0.20815044057078638  0.21499548022886611
  0.22450392084817089  0.23853438451136214  0.25239859351819038  0.26150951505703324
  0.27275914763526804  0.28649462935257919  0.30886335191748276  0.32960114405464236
  0.35806161965670597  0.38571701788021812  0.55220312995549092  1.00000000000000000
 -0.00360841754070978  0.01437308553643887  0.02929669249512528  0.04407822474436533
  0.06021761533251328  0.07640631676002047  0.09251782557661550  0.10873497864213269
  0.12438581949792454  0.13966988871444352  0.15540583290168491  0.17112577053551109
  0.18537220584504543  0.19834721539408240  0.21077355942891046  0.22340821521124010
  0.23564294742067540  0.24733707725851675  0.25844958189498018  0.26838431060556306
  0.27758613046398389  0.28614566586700513  0.29484796916312400  0.30347726845434964
  0.31207623531551332  0.32036350974178696  0.32834801476590075  0.33668090843481469
  0.34548072599928514  0.35438487770557697  0.36345513959251324  0.37192391037960054
  0.38027483730888423  0.38845259699957796  0.39675068699278421  0.40531993294568813
  0.41391200210740553  0.42228244586015812  0.43021021905282353  0.43809557268055110
  0.44636518389961843  0.45504480483851606  0.46334927015637178  0.47140292754101415
  0.47906276485536398  0.48666343075458435  0.49425149936076357  0.50177680771707112
  0.50932239401503321  0.51665484695856068  0.52381913792746393  0.53089241701071699
  0.53806877777368523  0.54555444303901846  0.55337230380902680  0.56098633560578692
  0.56844407374342820  0.57581310600002145  0.58328774921088855  0.59112125051086162
  0.59862109227367000  0.60623070461616158  0.61363754554050298  0.62136516254868313
  0.62916984615938532  0.63715898363436962  0.64513005224596376  0.65327370142166419
  0.66127132285229195  0.66951543154666504  0.67835813249783328  0.68746719955434044
  0.69711417450339730  0.70651873802457998  0.71607447528395041  0.72608037966969419
  0.73600440499230613  0.74657783181293202  0.75709951344564219  0.76825309609815096
  0.77911863538076209  0.79017431522970372  0.80073531188629354  0.81203275225454319
  0.82465478125415481  0.83825105534419841  0.85253493981101636  0.86716181639396606
  0.88191939748502390  0.89640929400938429  0.91143180073553920  0.92759719269851215
  0.94520895340092992  0.96355890620546081  0.98195422217694606  1.00000000000000000
  0.36015796098027747  0.60219070866136004  0.62616849123680729  0.64662130651190186
  0.66482415151001617  0.68192999277119115  0.69716548593112138  0.71051037161078412
  0.72219124972285409  0.73355648666927009  0.74442795086010771  0.75442601843465562
  0.76422839554619026  0.77332987186248336  0.78149680080575812  0.78914711450532649
  0.79638290765940523  0.80324036830410672  0.80992242405561288  0.81589853718434113
  0.82165235671301684  0.82710721024689593  0.83265999929288970  0.83767982047469125
  0.84264807624706395  0.84728440723783593  0.85160260257553955  0.85571046928077454
  0.85965115583598928  0.86358705303939964  0.86743574455446781  0.87120340673154473
  0.87481237714522675  0.87821158060327231  0.88158290083617563  0.88488650638835176
  0.88811743051832992  0.89125223260827069  0.89423253302372918  0.89706449781222974
  0.89965531374092156  0.90231053313908260  0.90492650520084272  0.90755259534412147
  0.91011872840257280  0.91254715109482176  0.91484265831327793  0.91696803463993004
  0.91895511255967555  0.92097502242964724  0.92307685606402390  0.92511354533723400
  0.92705642975326130  0.92890919557171781  0.93076192963005411  0.93262730726859155
  0.93449417858117301  0.93633214477905502  0.93804124665843402  0.93974702278320166
  0.94137839899569942  0.94304538149825534  0.94469473044769481  0.94631928896708606
  0.94792401962792983  0.94949735192834461  0.95106106287784653  0.95263516826635819
  0.95416916484275172  0.95569516928995091  0.95717900598678385  0.95858487572483675
  0.95998676271668937  0.96141111273409308  0.96284747126234604  0.96427478170224656
  0.96569672233013815  0.96713210920709625  0.96859733934660619  0.97004434406693285
  0.97148763242278435  0.97295367151725798  0.97446398637568243  0.97603119737471622
  0.97760696079372011  0.97915396424253087  0.98066932128708006  0.98215871876588134
  0.98364338588677547  0.98516676688103344  0.98666372135645464  0.98822748933562043
  0.98995213124163106  0.99202956535239051  0.99497158321275414  1.00000000000000000
   4.3937185020075761E-008  -1.0000000000000000     
 F F F F F F F F F F F F F F F F F F F F F F F F F F F F F F F F F F F F F F F F F F F F F F F F F F F F F F F F F F F F F F F F
  <DiscreteSampler_grid>
  grouped_processes
  1 # 1 for a reference and 2 for a running grid.
  10 # Attribute 'min_bin_probing_points' of the grid.
  1 # Attribute 'grid_mode' of the grid. 1=='default',2=='initialization'
  0.0000000000000000 # Attribute 'small_contrib_threshold' of the grid.
  0.5000000000000000 # Attribute 'damping_power' of the grid.
 # binID   n_entries weight   weight_sqr   abs_weight
    10   10   4.747504987999035E+002   8.148344473333715E+005   4.747504987999035E+002
  </DiscreteSampler_grid>
