  0.00312514113771533  0.01366901659106809  0.02658789887779961  0.03985009941304796
  0.05322636369195229  0.06635127819387238  0.07874437610527231  0.08972680199296174
  0.09986268026035207  0.11094427393128621  0.12222605668193544  0.13135831165358688
  0.13899117604699232  0.14682501073327667  0.15498764628544773  0.16301373573871414
  0.17150771069969795  0.18030876999932857  0.18903128984555398  0.20202732657221201
  0.21403579487573920  0.22676973927818642  0.23871341846878588  0.25120399086255291
  0.26232018671494806  0.27290885869540077  0.28246124318835170  0.29249533162336694
  0.30216781548975652  0.31246282881417869  0.32356751216158175  0.33438057021816042
  0.34461269464495664  0.35491598106537270  0.36552429895957050  0.37653876236699424
  0.38717237721373665  0.39658310081740750  0.40615313760312943  0.41562372508831585
  0.42479414789058473  0.43488798524096700  0.44614511448898952  0.45659871557149639
  0.46613860453315681  0.47579830363520315  0.48591904460280050  0.49645197553427012
  0.50649329597446435  0.51719535102076353  0.52739850955909784  0.53825140435363006
  0.54930348485307490  0.56029021857674688  0.57116458502987510  0.58079021588659596
  0.59171652764894866  0.60306461367364750  0.61549100992291317  0.62943028316341543
  0.64378896865577118  0.65664152187055280  0.66786257144205952  0.67838571397272251
  0.68830409413446592  0.69862004154166268  0.70905558409385261  0.72027973425072067
  0.73246524637524724  0.74522215718264184  0.75896601265893515  0.77217540329537759
  0.78463706527485011  0.79679852922235062  0.80890101876110854  0.82037333837936977
  0.83086421692078283  0.84077187470154224  0.85031821223499671  0.85995291430748577
  0.86970312696604068  0.87950174038562112  0.88937477947361587  0.89916084080379755
  0.90855258342962630  0.91871758600719866  0.92849256431073102  0.93802752664319899
  0.94647087199362678  0.95534357621304111  0.96379805894442117  0.97209313183220547
  0.97985672004761104  0.98681081026461681  0.99214795464522565  1.00000000000000000
  0.00000867801516404  0.00001138734165489  0.00001422555256233  0.00001805579898097
  0.00002287339130583  0.00002886196222252  0.00003560195006366  0.00004295166907334
  0.00005078347969391  0.00005950414510132  0.00006950439271412  0.00008053649359160
  0.00009370868979307  0.00010785846155418  0.00012298398699219  0.00013808431434758
  0.00015410345526785  0.00017090379324574  0.00018752223481194  0.00020435383351576
  0.00022211097885739  0.00024085645540326  0.00026054566220856  0.00028096211327844
  0.00030078325198976  0.00032173260509520  0.00034593234985090  0.00037227163785948
  0.00039992996888358  0.00042762570790703  0.00045194648030122  0.00047665390809474
  0.00050141593404962  0.00052405902654503  0.00054992780156339  0.00057597293071275
  0.00060353803706109  0.00063441392672328  0.00067008555200436  0.00071700664092901
  0.00076162832602773  0.00080615025265025  0.00084794304872067  0.00089474424607685
  0.00094257285273586  0.00099232037497345  0.00104591597319634  0.00110414011068909
  0.00116781020932009  0.00123806574236697  0.00130798476973128  0.00137332165864220
  0.00144143908291056  0.00151492297334513  0.00159175424924820  0.00168248987721217
  0.00178841235303199  0.00190535934486290  0.00202947995153909  0.00215278074828531
  0.00227778249587770  0.00241317689842655  0.00255588042493733  0.00270039971755300
  0.00285040118015717  0.00299631519761551  0.00315192132380822  0.00331741552846569
  0.00347411917067160  0.00361153378283225  0.00374791254810200  0.00389571092390859
  0.00404097232497306  0.00417574736666349  0.00431414525292144  0.00445771170380562
  0.00464831291855767  0.00488032558088008  0.00512980754164985  0.00539096026645068
  0.00578432718257370  0.00626691375225323  0.00682547904766165  0.00733435290441547
  0.00786781578029194  0.00846524904578891  0.00918705411146631  0.00996695195166533
  0.01086791849592720  0.01261979663379388  0.01597175226295021  0.01960057536621099
  0.03438587853568025  0.04774886784316423  0.05933462332110121  1.00000000000000000
  0.00000750191439197  0.00000782706337749  0.00000809065032669  0.00000842844692613
  0.00000882788918588  0.00000923823083597  0.00000977629336040  0.00001037804160115
  0.00001103968304601  0.00001178641108928  0.00001258408166090  0.00001346427553795
  0.00001435265312466  0.00001528366732260  0.00001622963104956  0.00001730702090869
  0.00001842057157951  0.00001955977368547  0.00002084938979067  0.00002244458088230
  0.00002438290879790  0.00002657718554581  0.00002884084666708  0.00003106268774713
  0.00003349114117296  0.00003617527122400  0.00003912425589977  0.00004241896290243
  0.00004609084126902  0.00005021782689394  0.00005500718471094  0.00006040347515018
  0.00006642425807402  0.00007302240057067  0.00008031648076570  0.00008807345312002
  0.00009622666319946  0.00010479776761058  0.00011446071435091  0.00012502413337758
  0.00013658096905015  0.00014967267484116  0.00016419861841951  0.00018017008279753
  0.00019806457379774  0.00021752604721389  0.00023803947255583  0.00026138606686419
  0.00028703890766878  0.00031764268258955  0.00034956496750236  0.00038295404962166
  0.00041772468195315  0.00045457322184903  0.00048896977058130  0.00052399197007652
  0.00056094633215314  0.00060817360722644  0.00067286377317263  0.00074402381200814
  0.00080302478643659  0.00086736180543855  0.00093751624094331  0.00101462303602298
  0.00112940346310149  0.00124010048004201  0.00135594418838077  0.00147576175717284
  0.00159783004762987  0.00172435555964192  0.00193320406192836  0.00217328411152862
  0.00241938937230483  0.00266965356622524  0.00289662125770308  0.00310329380126138
  0.00327359612345714  0.00345626309177575  0.00366359487368817  0.00386997336812272
  0.00405776313276398  0.00425039009236393  0.00451511835780918  0.00499547648329684
  0.00579674854698224  0.00674877474240722  0.00781515953019430  0.00916803587866592
  0.01105893231368611  0.01408966608399006  0.02038229531943099  0.02680817925686059
  0.03334609931843536  0.04645113235560630  0.13112135562281801  1.00000000000000000
 -0.00171804339316452  0.00726297846122041  0.01601917165185777  0.02473878824058537
  0.03359044059676070  0.04261138052783656  0.05175291739644253  0.06077454707428982
  0.06991531594170863  0.07868995885112559  0.08687751563107177  0.09488114961726039
  0.10260315184148419  0.11062139025277093  0.11919611095034827  0.12772240897016168
  0.13666678939549592  0.14569388738767014  0.15466292126984835  0.16432038135078322
  0.17454587594549825  0.18442483914505564  0.19356600053211701  0.20207222625880994
  0.21084295107268425  0.21976883045547482  0.22904582580196350  0.23912725028381646
  0.24972508406688604  0.26107372448065597  0.27251622082258242  0.28305070319048936
  0.29311963180780504  0.30286236216126594  0.31212760700512931  0.32129631056764602
  0.33077427273891941  0.34194429461353326  0.35409853331211000  0.36697907954859688
  0.37949160862068015  0.39095206037771518  0.40199250906957718  0.41255036678554730
  0.42297630189500296  0.43315366822639040  0.44320544819352392  0.45363143870978390
  0.46439563651644178  0.47510915100577367  0.48426611999296038  0.49248341759892900
  0.50082064367146661  0.51004787350562841  0.51917834624631498  0.52808786422552556
  0.53737904535714587  0.54747133856291796  0.55926632304162283  0.57095023610286344
  0.58276264159184699  0.59545175540247486  0.60676102241135954  0.61896628599036863
  0.63082140236465356  0.64345859190241284  0.65572795898491931  0.66776799539556708
  0.67885858332905891  0.68907351655901783  0.69832713188536510  0.70768659704490600
  0.71848837204110283  0.73180777883748682  0.74704311328795470  0.76204482738749313
  0.77489891792340260  0.78811399718133568  0.80114809364832407  0.81517145268314473
  0.82842838764592175  0.83987011782253873  0.85079552294844496  0.85984789245435711
  0.86639343594816243  0.87261652797532807  0.87893098691032079  0.88686161051307411
  0.89621473773765259  0.90985001597284598  0.92616945858448985  0.94495454535842272
  0.96346731490755411  0.97854586678480904  0.99001124150247977  1.00000000000000000
 -0.00195406135126982  0.00917786801578969  0.01914654388023724  0.03073190244255733
  0.04184927924730280  0.05086712735933664  0.05910903407459855  0.06734967011449948
  0.07625197725091815  0.08693010459910441  0.09853012165575642  0.10868727086025284
  0.11959656475651088  0.12999017981224836  0.14135386452263182  0.15234577607571828
  0.16387117813387225  0.17560051174815036  0.18675314968729767  0.19803370357005115
  0.20966347399501975  0.22225172106712046  0.23386472636823297  0.24475841163128145
  0.25546246606518735  0.26627424358108825  0.27755475505567639  0.28860054001498364
  0.29974428037695078  0.31136734677465261  0.32255126969192954  0.33302216653488831
  0.34191025442431566  0.35110691546068229  0.36173969739406064  0.37427219336840056
  0.38693069712006345  0.39904537565398412  0.41099049548037780  0.42006757707127385
  0.42696711795814118  0.43332289308720928  0.43974321276164380  0.44667799400373681
  0.45492820349848723  0.46425112911106542  0.47364864210741625  0.48312620721326388
  0.49359394869914475  0.50448859366869481  0.51588847860635789  0.52755410791244739
  0.53976867702237119  0.55239602153747824  0.56494140373555124  0.57729728728093532
  0.58929406186077815  0.60018844697844087  0.60972327346912991  0.61756074549071183
  0.62568620182318835  0.63431067479585723  0.64425406411605290  0.65486721701644968
  0.66564470492203309  0.67641255697427904  0.68682230519457854  0.69739387871443237
  0.70795490169023567  0.71815050320363749  0.72799639407402594  0.73847017409098781
  0.75070764785188482  0.76256641960359517  0.77418909272069170  0.78584692948219825
  0.79850230962561808  0.81137809775105019  0.82392570049582581  0.83602860877795460
  0.84747597336582547  0.85774219907584093  0.86668991985945076  0.87549232600635074
  0.88479316289017396  0.89531670658261842  0.90683250430252571  0.91851003209052540
  0.93088828883192809  0.94241327134866093  0.95353728889286482  0.96324921435536837
  0.97243328280727259  0.98198628580878355  0.99102933844789076  1.00000000000000000
 -0.00166743235576060  0.00952274577049722  0.02039916592764130  0.03166081996924529
  0.04285448680966955  0.05378931584423614  0.06454463657899512  0.07643607949759423
  0.08851155998296774  0.09961443616239202  0.10847598821075126  0.11592324068982979
  0.12348875470588794  0.13135229534184481  0.13973227595236612  0.15007891344271121
  0.16015956303104534  0.17021911399092401  0.18065247150232616  0.19118221538571492
  0.20236022448214180  0.21444348212376368  0.22700025758259423  0.24018991206024246
  0.25412838580066777  0.26741915212522432  0.28058433592587262  0.29186115264869711
  0.29980540094501468  0.30786184681417961  0.31719344109236453  0.32763120659660577
  0.33777396190154352  0.34687105732093854  0.35651526320970245  0.36828590383778037
  0.37995287728608634  0.39252320107010658  0.40496869607334673  0.41591037629025451
  0.42581363873293854  0.43578514908087834  0.44646043408831837  0.45761844084015657
  0.46905790738515468  0.48022149685358917  0.49117018867867823  0.50283860683403747
  0.51502136044799329  0.52697105438322456  0.53794034608225316  0.54765757027604500
  0.55728484839111181  0.56763319778540411  0.57826805776476720  0.58822249668735083
  0.59663776698168958  0.60618135809918472  0.61704629338590689  0.62890035024181612
  0.63936335307334247  0.65090560901016181  0.66076860215588129  0.66999989408949490
  0.67944649653090106  0.68998476364643035  0.70265693645178418  0.71470964037578866
  0.72599904764910062  0.73715547645809953  0.74828061672990631  0.75896540603259910
  0.76921111315571378  0.77845176502319124  0.78735922382338086  0.79626599360584471
  0.80467814896207324  0.81349523736649798  0.82201478843296072  0.83112818392249976
  0.84195310046975957  0.85292466050726945  0.86406812170845204  0.87566944392515467
  0.88706300732091981  0.89836965820757275  0.90961429006643446  0.92021832593124608
  0.93168092508443390  0.94233051652680777  0.95182676055889492  0.96075013797325115
  0.96964826512999425  0.97954570773511607  0.98981366063800635  1.00000000000000000
 -0.00021608993745455  0.00123739602207826  0.00286191095959162  0.00436081428237474
  0.00579359706990352  0.00721239898244483  0.00856587907529299  0.00988028867405686
  0.01118531786535496  0.01246694853284584  0.01378819498222814  0.01515004260749132
  0.01654267270971931  0.01794471035000954  0.01933084804275231  0.02064771229053530
  0.02180636425504194  0.02301407488224778  0.02419907886873201  0.02530808177950567
  0.02636737330166006  0.02739021009718799  0.02843065091410298  0.02936658437181211
  0.03034306325842772  0.03136476527066605  0.03231520377491439  0.03325293961404616
  0.03425271112654096  0.03523861434471284  0.03615434384664125  0.03699392291574755
  0.03773633937183037  0.03850614019658006  0.03927671878799519  0.04016189736429150
  0.04110429093745269  0.04207993239141836  0.04285254069379017  0.04347798778893035
  0.04414509916677668  0.04493340964354273  0.04563291759358967  0.04634594315211089
  0.04724264795410395  0.04826277950027695  0.04962350547150078  0.05116558436026409
  0.05251007597596794  0.05379711145451830  0.05518307218375301  0.05687531094320538
  0.05869940554738352  0.06040923695177074  0.06175057655018946  0.06280709000942450
  0.06385933818976627  0.06493337366825924  0.06620001220190662  0.06780605138155744
  0.06943278465433751  0.07092966447394231  0.07222684297215370  0.07332567633842903
  0.07489304575896563  0.07671754572722077  0.07843268253599671  0.07973848798239989
  0.08087480592617592  0.08200086675410809  0.08372934268950789  0.08638849143602996
  0.08899842105026161  0.09193999709678277  0.09353545956800244  0.09498809606907688
  0.09645322559353391  0.09804311179005189  0.10001486274289507  0.10163504326674146
  0.10317948734408768  0.10708089528553852  0.11308881497372748  0.11888642587042071
  0.12638964521374557  0.13487242661189244  0.14406836914039758  0.15289677350013228
  0.16353168824649053  0.19650676393312067  0.21459129683301872  0.23231321144942868
  0.24853670531613128  0.26221794828524925  0.26411762726688065  1.00000000000000000
 -0.00281994347618382  0.01328631003033619  0.02589227171161876  0.03910336094259377
  0.05245945595147797  0.06717537056365697  0.08099277373178485  0.09336810794156622
  0.10468220686257645  0.11589784248168897  0.12796093842286529  0.14017191000549403
  0.15259370178287129  0.16488646205848514  0.17737043756338530  0.18873023743072673
  0.20081192403305892  0.21182052598364734  0.22319498585739539  0.23444323198256176
  0.24661905237095491  0.25849719426394285  0.27074019540495070  0.28184703362794145
  0.29169658866212950  0.30172348013344791  0.31162647636260105  0.32030878868803231
  0.32849026888676019  0.33631468760721284  0.34395463794011466  0.35314382118094939
  0.36200417492088244  0.37204807163458481  0.38107789581816254  0.38921199930553468
  0.39701222068720754  0.40475523790753409  0.41305463964732186  0.42233082928927645
  0.43181657438300525  0.44102071310266727  0.44967704615976650  0.45803514839534559
  0.46674963408712916  0.47569686704089031  0.48535725255407125  0.49471093469096039
  0.50335149374501309  0.51143503358526221  0.51860902626386884  0.52661288281042040
  0.53459654029166781  0.54218192741791305  0.54990192572880514  0.55799769174755798
  0.56617936275474523  0.57510296840378317  0.58410800608168623  0.59134829187740723
  0.59846239721847216  0.60558562578110531  0.61275145361275363  0.61983079175199907
  0.62674251299205153  0.63341309073288798  0.64027909522140614  0.64798943175935297
  0.65683593788469563  0.66638253756253951  0.67576898557782139  0.68538802973901969
  0.69593464778320557  0.70719431288945556  0.71947046905121648  0.73233016199914014
  0.74544115957893731  0.75857921051033161  0.77113643477999139  0.78344844754438026
  0.79601922699674266  0.80919441125319769  0.82258153755056196  0.83589879570357839
  0.84936907243878734  0.86396320516614078  0.87998984121007529  0.89595308139430085
  0.90900960379084195  0.92047478829173368  0.93213311831400869  0.94500726552283942
  0.95993620135684554  0.97433929791971208  0.98791717666284851  1.00000000000000000
  0.03452377912156836  0.63538959654897020  0.66314253926724587  0.68491985102270414
  0.70448024903092865  0.72270488712264447  0.73994148531839354  0.75493089388009738
  0.76776038933731972  0.77954041230145743  0.79063620760716580  0.80078076149303690
  0.81072859786435869  0.82007499243945381  0.82894859039222724  0.83699843648328809
  0.84440647469683006  0.85159503581683782  0.85806313228347086  0.86378678839070566
  0.86936013214239038  0.87483892522994189  0.87998231199032373  0.88490172384461341
  0.88972519188687493  0.89428736325674429  0.89841307268601356  0.90228389014987365
  0.90590794911156469  0.90963067640591022  0.91328687734468283  0.91659416288011386
  0.91960930434961508  0.92243857983628441  0.92537878411619567  0.92830176054220226
  0.93099656734105485  0.93354698259922841  0.93607066497385583  0.93844765993640988
  0.94071883226503439  0.94300472512423661  0.94505610923791528  0.94691347545890125
  0.94873078428070445  0.95049251512975697  0.95224748006470328  0.95388067583729630
  0.95540012425512355  0.95697848787648210  0.95855604830296326  0.95994114416099685
  0.96138713351410132  0.96276643103379711  0.96405882049791691  0.96527192289497665
  0.96651065894017907  0.96776308124859056  0.96903082272670749  0.97038515333915087
  0.97158295629524172  0.97272974168943938  0.97384719129470287  0.97493660251911174
  0.97598902972225587  0.97701625015955640  0.97805856315515360  0.97903873763844163
  0.97999576198805260  0.98091329439755737  0.98177961967415550  0.98260481981325165
  0.98345694346614732  0.98432259555676149  0.98511769269800509  0.98591276933795324
  0.98671432963814965  0.98749487582053208  0.98824569001921880  0.98897705245126410
  0.98969876255093725  0.99037918355845078  0.99106216529811453  0.99171975413111146
  0.99234983734764115  0.99306312074268455  0.99375697346992220  0.99443641157932017
  0.99511321656833129  0.99571565569468190  0.99630261832906053  0.99688059630750225
  0.99749354685966873  0.99818052393590073  0.99902040441479367  1.00000000000000000
   1.2404876201493152E-006  -1.0000000000000000     
 F F F F F F F F F F F F F F F F F F F F F F F F F F F F F F F F F F F F F F F F F F F F F F F F F F F F F F F F F F F F F F F F
  <DiscreteSampler_grid>
  grouped_processes
  1 # 1 for a reference and 2 for a running grid.
  10 # Attribute 'min_bin_probing_points' of the grid.
  1 # Attribute 'grid_mode' of the grid. 1=='default',2=='initialization'
  0.0000000000000000 # Attribute 'small_contrib_threshold' of the grid.
  0.5000000000000000 # Attribute 'damping_power' of the grid.
 # binID   n_entries weight   weight_sqr   abs_weight
    10   10   6.539479439779114E+003   2.375947236572472E+008   6.539479439779114E+003
  </DiscreteSampler_grid>
