  0.00412087436335401  0.00765244383702805  0.01354262041402601  0.02033514105463889
  0.02854722562397523  0.03661571218364844  0.04481683742163622  0.05316254179010210
  0.06229964928895814  0.07194722846331301  0.08127233560640060  0.09174385434846151
  0.10315562036003786  0.11531304041689325  0.12651958050792519  0.13761200023272588
  0.14808643618565259  0.15849027183391873  0.16857703119387721  0.17753659270455666
  0.18663201519287553  0.19503373305485044  0.20302450276991382  0.21206469652994023
  0.22184203611271072  0.23126816184721527  0.24145148084528778  0.25133583450330071
  0.26173504217251148  0.27353621853075649  0.28573647192161677  0.29712337049864501
  0.30752771697264136  0.31697285424145072  0.32629588876676607  0.33761585353961732
  0.34854782375738003  0.36018269019294402  0.37208135074240067  0.38418909882458674
  0.39561113583363611  0.40707016033400156  0.41689199949978306  0.42709060738847709
  0.43708794169527782  0.44644993819271622  0.45622427603617977  0.46580140125384673
  0.47531121618672256  0.48448780229182159  0.49308595909782293  0.50184793474290745
  0.51108419587170428  0.52108211757369438  0.53208466901530316  0.54423133544339208
  0.55676355925710919  0.56874633153077669  0.58020813803027638  0.59083677824285885
  0.60079789152409890  0.61092270715806629  0.62186621588097590  0.63331665078047583
  0.64461722782663289  0.65553581114148973  0.66694429574626979  0.67953802854022249
  0.69257133772458701  0.70452202778054351  0.71663693967629305  0.72845055877441678
  0.73963683377553924  0.75084109225135132  0.76299477811787086  0.77519446530279101
  0.78586254516842102  0.79692603586455979  0.80868356084388415  0.81995450854541940
  0.82899831275816716  0.83721150908961561  0.84606132878640583  0.85608423767991015
  0.86796140491882234  0.88003511877974772  0.89111076361553077  0.90209300033390505
  0.91408353052716385  0.92659504664431769  0.93915726725403315  0.95115206223226578
  0.96409813196077077  0.97564412616261664  0.98827780280774513  1.00000000000000000
  0.00008644140447903  0.00008974497891226  0.00009152810727781  0.00009295700866514
  0.00009431521584120  0.00009564041430687  0.00009695793758023  0.00009846664954958
  0.00010034180075535  0.00010246371299045  0.00010472641243278  0.00010718188268607
  0.00010939713946919  0.00011207300659926  0.00011551858109374  0.00011887176114007
  0.00012210418695681  0.00012549130845316  0.00012930899820273  0.00013335189501370
  0.00013802985501442  0.00014366128323419  0.00014920512673106  0.00015470815275557
  0.00016033576427869  0.00016554763605292  0.00017082027780888  0.00017687546825570
  0.00018376934629092  0.00019088157629308  0.00019853835163206  0.00020635154903042
  0.00021522220911151  0.00022550779085457  0.00023524847533251  0.00024639154188197
  0.00025803112164273  0.00026987365501932  0.00028168518603600  0.00029333025394198
  0.00030620437652691  0.00032066248844597  0.00033482118682245  0.00035128228244397
  0.00036883606385976  0.00038747667604391  0.00040785673395292  0.00042875382389851
  0.00044996666054979  0.00047252471819049  0.00049869627936105  0.00052535342377421
  0.00055555612673335  0.00058987235759634  0.00062801137011461  0.00066883915635004
  0.00070967190032326  0.00074859248142394  0.00079081874545353  0.00083514309530008
  0.00088945262019650  0.00094949508112623  0.00101547989195665  0.00109200124454946
  0.00117024284589037  0.00124935578895494  0.00133660536304871  0.00143904384927313
  0.00155414998663233  0.00168507056569190  0.00183646948942697  0.00201073363653206
  0.00220901636043014  0.00239924757358705  0.00260196349475409  0.00282568560750429
  0.00311872473822595  0.00341563838459699  0.00369169861039304  0.00399103435947798
  0.00431272179578628  0.00474808324164611  0.00536083536206146  0.00615167622745652
  0.00706987296624156  0.00819196198804523  0.00949541830995081  0.01101137237039745
  0.01265060728734883  0.01485515293923051  0.01786134485025319  0.02227334122708935
  0.02964585122855995  0.04546268414309221  0.53691809895614007  1.00000000000000000
  0.00004377572799308  0.00007203601349391  0.00009034249213489  0.00010975792091934
  0.00013122009066410  0.00015835265807744  0.00019913390669465  0.00024395058993652
  0.00029127534760920  0.00034601111030783  0.00040399318706898  0.00046798455970464
  0.00053525491376774  0.00060912912616141  0.00069879238560286  0.00080062901138883
  0.00091027945948107  0.00103450513720837  0.00117484215799191  0.00133701447326126
  0.00152998245254747  0.00175209877177160  0.00199604238932388  0.00224082251243468
  0.00249137316021412  0.00275407824716735  0.00305645971790408  0.00337936191004316
  0.00372343263534947  0.00407086870476124  0.00443166546449040  0.00481495179875649
  0.00522239829208123  0.00567531143067918  0.00613968289236227  0.00665772559895949
  0.00722463995819002  0.00787073905470887  0.00856537210082177  0.00924891189222246
  0.00985683519923220  0.01042591881265186  0.01106868579564478  0.01174725725370045
  0.01253361382135155  0.01334538230237878  0.01429096740912970  0.01530715214830005
  0.01623206114028101  0.01709092587936801  0.01795468243487624  0.01905810516496047
  0.02030118752276792  0.02157227422233376  0.02273356579448584  0.02406087761605961
  0.02532469625037936  0.02677124717821376  0.02816654877287132  0.02954648802641420
  0.03100558017606606  0.03235830015113637  0.03359371776879565  0.03478360419999487
  0.03596423619239558  0.03714297589305118  0.03814557799912023  0.03937569573873408
  0.04114164742043470  0.04338024891115801  0.04594096336842481  0.05053400332418245
  0.05656863685103386  0.06310518337287195  0.06900639726218817  0.07336983215750778
  0.07477203062599487  0.07617422909448196  0.07751543405460130  0.07850945983352563
  0.07950348561244995  0.08046762134030987  0.08106719878570491  0.08166677623109994
  0.08227242120364414  0.08361171019689004  0.08488421389575100  0.08670456151154118
  0.08805371313198540  0.08938568401190054  0.09082869264604411  0.09278993051386052
  0.09632742798806283  0.09993713412163122  0.36831499206547008  1.00000000000000000
 -0.00248301630057369  0.00836898516882123  0.01740226608840302  0.02575202270303483
  0.03402856476602373  0.04274083814232777  0.05060004179142025  0.05903043999109182
  0.06733058039063274  0.07578747390631450  0.08403115585567561  0.09069183216178572
  0.09708703749642764  0.10350134909736941  0.11044147275974500  0.11775632411269076
  0.12486260042296088  0.13198440145354523  0.13864772183117288  0.14502927224417450
  0.15186553349922555  0.15848398649761555  0.16529393537322434  0.17224886596903874
  0.17930694613592166  0.18762795284008871  0.19425507344809384  0.20180973135877817
  0.20866835377894899  0.21605394408804510  0.22387022504209825  0.23153689302386979
  0.23898463909903070  0.24686538691161017  0.25623519965701375  0.26603627563487564
  0.27352472923247190  0.27961596201633732  0.28560420606930631  0.29171204761886427
  0.29833776113933014  0.30712289811471566  0.31582583112108453  0.32492338047514585
  0.33268955901603003  0.34021774727795578  0.34829350180554070  0.35645680804927216
  0.36673127339363837  0.37751684061426771  0.38918332267098915  0.39952789888961343
  0.40936941817747852  0.42004785073110029  0.43263036297128776  0.44469076760694881
  0.45404112800796315  0.46322845673087770  0.47242509420259432  0.48199073670649328
  0.49317612120567211  0.50455601082720480  0.51701302199381960  0.52900209541568333
  0.54019390894114216  0.55092088222441571  0.56148119984673228  0.57243797136880048
  0.58555029117212432  0.59822299692985714  0.61009345341945176  0.62083629016849251
  0.63272223489540924  0.64651822149778859  0.65940171279012150  0.67183351509480749
  0.68505716118856963  0.69960045042584929  0.71074262556997170  0.72401502245140892
  0.73660123724883775  0.75211657008277810  0.76404416154000376  0.77694641367109374
  0.79026579087663196  0.80588617952514319  0.82280773206037883  0.83938075240643784
  0.85444389479101956  0.87012168454993621  0.89061382870025396  0.91180604234311957
  0.93127595403202645  0.95127891541207210  0.97490654424689505  1.00000000000000000
 -0.00270508869248488  0.01067143076361305  0.02159416441177304  0.03161810555906422
  0.04272803190881058  0.05512243141085408  0.06693006647947458  0.07767357590491979
  0.08774365251056311  0.09779652928028357  0.10810493713748731  0.11956341804347667
  0.13103033489230367  0.14202596940603388  0.15257212006901591  0.16415426864109514
  0.17590169179673121  0.18785126273594407  0.19968207312393596  0.21043140248158726
  0.22036404441013108  0.22917919036895637  0.23805675582678440  0.24708176026556977
  0.25803176149812257  0.26922531832959046  0.28176155876671732  0.29197294987830408
  0.29973195365630301  0.30761351540835874  0.31619954465414379  0.32571081566628429
  0.33472493459352537  0.34240251241482073  0.35024318283993344  0.35980829645114498
  0.36951292980827183  0.38021051030961239  0.39208308778673012  0.40344310894132596
  0.41398793388361405  0.42386220407566588  0.43279418606973946  0.44156564468010456
  0.44941419748737255  0.45903172746180093  0.47007718703855444  0.48154788660249609
  0.49274222402261225  0.50382351556636018  0.51517415030127289  0.52645655885684028
  0.53677439549526740  0.54685366905463528  0.55646400443868671  0.56665176731131006
  0.57715783147058264  0.58748850843753619  0.59784813179670104  0.60841043481715773
  0.61970904119451675  0.63167367040382805  0.64336146230840430  0.65505759544102204
  0.66562238585555811  0.67576568596179665  0.68583839887723319  0.69674995089968172
  0.70727088805796845  0.71797473090306030  0.72962680981416395  0.74070301358922219
  0.75136924470241095  0.76165142529947349  0.77218144249344645  0.78574089676404657
  0.79657348508424453  0.80557602032721753  0.81458289390783545  0.82378286291197766
  0.83414663660289790  0.84486248928203556  0.85572645762160238  0.86783292601568673
  0.88033586342909464  0.89164163520142659  0.90193909402970296  0.91190106226254108
  0.92240898649827519  0.93288897185834574  0.94339506183286648  0.95427226008767796
  0.96718565913998933  0.97910615004136337  0.98993581242138706  1.00000000000000000
 -0.00326066299927902  0.01397345217311969  0.02679077969505234  0.03898421470341391
  0.05069897486808425  0.06131018610239405  0.07218519359213586  0.08255435606648809
  0.09282519242918912  0.10308472841032433  0.11350135155771174  0.12509532448997648
  0.13707721217330701  0.15019511663003501  0.16206362242573810  0.17334838715291304
  0.18424578311535159  0.19452729266225127  0.20447021878474361  0.21396479240592584
  0.22272672268926519  0.23126572898747363  0.23991440647512965  0.24866338380021677
  0.25716861304965100  0.26588659979461715  0.27514889789216851  0.28495072574836333
  0.29483372119314272  0.30430391962118558  0.31386606494701391  0.32404888924882724
  0.33435747614013939  0.34578120722547367  0.35741743214907412  0.36904654639471529
  0.38097058090295000  0.39249537162279630  0.40315105884889446  0.41221784425016045
  0.42234232585443826  0.43181087548508001  0.44220024057897001  0.45211358635735782
  0.46259256897736523  0.47377123465468501  0.48490403164340995  0.49642412141602255
  0.50855522424211319  0.52091765220714881  0.53367025359387643  0.54585625277301353
  0.55733615289347016  0.56861822480998647  0.58074452328139803  0.59303205373632162
  0.60456994781039075  0.61648939883202303  0.62707307735233908  0.63477765345171067
  0.64357158432420314  0.65227089070988098  0.66210805557575214  0.67185992330727617
  0.68218345670184444  0.69288536113305566  0.70420373789201240  0.71553366970323717
  0.72617550826094024  0.73627974770320714  0.74609123264999899  0.75621599224116454
  0.76675674216669387  0.77745054995422147  0.78756779099602248  0.79625141851486914
  0.80455506276493716  0.81228002351693607  0.82004303145386670  0.82824660598400024
  0.83719105068920774  0.84673249654871008  0.85716215477935542  0.86760083501822316
  0.87796559016798636  0.88931655592641046  0.89990411280277360  0.91155944564837466
  0.92397293759956334  0.93736244285614057  0.94878022411457574  0.95946276958165155
  0.96973424987063517  0.97952186124787888  0.98968478137669602  1.00000000000000000
  0.00321273243571726  0.00356382576396948  0.00394694818532014  0.00443219810157508
  0.00526737430257831  0.00624548701051498  0.00717391163093236  0.00820208129310171
  0.00919454247407271  0.01017985684626856  0.01118436439532047  0.01216594594707121
  0.01315018473696546  0.01414044307095077  0.01514502637653208  0.01618957754002510
  0.01726355946557466  0.01835730558677700  0.01942679384435343  0.02053084635351402
  0.02164371632871274  0.02273530624585708  0.02385267273975050  0.02492020307203363
  0.02595041801752238  0.02699941144773805  0.02807879090830789  0.02919779645085632
  0.03037688732604425  0.03168409524655130  0.03298731657754488  0.03434396433783596
  0.03570750055588944  0.03698273005919223  0.03827163194569833  0.03937983260799578
  0.04041912366996200  0.04145864307533733  0.04252630467567764  0.04362964346390680
  0.04472252319355741  0.04584853719458294  0.04696566296534097  0.04828152038007769
  0.04958849601145164  0.05125877939009060  0.05291215075922768  0.05454159563490742
  0.05648913969747490  0.05859779246713503  0.06069751788490213  0.06318905847893316
  0.06642596113062833  0.06972621025492358  0.07304673900270026  0.07680104281116960
  0.08109040849355285  0.08427294295476317  0.08590878958816170  0.08687707327176149
  0.08772212212977573  0.08854240061495938  0.08935598064180666  0.09031174042921634
  0.09144356764381258  0.09241156738335761  0.09360849304118742  0.09466919294542397
  0.09597866725986981  0.09735181534579308  0.09871806476940602  0.10016438487309511
  0.10200681849310823  0.10468252331491255  0.10856646218405712  0.11210186710919304
  0.11562470206609968  0.11764165140513852  0.11920983463136663  0.12075567054319944
  0.12307947987409792  0.12780102130146104  0.13387882354823449  0.13930369931227340
  0.14350484222075613  0.15075253571253275  0.16229998933026404  0.18137066038173419
  0.20348896650119749  0.22670855536225290  0.25381975590542877  0.30045573271094966
  0.38843801354883861  0.46234280998435018  0.61782553912259153  1.00000000000000000
 -0.00306618816378717  0.01423660607597999  0.02772052328200138  0.03824226671948060
  0.04700315797586481  0.05625039950068451  0.06680691285574414  0.07571524029134498
  0.08472084614052405  0.09690538113420782  0.11103527542402526  0.12613732359605676
  0.14068549487585108  0.15553464700109948  0.16832008144154292  0.18004987415816434
  0.19125563263563647  0.20258210420572467  0.21382672523675350  0.22452878664068243
  0.23608111500044071  0.24701923921178326  0.25620650156810065  0.26434727384736512
  0.27315422197302636  0.28298593804897970  0.29163377064300355  0.29873565299379079
  0.30547895479013237  0.31270747537542748  0.32088424404843319  0.33189279065443711
  0.34156403739961266  0.35135630684611835  0.36084718423470108  0.37041505822889914
  0.38052084022827787  0.39064053931703124  0.40106094995191743  0.41168898494691347
  0.42207561841338426  0.43230934204180638  0.44246609292081979  0.45129132452603526
  0.45952847462303509  0.46829035739314295  0.47700217297329972  0.48528248637100579
  0.49350234833725964  0.50230934801901517  0.51162085134802349  0.52220229496877690
  0.53284739573529349  0.54335243961046309  0.55272186631125964  0.56160178141384498
  0.57003553555436137  0.57848931314071605  0.58758217056073481  0.59642106050706645
  0.60542030142123271  0.61448359472005043  0.62386241571066992  0.63352324163938178
  0.64294542408396227  0.65183763964677133  0.66059264074138602  0.66912662602983441
  0.67697599816221166  0.68488374106921435  0.69338627847886825  0.70311067622585854
  0.71282078015109240  0.72071096539609436  0.72839346700173202  0.73665242794976182
  0.74660685630086354  0.75698613812039295  0.76633718419112895  0.77561644375375871
  0.78605684195186021  0.79819738841694976  0.81169577573391882  0.82524079429337160
  0.83850181330479612  0.85203251460589702  0.86636172612613449  0.88160727035061903
  0.89747973853123952  0.91293109901949410  0.92689382366934425  0.93987728562797601
  0.95276373491339372  0.96619785381847823  0.98148768995179558  1.00000000000000000
  0.45322832807621394  0.55456118956070466  0.57317898073630769  0.59450657428418907
  0.61002242515131677  0.62402693280417687  0.63762500802305033  0.65086217469891583
  0.66431332056182391  0.67682250956863632  0.68838007998881234  0.69936736331643612
  0.71030706944603317  0.72069751590882125  0.73028210571757157  0.73874440469245561
  0.74706290393728958  0.75498318305282264  0.76266276630001562  0.77009195710097234
  0.77764086214470751  0.78485905206909024  0.79213251097397741  0.79881988732396114
  0.80547586812328020  0.81141839815595540  0.81673194503614199  0.82172725457402351
  0.82684979650518575  0.83214092912486548  0.83707277364878674  0.84172715440936041
  0.84641106250329157  0.85108793225203050  0.85563872801837337  0.86016511691734343
  0.86445680739899156  0.86841913781367552  0.87205008150565977  0.87562284198017881
  0.87899068200011687  0.88231185021327152  0.88560874105048415  0.88895723612607991
  0.89248175386761996  0.89591721811606595  0.89900402783076183  0.90233285637052341
  0.90512664046665614  0.90794849926936338  0.91035016499252663  0.91232161304585491
  0.91439843234226748  0.91633602878110454  0.91823859915495443  0.92032322207581629
  0.92260558753664978  0.92508009816587100  0.92734356758575598  0.92946371868105238
  0.93162435674648114  0.93386149737581547  0.93597068205060063  0.93797755221558587
  0.93992586960684743  0.94189635609131606  0.94406973296258312  0.94602884265793197
  0.94786360170586581  0.94962091713477292  0.95132414193238513  0.95292031657757748
  0.95438034429459717  0.95582651533449592  0.95740979020829131  0.95894741865531263
  0.96055180206836233  0.96221866079174323  0.96390170399464314  0.96565215420663109
  0.96732644592214256  0.96885647130076391  0.97031636956131551  0.97179339860244429
  0.97338070768518092  0.97512859008489250  0.97691861603722452  0.97868111409915670
  0.98050599040618336  0.98260369331336861  0.98478876000059967  0.98712450811004426
  0.98981729802490181  0.99261875758232931  0.99641223310144700  1.00000000000000000
   4.5472237210039473E-008  -1.0000000000000000     
 F F F F F F F F F F F F F F F F F F F F F F F F F F F F F F F F F F F F F F F F F F F F F F F F F F F F F F F F F F F F F F F F
  <DiscreteSampler_grid>
  grouped_processes
  1 # 1 for a reference and 2 for a running grid.
  10 # Attribute 'min_bin_probing_points' of the grid.
  1 # Attribute 'grid_mode' of the grid. 1=='default',2=='initialization'
  0.0000000000000000 # Attribute 'small_contrib_threshold' of the grid.
  0.5000000000000000 # Attribute 'damping_power' of the grid.
 # binID   n_entries weight   weight_sqr   abs_weight
    10   10   1.247531304522533E+004   1.552012108624858E+009   1.247531304522533E+004
  </DiscreteSampler_grid>
