  0.00309168229094492  0.01178322926275960  0.02190074592802677  0.03228864500734574
  0.04239185662687275  0.05252426200833205  0.06244122735365792  0.07245598184903473
  0.08307883819621516  0.09453717826983800  0.10614489876130674  0.11780790518088115
  0.13091274326038704  0.14387587405121713  0.15432770231873133  0.16366765889381341
  0.17330679949548877  0.18370134143149786  0.19358093283601785  0.20279415299832548
  0.21262263755711838  0.22390777827177283  0.23523825100310972  0.24572278857530200
  0.25724179348484660  0.26869605481210423  0.27928904061744281  0.28946552646193469
  0.29900295207592009  0.30823345868359375  0.31711278683186533  0.32583060825444371
  0.33549439952894500  0.34398989507901306  0.35159728689741865  0.35937674224162919
  0.36755753865353946  0.37799378902827158  0.38859553242347172  0.40064126406510953
  0.41402304387421335  0.42700715448805193  0.43916739251298531  0.44963497495032018
  0.45965112248050416  0.46887170112613602  0.47869265928825022  0.48917058074600595
  0.49982599601001682  0.50995091505363654  0.51992024805951687  0.53110667782545318
  0.54302974885440314  0.55373863425674319  0.56342989402512134  0.57352459936327915
  0.58420361648387342  0.59574227673465319  0.60833665533428527  0.62057244171001402
  0.63173167620952331  0.64153498867306169  0.65087100853891344  0.66058747213491864
  0.67151417956499171  0.68255732714527806  0.69316498279835415  0.70461100610830252
  0.71574518593062375  0.72581313912439982  0.73560725767092150  0.74535165918343682
  0.75596661359044071  0.76676001967041851  0.77769728977164421  0.78916149016037151
  0.80013036953896077  0.81052115892833954  0.82029193206328976  0.83009945048399603
  0.84005217486719241  0.84965559055289963  0.85989706815407119  0.87014197658708314
  0.88067774418299549  0.89071789637836229  0.90177800723422630  0.91577955774874498
  0.92790256196355492  0.94005237643987483  0.95087949463942423  0.96155929557630548
  0.97262878807951225  0.98270917710707872  0.99283946346477869  1.00000000000000000
  0.00010497123107936  0.00010781636337574  0.00010990038991735  0.00011224499563692
  0.00011527730811711  0.00011820238112946  0.00012103452547281  0.00012406941959294
  0.00012782650033000  0.00013199383410796  0.00013652130300443  0.00014180044102120
  0.00014709514550085  0.00015247641792935  0.00015776623941904  0.00016306226182853
  0.00016844582497236  0.00017394643366763  0.00017961987617721  0.00018497576718804
  0.00018987830381389  0.00019513919212407  0.00020094763704136  0.00020845415717735
  0.00021668931202157  0.00022595519756018  0.00023599986840874  0.00024661253877332
  0.00025878739782146  0.00027235188636641  0.00028590945659079  0.00029891129123446
  0.00031137612849790  0.00032322225230906  0.00033705397809266  0.00035188070364939
  0.00036890159788902  0.00038726694806702  0.00040611811102806  0.00042520688388545
  0.00044469370484905  0.00046498719187195  0.00048671570408643  0.00051039828848635
  0.00053543411931193  0.00056333464407482  0.00059127859934106  0.00061938404748633
  0.00064717980366414  0.00067918119800628  0.00071179576529591  0.00074850665201777
  0.00078780020725435  0.00082993566962801  0.00087293880158532  0.00091861650105497
  0.00097013764581617  0.00102841319346932  0.00109189440702862  0.00116052329769694
  0.00123927327847880  0.00132860628426307  0.00142069507006598  0.00151981899415152
  0.00162341674305825  0.00172191472034063  0.00182993530586570  0.00195385517134636
  0.00210073703060730  0.00229170108829061  0.00251754363645209  0.00274207004364672
  0.00295069928427263  0.00317351807461304  0.00340404840041103  0.00368965367552730
  0.00402676427182945  0.00445545354851596  0.00494685107661130  0.00544400628891225
  0.00596281796316019  0.00654003961719964  0.00724196647552461  0.00801670951112710
  0.00900355415117973  0.01036511985862788  0.01202661721755503  0.01404409037741052
  0.01686843503963715  0.02071303397413181  0.02721282221818644  0.03691180391964331
  0.05173521000952210  0.10122675861305032  0.37154092313947273  1.00000000000000000
  0.00004049976780595  0.00006039268940610  0.00007814346079774  0.00010317034609954
  0.00012587024960800  0.00014928542359585  0.00017596665975323  0.00020730308704105
  0.00024629475670836  0.00028609253850963  0.00032790425098498  0.00037660368941779
  0.00042956975646916  0.00049114057394215  0.00056696017176632  0.00066045345773280
  0.00076503524306483  0.00088446274946851  0.00102088107497644  0.00117436286316187
  0.00134820546188449  0.00154070602518860  0.00174127627919054  0.00197717621309903
  0.00224306140513612  0.00252248631608593  0.00279960753053642  0.00308919663959011
  0.00340900626445080  0.00376949001040386  0.00414648706097680  0.00453827868942980
  0.00494672278435382  0.00540055281470282  0.00588887646137860  0.00639990576240730
  0.00693921015247596  0.00749998686332305  0.00808196557891064  0.00869779204777165
  0.00932464651259726  0.00995407027661347  0.01054966407907961  0.01111473243022677
  0.01169575625626466  0.01232669997980365  0.01300754874986354  0.01374885177273984
  0.01447412570023328  0.01515945834028783  0.01587438308556875  0.01665947374001036
  0.01746406934009058  0.01828644630495892  0.01903207683987287  0.01973047824150309
  0.02041864424976125  0.02107894275696993  0.02172910459695291  0.02238038494606779
  0.02313178344329054  0.02395069356736270  0.02508517364478626  0.02652441126610702
  0.02807447655109323  0.02962412011208457  0.03105757729386525  0.03221215933625936
  0.03323032960715710  0.03427203015060087  0.03528496698157495  0.03629994155590755
  0.03731345764734801  0.03842890478888304  0.03962099918647783  0.04084902723249097
  0.04270223113598912  0.04468290840365687  0.04681495179660670  0.04944695100967748
  0.05237952381085408  0.05609983377523484  0.06058169105805039  0.06565977665884001
  0.06926871708482721  0.07197234037214235  0.07509082262248609  0.07966969761254218
  0.08424857260259827  0.09484309509774830  0.10709197147046162  0.12007685597059853
  0.13489131813880045  0.16033010950917698  0.25676234596440412  1.00000000000000000
 -0.00209735804887465  0.00664054306514879  0.01455044469423937  0.02195566935281127
  0.02923586122260192  0.03712141565604569  0.04557217914366914  0.05421924234001763
  0.06303690135241112  0.07184719991822212  0.08057857863980844  0.08894704439271728
  0.09678974740484202  0.10484074194437977  0.11303257334755128  0.12189918574660477
  0.13074385992327664  0.13991029401202043  0.14972689548192467  0.15890833262824453
  0.16810456050008477  0.17693214764955612  0.18586803438476712  0.19443107940984253
  0.20227346531922880  0.20923714626967357  0.21658472870309364  0.22286849314162951
  0.22971050991525380  0.23673161874597987  0.24379167123915166  0.25113126777575101
  0.25889005460005282  0.26668581514003686  0.27516297383509886  0.28405226074649564
  0.29404470455488185  0.30439421940730416  0.31453789218896439  0.32471514213878661
  0.33456939555238341  0.34508413962999157  0.35471310303237913  0.36487135704453511
  0.37496994448816862  0.38408568888646077  0.39317246320703214  0.40280091214733793
  0.41244997558258378  0.42183950239364837  0.43079777907023237  0.44029772388601623
  0.45108525754584977  0.46198263507640697  0.47127765678698230  0.47964020943972613
  0.48777624481448517  0.49591385261391635  0.50476481144183338  0.51380655570692690
  0.52320727272380918  0.53334389458746700  0.54384479962207011  0.55750771619512762
  0.57065049684603653  0.58374262185276771  0.59390857679571762  0.60390388354223690
  0.61355715028948643  0.62454912375930816  0.63664596633081494  0.64912610026056339
  0.66097060646492423  0.67150582320782737  0.68152501906266283  0.69369537621372279
  0.70786127329994308  0.72245153663056649  0.73292857332020733  0.74166934539744300
  0.75092862046185760  0.76250419820831317  0.77797485713991021  0.79518878722968356
  0.81270869230197362  0.82991780387396197  0.84758079727535984  0.86353000213961428
  0.87819620193864312  0.89325997158769987  0.90635737000205441  0.92218283590874406
  0.94053140625002207  0.96102752078763465  0.98262510732027952  1.00000000000000000
 -0.00269162340646373  0.01252063756418325  0.02566284470870713  0.03761486221760767
  0.04799653607655470  0.05764101179597626  0.06771784706133857  0.07830967742342290
  0.08977279342182512  0.10137225498901871  0.11360682925576476  0.12607033304929557
  0.13740709351031549  0.14838238416289806  0.15867000036120069  0.16821976949940473
  0.17615291157164467  0.18344114632721667  0.19145977541961171  0.20042990781191350
  0.21053999150286037  0.22162777673126857  0.23377935717046616  0.24589621340584072
  0.25776616445683953  0.26931707836250496  0.28056241204801785  0.29155985053079092
  0.30094643098623497  0.31038033846251478  0.31956622620232933  0.32943744673922976
  0.34017890962273023  0.35250821361039292  0.36476073141652932  0.37566713241291472
  0.38566037713151669  0.39602046566250526  0.40664299203125620  0.41683253548795529
  0.42842920364503956  0.43966938534233418  0.45161339006725387  0.46229574047701222
  0.47086928499132391  0.47834265901254347  0.48560666175762962  0.49386286474508917
  0.50388882763123966  0.51397878539441011  0.52460092909890477  0.53736184272049026
  0.54978933783463491  0.56152206414488093  0.57310671528331802  0.58472079602012672
  0.59672007982005482  0.60725613964978853  0.61799461181629367  0.62854749042963132
  0.63782984582278368  0.64837970232037945  0.65818723459435313  0.66758059763673039
  0.67775909507071463  0.68813054578120125  0.69988100349216231  0.71285578160590468
  0.72676410371323685  0.74136796645127090  0.75706126107432037  0.77035843968921569
  0.78167266056784279  0.79173727848260222  0.80151760014653284  0.81198256599826424
  0.82184158192252565  0.83186914577504945  0.84221713728382952  0.85106650076963564
  0.85852139327056176  0.86539044105713736  0.87209621534357273  0.88010383182517804
  0.89056120189747723  0.90184146106750218  0.91377455847173450  0.92498317972359778
  0.93579689025985890  0.94569506120105096  0.95446129694880255  0.96245635512784200
  0.97089606764205238  0.97974221409337603  0.98989887031827761  1.00000000000000000
 -0.00207555248280861  0.00456375884032826  0.01116122656954585  0.01768971350408602
  0.02679370833567404  0.03640292834166885  0.04621726925256203  0.05696742282958308
  0.06607180671038929  0.07403523250155875  0.08174969913177152  0.08948120738714822
  0.09781746309250944  0.10699864031408840  0.11701039797954885  0.12664368901688303
  0.13695505687153797  0.14736750307748481  0.15873604369848002  0.17034420081983967
  0.18149601825459560  0.19317214200354699  0.20567182321533711  0.21824015589947726
  0.22969262764430684  0.24123633445918297  0.25410722477053194  0.26711116990195499
  0.27826854738873036  0.28884118321206981  0.29999440148302531  0.31105484328164740
  0.32128435645288167  0.33164194375606348  0.34327875175574163  0.35448813103207799
  0.36423802072363742  0.37296302022823397  0.38267199945337610  0.39284724481742256
  0.40504131521325798  0.41846370565202923  0.43214522937088945  0.44613721170406750
  0.45969290418059222  0.47237169454696687  0.48395927508134551  0.49409068587331784
  0.50475242033459644  0.51516705143411889  0.52571448903951956  0.53739053706999051
  0.54971555830937802  0.56230938107169148  0.57336113070232964  0.58542871186738143
  0.59733107202945979  0.60803799968222805  0.61714272037882900  0.62578312620723153
  0.63572882433446753  0.64535483306051500  0.65594214428688080  0.66574202167946062
  0.67580999614179438  0.68517461673295421  0.69416142349176702  0.70332999438421384
  0.71380687576630897  0.72423908822873040  0.73537821253393898  0.74657041175887973
  0.75711752945374511  0.76731693270870893  0.77874847119532664  0.78943754594816951
  0.80049841962116430  0.81191009336839337  0.82327542773527140  0.83456270315910452
  0.84530154948138292  0.85518416791692020  0.86437943821046936  0.87397261212870669
  0.88456851207405374  0.89586329545865906  0.90652076181302210  0.91684706829717522
  0.92742633316022904  0.93877615491003508  0.95074786496987451  0.96086049877252078
  0.96999438243915859  0.97945272248067572  0.98927788137237238  1.00000000000000000
  0.00257810680920510  0.00422161103553731  0.00526828247343557  0.00619906138199732
  0.00715957729655321  0.00812469649668011  0.00908645847754100  0.00998012319763477
  0.01080619510013507  0.01161814480148784  0.01241684613556275  0.01321434089952835
  0.01403860846546845  0.01487756784789350  0.01576523910631365  0.01662278955570239
  0.01748584678862946  0.01834312374070687  0.01917642315614732  0.01997944875910505
  0.02076750364443736  0.02170391112844093  0.02269133669648283  0.02358968115633047
  0.02441526184012467  0.02524450891817513  0.02611789407170234  0.02705777923810943
  0.02804403443971420  0.02908183436151572  0.03019689592050815  0.03130326134227748
  0.03233473303644945  0.03337534526466476  0.03442367792820879  0.03553437943644513
  0.03674363520027982  0.03810884230050181  0.03945547984229703  0.04046905487337634
  0.04136353373796194  0.04214425897570035  0.04295470925026292  0.04379344080310033
  0.04456348352619072  0.04533363009244536  0.04624768587027158  0.04736800547358903
  0.04873753821350557  0.05006639060046453  0.05138559708641022  0.05286777203603372
  0.05442505401674799  0.05567763020648926  0.05675007188566854  0.05792381690791815
  0.05905122101199008  0.06026037119052900  0.06190264140023893  0.06401349572904572
  0.06672053442516888  0.06906048703827161  0.07136419757696573  0.07376877409072517
  0.07757581818138934  0.08057849002150703  0.08215734116672939  0.08373619231195174
  0.08550815956746070  0.08728282667681422  0.08887534863665902  0.09027744881646962
  0.09167954899628022  0.09569099575854496  0.09953822236296747  0.10295659343027500
  0.10694228500903127  0.11157507939970293  0.11802496853060075  0.12743802172723512
  0.13476657901864458  0.14032298811049404  0.14554984204170651  0.15530048466775159
  0.16812463077247911  0.18047153056517257  0.19272356940621199  0.22537542158725316
  0.24722572278655441  0.25293872071392282  0.25888793816067851  0.27161544693712492
  0.31523060596984503  0.40610156678155429  0.67587151818373215  1.00000000000000000
 -0.00182617583952821  0.00958517721368099  0.01947140208110502  0.03142248861663318
  0.04436506710181036  0.05648766280366159  0.07167133135705227  0.08721520069948414
  0.09868315092672224  0.10845094988019247  0.11878743237978366  0.12873549584741514
  0.14179200549224011  0.15595389986090108  0.16934633583957634  0.18185140228167854
  0.19402668153169950  0.20693889062923601  0.21946392470927240  0.23186600001448193
  0.24331668454069966  0.25392582310891698  0.26389284538433760  0.27321944249144348
  0.28068859191257611  0.28827698661934920  0.29600528961757422  0.30455321822636799
  0.31346823379783867  0.32226723000544449  0.33123037925648979  0.33973148537303444
  0.34821213701847659  0.35698949259492335  0.36596290625228756  0.37512175672187503
  0.38415305796024585  0.39308942314708872  0.40192935584950112  0.41089674991164515
  0.42046342419659938  0.43139901036912243  0.44095139720535598  0.45072180407839652
  0.46001864615969329  0.46902788867680734  0.47792179401192963  0.48655390808609345
  0.49522832672891365  0.50453728993560254  0.51331701455402878  0.52095545875739824
  0.52825486363242735  0.53578850611384088  0.54111737072149246  0.54814215900412322
  0.55529719303813962  0.56173619043204259  0.57120832287137890  0.58022138133990564
  0.58937591382547294  0.59894355468396676  0.60896286371646668  0.61928512553018600
  0.62874485774591671  0.63762060137501875  0.64640706808603510  0.65606341086258912
  0.66693714251486436  0.67733687607052595  0.68821390329776833  0.69878798450958490
  0.70956674347475968  0.71962642244758002  0.72945486599628495  0.74011862361711145
  0.75145760704745235  0.76292104114249149  0.77302834796346676  0.78268252255976345
  0.79348305773510341  0.80460460954423774  0.82023127594385215  0.83517920289278302
  0.85032703946457044  0.86470224097186521  0.87869875530082464  0.89188868483934669
  0.90633139083044445  0.91859402588692873  0.93046843034668669  0.94352896756715243
  0.95744426354947720  0.97069709807251658  0.98506366569096426  1.00000000000000000
  0.39639723640628577  0.57309872675903384  0.59423188764045143  0.61171552671132901
  0.62586228931681009  0.63859129121364622  0.65063625275785675  0.66176237739832144
  0.67126439233695190  0.68068630316353729  0.69020076614567771  0.69898491497349924
  0.70730947633074270  0.71583871245049313  0.72420954323657016  0.73161752894091525
  0.73869984354870766  0.74588118837966755  0.75361976527143160  0.76151629214438987
  0.76936183578189332  0.77637705519337907  0.78302756848041988  0.78946290409341835
  0.79579721219846644  0.80193969162897016  0.80793456599490732  0.81376211365599360
  0.81960787648684430  0.82534667367826708  0.83083269743142230  0.83590616664001594
  0.84053226801562886  0.84538821094915706  0.85011399194942339  0.85471448431484220
  0.85851633173624053  0.86217958577394238  0.86585489883515665  0.86977002267860792
  0.87356114122997830  0.87708465061742080  0.88044704303314603  0.88374915935235221
  0.88700961025232483  0.89017023116626715  0.89334743100041680  0.89638973173101766
  0.89919062494316049  0.90199476969166026  0.90459720674209443  0.90712647160610660
  0.90958902156906341  0.91193508282730429  0.91424728773019737  0.91654950005454361
  0.91882342819285046  0.92110259143963880  0.92335133135016090  0.92572524640208798
  0.92812082918996675  0.93049120360948534  0.93282708542627002  0.93507350766916786
  0.93724672939710096  0.93939342378780288  0.94138779481568724  0.94331453994493131
  0.94523394097005886  0.94717910821534856  0.94914694731614735  0.95105170546232809
  0.95295874032981587  0.95477485267558238  0.95639233340275465  0.95793501327508002
  0.95956913996468385  0.96136911285005899  0.96329829051076765  0.96528003440572330
  0.96721112951970056  0.96906097156192117  0.97092794233595370  0.97262717010240329
  0.97436230546987945  0.97593710763758934  0.97748453168822935  0.97908138518021448
  0.98069027588048385  0.98252944923422381  0.98463106526565247  0.98697096487546920
  0.98978823275228034  0.99279420528100371  0.99615630445125436  1.00000000000000000
   4.7004683194140280E-008  -1.0000000000000000     
 F F F F F F F F F F F F F F F F F F F F F F F F F F F F F F F F F F F F F F F F F F F F F F F F F F F F F F F F F F F F F F F F
  <DiscreteSampler_grid>
  grouped_processes
  1 # 1 for a reference and 2 for a running grid.
  10 # Attribute 'min_bin_probing_points' of the grid.
  1 # Attribute 'grid_mode' of the grid. 1=='default',2=='initialization'
  0.0000000000000000 # Attribute 'small_contrib_threshold' of the grid.
  0.5000000000000000 # Attribute 'damping_power' of the grid.
 # binID   n_entries weight   weight_sqr   abs_weight
    10   10   1.783509877749918E+002   1.047867201200796E+005   1.783509877749918E+002
  </DiscreteSampler_grid>
