  0.05425375146311132  0.12882985842375058  0.13265971684750119  0.13648957527125177
  0.14031943369500235  0.14414929211875294  0.14831038059444657  0.15273141901209972
  0.15715245742975287  0.16157349584740605  0.16599453426505920  0.17050407125505956
  0.17502947494262874  0.17955487863019792  0.18408028231776710  0.18846456738488676
  0.19241239414529512  0.19636022090570346  0.20030804766611179  0.20425587442652013
  0.20820370118692849  0.21215152794733688  0.21609935470774524  0.22004718146815364
  0.22399500822856203  0.22794283498897042  0.23310380100424541  0.23880980407152735
  0.24451580713880930  0.25369699719139405  0.34880117515312026  0.44390535311484641
  0.50048773070610952  0.50167680492953959  0.50286587915296954  0.50405495337639949
  0.50524402759982945  0.50643310182325940  0.50762217604668936  0.50881125027011942
  0.51000032449354937  0.51118939871697933  0.51237847294040928  0.51356754716383923
  0.51475662138726919  0.51594569561069914  0.51713476983412920  0.51832384405755916
  0.51951291828098911  0.52070199250441906  0.52189106672784902  0.52308014095127908
  0.52426921517470904  0.52545828939813899  0.52664736362156894  0.52783643784499901
  0.52902551206842896  0.53021458629185891  0.53140366051528898  0.53259273473871893
  0.53378180896214888  0.53497088318557884  0.53615995740900890  0.53734903163243886
  0.53853810585586881  0.53972718007929887  0.54091625430272883  0.54210532852615878
  0.54329440274958873  0.54448347697301869  0.54567255119644875  0.54686162541987871
  0.54805069964330866  0.54923977386673861  0.55042884809016857  0.55161792231359852
  0.55280699653702858  0.55399607076045854  0.55518514498388849  0.55637421920731844
  0.55756329343074840  0.55875236765417835  0.55994144187760830  0.56113051610103837
  0.56231959032446832  0.64317470539415900  0.73827888335588521  0.83338306131761131
  0.92848723927933763  0.96286576852023875  0.96947113442747146  0.97607650033470406
  0.98230551160754820  0.98820367440503187  0.99410183720251555  1.00000000000000000
  0.03454213660247354  0.13046346693337971  0.13592693386675944  0.14139040080013915
  0.14698707206931733  0.15316365311613153  0.15934023416294571  0.16551681520975992
  0.24915078617865372  0.29581198428034355  0.30295276423382883  0.31009354418731411
  0.31723432414079938  0.32437510409428472  0.33151588404776999  0.33865666400125533
  0.34579744395474066  0.35293822390822605  0.35524975643976325  0.35655788645407210
  0.35786601646838095  0.35917414648268980  0.36048227649699865  0.36179040651130751
  0.36309853652561636  0.36440666653992515  0.36571479655423400  0.36702292656854285
  0.36833105658285170  0.36963918659716055  0.37094731661146940  0.37225544662577825
  0.37356357664008710  0.37487170665439595  0.37617983666870480  0.37748796668301365
  0.37879609669732250  0.38010422671163135  0.38141235672594020  0.38272048674024906
  0.38402861675455791  0.38533674676886676  0.38664487678317561  0.38795300679748446
  0.38926113681179331  0.39056926682610216  0.39187739684041101  0.39318552685471986
  0.39449365686902871  0.39580178688333756  0.39707123299270697  0.39833972316005506
  0.39960821332740321  0.40087670349475130  0.40214519366209944  0.40341368382944753
  0.40468217399679568  0.40595066416414377  0.40721915433149192  0.40848764449884001
  0.40975613466618810  0.41102462483353625  0.41229311500088434  0.41356160516823248
  0.41483009533558057  0.41609858550292872  0.41849733169089237  0.42181279532852289
  0.42512825896615347  0.42844372260378399  0.43175918624141457  0.43507464987904509
  0.43839011351667567  0.44170557715430619  0.44502104079193677  0.44833650442956730
  0.45165196806719787  0.45496743170482840  0.45828289534245897  0.46218766550599150
  0.46610153925411762  0.47001541300224381  0.47392928675036994  0.47784316049849612
  0.50338923441299266  0.51081706727184550  0.51824490013069846  0.52517079808509137
  0.53182822782760686  0.53848565757012234  0.59459140172264013  0.69594355129197594
  0.79729570086131174  0.89864785043064743  0.92910787274563689  1.00000000000000000
  0.00002915755553213  0.00002975984397810  0.00003036213242408  0.00003096442087005
  0.00003156670931602  0.00003216899776199  0.00003294398632173  0.00003395378151005
  0.00003496357669837  0.00003597337188669  0.00003698316707501  0.00004931336055189
  0.00004982262759644  0.00005033189464100  0.00005084116168555  0.00005135042873010
  0.00005185969577466  0.00005236896281921  0.00005287822986376  0.00005338749690832
  0.00005389676395287  0.00005440603099742  0.00005491529804198  0.00005542456508653
  0.00005593383213108  0.00005644614044593  0.00005703064011763  0.00005761513978932
  0.00005819963946101  0.00005878413913270  0.00005936863880440  0.00005995313847609
  0.00006053763814778  0.00006112213781947  0.00006170663749117  0.00006229113716286
  0.00006287563683455  0.00006346013650625  0.00006404463617794  0.00006462913584963
  0.00006528099620870  0.00006595184241770  0.00006662268862670  0.00006729353483571
  0.00006796438104471  0.00006863522725371  0.00006930607346272  0.00006997691967172
  0.00007064776588072  0.00007131861208972  0.00007198945829873  0.00007266030450773
  0.00007333115071673  0.00007400199692574  0.00011004466758482  0.00019679523612614
  0.00020439370817875  0.00021199218023136  0.00021959065228396  0.00022769136469486
  0.00023641233823441  0.00024513331177396  0.00025385428531351  0.00026342116410726
  0.00027343046320726  0.00028343976230726  0.00029344906140725  0.00051487843329683
  0.00053996696201241  0.00056505549072799  0.00059059406163539  0.00061938885005601
  0.00064818363847662  0.00067744384576658  0.00071049240949815  0.00074354097322972
  0.00077781468952919  0.00082344199386484  0.00086906929820048  0.00091268538178934
  0.00095492371689246  0.00099716205199558  0.00103966358915686  0.00108244012299145
  0.00112521665682603  0.00116799319066062  0.00243280777628557  0.00516169289024361
  0.01095615809231715  0.02326113369784781  0.04886227637017165  0.05226091045863031
  0.05226091045864031  0.05226091045865031  0.05226091045866030  1.00000000000000000
  0.04888128836949671  0.05353555395151935  0.05818981953354199  0.06308887194583208
  0.07105424535411674  0.07901961876240138  0.13514316213488919  0.15207165530526107
  0.15896172608022860  0.16585179685519616  0.17274186763016366  0.17963193840513114
  0.18652200918009862  0.19341207995506612  0.20030215073003360  0.20719222150500108
  0.29209023686840407  0.29645674465751592  0.30082325244662778  0.30518976023573963
  0.30955626802485142  0.31392277581396327  0.31828928360307512  0.32265579139218697
  0.32702229918129883  0.33138880697041068  0.33575531475952258  0.34012182254863449
  0.34448833033774634  0.34885483812685825  0.35322134591597015  0.44271301996156903
  0.46305318740169726  0.46853003526272935  0.47400688312376149  0.47948373098479358
  0.48496057884582561  0.49043742670685769  0.49591427456788972  0.50139112242892181
  0.50686797028995378  0.51234481815098587  0.51782166601201796  0.57170150810743414
  0.60520715803478420  0.60666702439379294  0.60812689075280169  0.60958675711181043
  0.61104662347081917  0.61250648982982780  0.61396635618883655  0.61542622254784529
  0.61688608890685404  0.61834595526586278  0.61980582162487141  0.62126568798388015
  0.62272555434288890  0.62418542070189764  0.62564528706090639  0.62710515341991502
  0.62856501977892376  0.63002488613793250  0.63148475249694125  0.63294461885594999
  0.63440448521495862  0.63586435157396737  0.63732421793297611  0.63878408429198485
  0.64024395065099360  0.64170381701000223  0.64316368336901097  0.64462354972801972
  0.64608341608702846  0.64754328244603720  0.64900314880504595  0.65046301516405469
  0.65192288152306344  0.65338274788207218  0.65484261424108092  0.65630248060008967
  0.65776234695909830  0.65922221331810704  0.66068207967711579  0.66214194603612453
  0.66360181239513327  0.66506167875414202  0.66652154511315076  0.67412852555544001
  0.68241402455256861  0.69036774738324902  0.69779407749111055  0.70522040759897209
  0.77397415749666232  0.88698707874832705  0.97402358452479043  1.00000000000000000
  0.07492780288060502  0.12598515340850824  0.12697030681701649  0.12795546022552473
  0.12894061363403295  0.12992576704254119  0.13091092045104943  0.13189607385955768
  0.13288122726806592  0.13386638067657416  0.13485153408508238  0.13583668749359062
  0.13682184090209887  0.13780699431060711  0.13879214771911536  0.13977730112762360
  0.14076245453613184  0.14174760794464006  0.14273276135314830  0.14371791476165655
  0.14470306817016479  0.14568822157867303  0.14692044417863168  0.14819534638111909
  0.14947024858360652  0.15074515078609393  0.15202005298858137  0.15329495519106878
  0.15456985739355622  0.15584475959604363  0.15711966179853104  0.15839456400101848
  0.15966946620350589  0.16094436840599333  0.16221927060848074  0.16349417281096817
  0.16476907501345558  0.16604397721594302  0.22204392772408726  0.29427829158475577
  0.30159744316038029  0.30891659473600480  0.31623574631162932  0.32355489788725383
  0.33087404946287835  0.33819320103850292  0.34551235261412755  0.35283150418975212
  0.35739188682541034  0.36133672609854567  0.36528156537168094  0.36922640464481621
  0.37317124391795153  0.37711608319108680  0.38106092246422207  0.38500576173735740
  0.38895060101049267  0.39289544028362794  0.39684027955676326  0.40078511882989859
  0.40472995810303392  0.40867479737616924  0.41261963664930457  0.41656447592243989
  0.52092323571190746  0.52854414754628098  0.53616505938065440  0.54378597121502792
  0.55140688304940144  0.55902779488377485  0.56664870671814827  0.57426961855252168
  0.58189053038689520  0.58844628460523962  0.59475328753500956  0.60106029046477949
  0.60736729339454931  0.61367429632431914  0.61998129925408907  0.62628830218385889
  0.63259530511362871  0.63890230804339865  0.64520931097316847  0.74337096271896930
  0.85161875747445370  0.87890533133251270  0.88388660479568604  0.88886787825885927
  0.89384915172203261  0.89807921965104165  0.90181196274622411  0.90554470584140656
  0.90927744893658891  0.91301019203177136  0.91386932531992593  1.00000000000000000
  0.04640161593755092  0.05136798205394217  0.05633434817033342  0.06130071428672467
  0.06795375498615512  0.07514376450863230  0.08233377403110949  0.17111163532094242
  0.27306331972233167  0.37501500412372102  0.47696668852511037  0.52295538071574366
  0.52668002834500616  0.53040467597426866  0.53412932360353116  0.53785397123279366
  0.54157861886205616  0.54530326649131855  0.54902791412058105  0.55275256174984344
  0.55647720937910594  0.56020185700836833  0.56392650463763083  0.56765115226689322
  0.57137579989615572  0.57510044752541811  0.57882509515468061  0.58254974278394300
  0.66383644478416859  0.75072812831910574  0.75543000956929751  0.76013189081948929
  0.76483377206968095  0.76953565331987273  0.77379593610880859  0.77788788175863433
  0.78197982740845995  0.78607177305828557  0.79016371870811131  0.79425566435793693
  0.79834761000776255  0.80243955565758818  0.80653150130741380  0.81062344695723942
  0.81528509690557494  0.82042931609758918  0.82557353528960342  0.83071775448161767
  0.83672778338245790  0.84363338985039016  0.85053899631832230  0.85744460278625445
  0.86435020925418660  0.87125581572211874  0.91672587350857393  0.91793135149154170
  0.91913682947450959  0.92034230745747736  0.92154778544044513  0.92275326342341291
  0.92395874140638068  0.92516421938934845  0.92636969737231623  0.92757517535528400
  0.92878065333825188  0.92998613132121966  0.93119160930418743  0.93239708728715520
  0.93360256527012297  0.93480804325309075  0.93601352123605852  0.93721899921902629
  0.93818433837818938  0.93907668580009185  0.93996903322199443  0.94086138064389691
  0.94175372806579949  0.94264607548770196  0.94353842290960455  0.94443077033150702
  0.94532311775340960  0.94621546517531208  0.94710781259721466  0.94800016001911713
  0.94889250744101972  0.94978485486292230  0.95067720228482477  0.95156954970672736
  0.95246189712862983  0.95335424455053241  0.95424659197243489  0.95513893939433747
  0.95603128681623994  0.95692363423814253  0.95745128790537504  1.00000000000000000
  0.03168749411900843  0.03392820410302778  0.03616891408704714  0.03840962407106649
  0.04065033405508585  0.04458598435481732  0.04992857270838649  0.05527116106195564
  0.06061374941552480  0.10500365370031425  0.10861812232379127  0.11223259094726828
  0.11584705957074529  0.11946152819422230  0.12307599681769930  0.12669046544117632
  0.13030493406465335  0.13391940268813035  0.13753387131160735  0.14114833993508438
  0.14476280855856138  0.14837727718203841  0.15199174580551547  0.15560621442899253
  0.15922068305246959  0.16283515167594662  0.16644962029942367  0.26095403414115792
  0.36126500687981672  0.41926047007669676  0.42505407781752680  0.43084768555835684
  0.43664129329918688  0.44243490104001693  0.44822850878084697  0.45402211652167701
  0.45981572426250705  0.46560933200333721  0.47140293974416730  0.47719654748499740
  0.48360704622532752  0.49033540881494314  0.49706377140455882  0.50379213399417444
  0.51052049658379017  0.51724885917340579  0.52397722176302153  0.53070558435263726
  0.53743394694225299  0.57887339565643137  0.67918436839509011  0.75034123065579206
  0.75150172508287938  0.75266221950996659  0.75382271393705391  0.75498320836414112
  0.75614370279122844  0.75730419721831577  0.75846469164540298  0.75962518607249030
  0.76078568049957751  0.76194617492666483  0.76310666935375204  0.76426716378083936
  0.76542765820792669  0.76658815263501390  0.76774864706210122  0.76890914148918843
  0.77006963591627575  0.77113951570442751  0.77203499355921412  0.77293047141400073
  0.77382594926878745  0.77472142712357406  0.77561690497836067  0.77651238283314739
  0.77740786068793399  0.77830333854272060  0.77919881639750732  0.78009429425229393
  0.78098977210708054  0.78188524996186726  0.78278072781665387  0.78367620567144047
  0.78457168352622719  0.78546716138101380  0.78636263923580041  0.78725811709058713
  0.78815359494537374  0.78904907280016046  0.78994455065494706  0.79084002850973367
  0.79937805452267985  0.89968902726133848  0.93727612892786660  1.00000000000000000
  0.05251854260762536  0.17155686698518730  0.17644706730370785  0.18133726762222840
  0.18622746794074896  0.19166238583268796  0.19728891072829191  0.20291543562389586
  0.21263935932260231  0.31364649618176688  0.32182995653353075  0.33001341688529462
  0.33819687723705855  0.34638033758882247  0.35456379794058646  0.36274725829235033
  0.37093071864411420  0.43338377750189011  0.46389115118500907  0.47096973866759101
  0.47804832615017290  0.48512691363275473  0.49220550111533656  0.49928408859791840
  0.50636267608050023  0.51344126356308206  0.52051985104566389  0.52512037589791993
  0.52960607197516640  0.53409176805241299  0.53857746412965946  0.54306316020690593
  0.54754885628415240  0.55203455236139887  0.55652024843864534  0.56100594451589181
  0.56549164059313817  0.56997733667038464  0.57446303274763111  0.57894872882487758
  0.58595049820214207  0.70208091665296790  0.70975207239252724  0.71125154233156851
  0.71275101227060977  0.71425048220965104  0.71574995214869230  0.71724942208773357
  0.71874889202677483  0.72024836196581610  0.72174783190485736  0.72324730184389863
  0.72474677178293989  0.72624624172198127  0.72774571166102253  0.72924518160006380
  0.73074465153910495  0.73224412147814621  0.73374359141718748  0.73524306135622874
  0.73674253129527001  0.73824200123431127  0.73974147117335254  0.74124094111239380
  0.74274041105143507  0.74423988099047633  0.74573935092951760  0.74723882086855875
  0.74873829080760002  0.75023776074664128  0.75173723068568254  0.75323670062472381
  0.75473617056376507  0.75623564050280634  0.75773511044184760  0.75923458038088887
  0.76073405031993013  0.76223352025897129  0.76373299019801255  0.76523246013705382
  0.76673193007609508  0.76823140001513635  0.76973086995417761  0.80158055722013988
  0.89743697050598070  0.90594936197069120  0.91446175343540170  0.92297414490011220
  0.93148653636482259  0.93999892782953298  0.94851131929424348  0.95702371075895387
  0.96793643245054650  0.97927524740476768  0.98963762370238373  1.00000000000000000
  0.40460764964421603  0.54677292637303687  0.55187918607940700  0.55698544578577713
  0.56209170549214726  0.56780435234650362  0.57356969957893711  0.57933504681137071
  0.61182883624100881  0.62865409661332583  0.63291130650107785  0.63716851638882976
  0.64142572627658179  0.64568293616433381  0.64994014605208583  0.65419735593983785
  0.65845456582758988  0.66271177571534190  0.66694658248291194  0.67088831499474355
  0.67483004750657516  0.67877178001840677  0.68271351253023826  0.68665524504206987
  0.69262285053564210  0.69914304842476005  0.70566324631387800  0.71218344420299606
  0.71870364209211413  0.72522383998123219  0.76591744314428334  0.79410278023629066
  0.79747203589750348  0.80084129155871642  0.80421054721992924  0.80757980288114217
  0.81094905854235511  0.81431831420356793  0.81768756986478086  0.82105682552599368
  0.82442608118720662  0.82779533684841944  0.83116459250963237  0.83453384817084530
  0.83790310383205824  0.84127235949327117  0.84464161515448399  0.84801087081569693
  0.85138012647690986  0.87024618023669831  0.93780023260208556  0.93888559463171462
  0.93997095666134367  0.94105631869097273  0.94214168072060178  0.94322704275023095
  0.94431240477986000  0.94539776680948906  0.94648312883911812  0.94756849086874717
  0.94865385289837623  0.94973921492800528  0.95082457695763434  0.95190993898726339
  0.95299530101689245  0.95408066304652150  0.95516602507615056  0.95625138710577962
  0.95733674913540867  0.95840188649757851  0.95923998988503612  0.96007809327249372
  0.96091619665995132  0.96175430004740892  0.96259240343486652  0.96343050682232401
  0.96426861020978161  0.96510671359723921  0.96594481698469681  0.96678292037215441
  0.96762102375961201  0.96845912714706961  0.96929723053452721  0.97013533392198481
  0.97097343730944241  0.97181154069690001  0.97264964408435761  0.97348774747181521
  0.97432585085927281  0.97516395424673041  0.97600205763418801  0.97684016102164550
  0.97767826440910310  0.97851636779656070  0.98103392521540334  1.00000000000000000
   9.5153178194884130E-013  -1.0000000000000000     
 F F F F F F F F F F F F F F F F F F F F F F F F F F F F F F F F F F F F F F F F F F F F F F F F F F F F F F F F F F F F F F F F
  <DiscreteSampler_grid>
  grouped_processes
  1 # 1 for a reference and 2 for a running grid.
  10 # Attribute 'min_bin_probing_points' of the grid.
  1 # Attribute 'grid_mode' of the grid. 1=='default',2=='initialization'
  0.0000000000000000 # Attribute 'small_contrib_threshold' of the grid.
  0.5000000000000000 # Attribute 'damping_power' of the grid.
 # binID   n_entries weight   weight_sqr   abs_weight
    10   10   3.576427523216068E+001   6.816745723568203E+003   3.576427523216068E+001
  </DiscreteSampler_grid>
