  0.00328025056571593  0.01499069559492273  0.02658716612223042  0.03728860546657780
  0.04879347673553740  0.06038287333395542  0.07278739583613496  0.08634464109081691
  0.09977276896625409  0.11328193184765434  0.12552681585941036  0.13513221237105033
  0.14382228866181868  0.14994471859302985  0.15679914656751501  0.16584289705423266
  0.17593232370860543  0.18569166970281553  0.19523113744805964  0.20506829562299883
  0.21461923129386742  0.22624147348952003  0.23129691855034853  0.23727406188486388
  0.24189763449162319  0.25097440621530859  0.26032813145196770  0.27021620460662577
  0.27933031953399839  0.28692879401274446  0.29454771855150658  0.30369774340411104
  0.31432746073854911  0.32331804938601327  0.33291814699463146  0.34423688753641879
  0.35883958789860931  0.37414518709508404  0.38706141256429361  0.40105736371378592
  0.41461009500196977  0.42884325662237882  0.44165094238141595  0.45383786083163663
  0.46481227882790160  0.47720105917077732  0.49200102439400617  0.50752046289807817
  0.52143013750886513  0.53221944184970404  0.54231717297789261  0.55252659671369297
  0.56313915299188799  0.57460907109994819  0.58564380573029717  0.59603359339216455
  0.60550397634627617  0.61138093790739367  0.61906884525767580  0.62719894163805612
  0.63484844756590730  0.64243105562229597  0.65150705206266257  0.66197772991119530
  0.67361460223163061  0.68545437003495269  0.69639584961294720  0.70730715536252509
  0.71959888787146742  0.73179993306726798  0.74275507324689227  0.75324681140066774
  0.76182126688408192  0.77219094322611592  0.78207122804287621  0.79186856890978607
  0.80148254005552333  0.81037849489078506  0.82214557139090738  0.83721545565602706
  0.85220902434211343  0.86573290765946065  0.87822324459277246  0.88703299666735891
  0.89320433671612121  0.89906497938368424  0.90475736477373936  0.91065530218747193
  0.91662463908371639  0.92869642254320262  0.93996351952819146  0.95034904651332208
  0.96130477117588220  0.97368386846287847  0.98597036954656159  1.00000000000000000
  0.00000982014024673  0.00001544043320360  0.00001743030494004  0.00002638731502710
  0.00003687066684363  0.00005254064878816  0.00008027563002545  0.00010900568516228
  0.00013896856265443  0.00017505036764186  0.00021847354107296  0.00031344426971656
  0.00043833728825574  0.00055785095167106  0.00067051496840684  0.00078811921243864
  0.00093399780234913  0.00109196574476317  0.00127301344490909  0.00149044663766799
  0.00175421218690313  0.00203047417529880  0.00229771455461622  0.00257511528916038
  0.00289430268759733  0.00325747730907120  0.00361849846313834  0.00396786831851758
  0.00429531141631475  0.00457353207154355  0.00484615115271034  0.00514074456818926
  0.00551622776792756  0.00585518467620159  0.00606097015322803  0.00627510555055239
  0.00648422731108281  0.00669708882305868  0.00690735498826080  0.00734886672271989
  0.00784904188879494  0.00822694878132056  0.00864832430279721  0.00908011205992451
  0.00949074143893964  0.00996516080305316  0.01047713288196486  0.01086621186565944
  0.01122694652065306  0.01156132013411891  0.01187805766840360  0.01220681468219878
  0.01257382234553324  0.01297566091674455  0.01334114174860555  0.01369427282999775
  0.01399133351540421  0.01432513613130873  0.01459617160654943  0.01489305514519922
  0.01525336512542996  0.01564939509478245  0.01607012051824615  0.01652126536488151
  0.01711288273014291  0.01776245368597560  0.01848079675965805  0.01922657168618116
  0.01994146749572496  0.02054810729895310  0.02096794355392055  0.02128453979732377
  0.02161121643918773  0.02194066481420397  0.02226294608738914  0.02263811347168271
  0.02318826372905232  0.02371704236883588  0.02433527613445963  0.02551211436363663
  0.02722012865340941  0.02891978791706178  0.03156113143258005  0.03496883363638214
  0.03736966957863287  0.03976119233881929  0.04262261728684975  0.04581563200009679
  0.04928952932860874  0.05300825796843760  0.05691457698367931  0.06112194464640310
  0.06661544808478759  0.09135443328741094  0.12457493865382419  1.00000000000000000
  0.00000776400354822  0.00001143644509069  0.00001657603120758  0.00002010114087003
  0.00002288284120556  0.00002628872517508  0.00003436415849459  0.00004658849194301
  0.00005727599514562  0.00006649578823617  0.00007786879431596  0.00009386143592553
  0.00011241274867420  0.00013110349733166  0.00014835214766788  0.00016759115460371
  0.00019053281818496  0.00021647094019859  0.00024301628886313  0.00026806461399435
  0.00029110044242709  0.00031120677548068  0.00033283972583632  0.00035634588534871
  0.00038025911303356  0.00040817298373501  0.00044074016615437  0.00046492441356354
  0.00048434954692585  0.00050335892928444  0.00052415204415510  0.00054934164724712
  0.00057626225259578  0.00059709979177016  0.00061668079517887  0.00063981673835958
  0.00066214108752185  0.00068462598487402  0.00071190285986371  0.00074109319063821
  0.00077109849639968  0.00080173913451796  0.00084382303901576  0.00089812180818145
  0.00095532206766978  0.00101105259412785  0.00107064927414505  0.00113097044756878
  0.00119177736140505  0.00125469166696528  0.00131848272961883  0.00139176899569486
  0.00147291034522475  0.00156702387754356  0.00166643409121294  0.00176432659340704
  0.00184180776862041  0.00191249485852316  0.00198581014142431  0.00206493775209332
  0.00215424485667676  0.00227120490908144  0.00244193166210928  0.00261937611869410
  0.00280409662067439  0.00300133150125200  0.00317874454264281  0.00336007312312001
  0.00354959785986116  0.00366634983632891  0.00378714907246469  0.00395514690644257
  0.00420457697598294  0.00446608885002703  0.00470505024765548  0.00493173957876816
  0.00521180106175314  0.00573819377578430  0.00683897851589055  0.00809996111152614
  0.00939990687797056  0.01050766277049153  0.01125354888154840  0.01210289333259544
  0.01290759156374864  0.01374517105493936  0.01524708159467339  0.01791505214239190
  0.02562253682963800  0.02852982270838612  0.03068229473118839  0.03392186198569360
  0.03871360189832576  0.04419697193766577  0.07350020106169718  1.00000000000000000
 -0.00218716409012438  0.01503266008748808  0.03212146293535785  0.05008697542390381
  0.06453924658356273  0.08072795970628398  0.09640370499386906  0.11215165611216810
  0.12825727549158292  0.14442486473962704  0.15979267208266312  0.17812293753169006
  0.20202088059371986  0.22692599721349579  0.24887883515709788  0.27066324571430433
  0.28841548204856110  0.30074813240742937  0.31006692524189106  0.31983302424632409
  0.32944992941942286  0.33681842754206814  0.34413136002025863  0.35176761455973771
  0.35983037508598098  0.36819844833532012  0.37464257768764614  0.38089854546951690
  0.38842410661157761  0.39883945841137819  0.40789933390154093  0.41755485506687434
  0.42921522324580896  0.44243272511934317  0.45598053710280084  0.46880542549164333
  0.48098115343890213  0.49326047197345380  0.50372985734986098  0.51388108316548875
  0.52368534381546994  0.52988966659117598  0.53662561180139212  0.54447861456259872
  0.55257301745133280  0.56070287864666901  0.56715840105238324  0.57358734297454128
  0.58065492802870422  0.59129958853317666  0.60033643357359268  0.60901843348500195
  0.61703031863299973  0.62461371397263998  0.63290571613788971  0.64179996938935524
  0.65039328016701425  0.65957868545559062  0.66912981535636185  0.67923762604613658
  0.69046444254409001  0.69978424787102911  0.70928459498369911  0.71840049521302007
  0.72698621751040493  0.73485205684751664  0.73958600969807498  0.74306110939188286
  0.74719505419987187  0.75132500238736388  0.75545629680268234  0.75945204060191229
  0.76594977404065567  0.77550659045517678  0.78463609889285801  0.79294294580557112
  0.79909910341992296  0.80503321394156280  0.81159142405243245  0.82068795743192102
  0.83253486310010349  0.84483684180430474  0.85586680915037883  0.86604822585214947
  0.87573229150534349  0.88514480631905446  0.89515828128465025  0.90654580302581289
  0.91792952506692249  0.93153225599641487  0.94317555535937769  0.95470732438881611
  0.96503820010891350  0.97591353567588046  0.98756786786324158  1.00000000000000000
 -0.00287491894892530  0.01418139858926249  0.02915803991538008  0.04322379503766355
  0.05335461630894261  0.05949102728094040  0.06579822039615746  0.07192122538754356
  0.07815734615752004  0.08435196963631993  0.09541389897734243  0.10872351180877469
  0.11890035548643106  0.12898959864335194  0.13912680013478257  0.15028929548305953
  0.16405213915220765  0.17574173892068060  0.18701859756500827  0.19690715006431561
  0.20371421617588401  0.20966000634261325  0.21600623021238310  0.22296731580260884
  0.23231634383435501  0.24279221358728542  0.25359607824117941  0.26560604458079751
  0.27903377436069643  0.29359161244258813  0.30706540490319895  0.31879619766671696
  0.33254741824506473  0.34554451998908181  0.35704252043217644  0.37145832604410195
  0.38279236827469021  0.39288734999833330  0.40345703457205789  0.41530110332777148
  0.42651398074933722  0.43549412301621138  0.44491264714830125  0.45455358033705362
  0.46451623391760943  0.47683060151192619  0.49165327589538149  0.50745075413728569
  0.52345560323416407  0.53789282893996915  0.55054057044142013  0.56215441814559197
  0.57486808111675902  0.58653818268272451  0.60020052522282485  0.61382474377914142
  0.62647048614546264  0.63489560595841732  0.64335153917171417  0.65170056108471108
  0.65789786325440880  0.66418167837290198  0.67002549637534226  0.67689186587125927
  0.68498351167053761  0.69679156177445611  0.70766315570180716  0.71866378607566306
  0.72807041085781699  0.73579846706056418  0.74464727959830634  0.75315339441402795
  0.75998535025569403  0.76697912552203640  0.77472408964983153  0.78340086854831781
  0.79312417309217653  0.80581234156351655  0.82141691908470138  0.83569532552227022
  0.84795637033479410  0.85956616917730777  0.86938869614118108  0.87695696737830275
  0.88525543933367701  0.89289191423282366  0.90108823120574455  0.91117644463553804
  0.92162231860877786  0.93087272003581223  0.93983989943713209  0.95018140626499770
  0.96192457242738372  0.97454399051026552  0.98630257950443367  1.00000000000000000
 -0.00231296629136739  0.01290497512438642  0.02516545654306316  0.03813132005904427
  0.05084133616387516  0.06187131810514774  0.07287866060902100  0.08549519733653639
  0.09913778121025231  0.11490532487269142  0.12772100265543834  0.14010341622641781
  0.15031411535500402  0.15952134510330321  0.16807533203816064  0.17636834101394017
  0.18429892571395712  0.19207988523781172  0.20249561835934887  0.21207661955333287
  0.22185003201386291  0.23209506799112548  0.24278151312011964  0.25466880215708365
  0.26458928061190429  0.27327172103287362  0.28118907831076867  0.29048565384441716
  0.30137241796920200  0.31039998409274000  0.31559612080297395  0.32144563067957177
  0.32725079119630168  0.33264185649007971  0.33850032871887853  0.34779400492647822
  0.35925778120217261  0.37406403260111193  0.38784940858194294  0.39981919372542146
  0.41139466246572720  0.42244072019075768  0.43510586107120330  0.45041225304488502
  0.46585314011311774  0.47950756321723309  0.49312454286100277  0.50741742713285221
  0.52172097136414697  0.53528318897262206  0.54740224310047381  0.55967552957909683
  0.57080218467079313  0.58112010069400299  0.59087235510648983  0.60077064164745697
  0.61067895480094692  0.62134614505121877  0.63203275571903095  0.64393643911906318
  0.65803811596511008  0.66883455829772198  0.67494813043565505  0.68113366159688715
  0.68787036627852627  0.69566015645979251  0.70349738880426338  0.71067387430060014
  0.71898159126544248  0.72830046086174405  0.74385717688821773  0.75311418808289587
  0.76137972506702090  0.76921951112244913  0.77727840561273642  0.78551889131406538
  0.79284948327081450  0.80101905230695425  0.80928374979406204  0.81724485599905627
  0.82786416623940462  0.84171540411972168  0.85591336850796140  0.86745720367857426
  0.87660715290495372  0.88508730278325110  0.89310499584197867  0.90018821808671434
  0.90765140948333789  0.91596638508268791  0.92446873875063429  0.93760057492489302
  0.95146415452442867  0.96567712167833608  0.98188966461254223  1.00000000000000000
 -0.00152925408142253  0.00848235913706028  0.01441663946414167  0.01926158503250600
  0.02414632172345493  0.02864540330168591  0.03258638231552385  0.03595223480547322
  0.03923495124207527  0.04188981478085902  0.04321882941970270  0.04489452812052803
  0.04673550942372962  0.04857155515113290  0.05005069813343726  0.05137488764616141
  0.05262033777352422  0.05377082715807644  0.05467165077294879  0.05554179625099154
  0.05640701642978255  0.05737979488123081  0.05850195679374208  0.05961426279333826
  0.06068994535836145  0.06179396537666122  0.06288550376906986  0.06401879365945630
  0.06539316169990914  0.06684636814508715  0.06804013052322723  0.06917623256876669
  0.07044885684386763  0.07217937881758528  0.07385081153353323  0.07528939921155704
  0.07651581441460578  0.07752520838022060  0.07863861565265312  0.07979633869127466
  0.08077440226165084  0.08172946837036822  0.08269908432283901  0.08426067183358738
  0.08603250961185549  0.08728473607659118  0.08858041306478644  0.09049983589577752
  0.09186928410546627  0.09295846325622421  0.09402206131976262  0.09520518356605891
  0.09617708697767206  0.09702563128443494  0.09780292345942269  0.09880135619561790
  0.09976092107866361  0.10106404116318893  0.10234141626900223  0.10324066112160214
  0.10700333563588621  0.11331521113256601  0.11683340405634927  0.11953774447992746
  0.12216118791721035  0.12484989497741343  0.12762849461371414  0.13059819589035648
  0.13432014554925384  0.13830173468261397  0.14098421001768591  0.14230055077229931
  0.14707647717415859  0.16228871421929930  0.17218362540627324  0.17824420087486448
  0.18435975948022651  0.19065025495881066  0.19841017412777118  0.20959106230385885
  0.22336923898960925  0.24299198963413474  0.26118148901567473  0.26945416767290203
  0.27787893512432355  0.29437454539344377  0.31087015566256399  0.32736576593168421
  0.34505229010497063  0.36376455423899468  0.38247681837301878  0.40048540898536666
  0.40627946777744373  0.41207352656952079  0.42096256793665759  1.00000000000000000
 -0.00230239777549329  0.00748852982000856  0.01760997075615255  0.02797685418494033
  0.04206314938055844  0.05655697997140085  0.06866634693738276  0.07578498366843781
  0.08346468818241937  0.09041546988749587  0.09974196782319281  0.11032507489509609
  0.12008758963718920  0.12799516404933103  0.13432444561220216  0.14032717122325530
  0.14613265784386251  0.15138762734739800  0.15703268765459230  0.16413169681492856
  0.17106246929785751  0.17686211131527402  0.18160727712539793  0.18920170469935760
  0.20233554726761707  0.21690533299873496  0.23189723394094552  0.24697533464935570
  0.26208491170802878  0.27784783727275975  0.29488141428576387  0.31209836653117967
  0.32889099760182805  0.34398082762370535  0.35914275827310971  0.37107474018012160
  0.38448430720741422  0.39677124892604598  0.40848441040102224  0.42055131497638770
  0.43365298602416463  0.44685328805056579  0.45927909954239948  0.47279691247517369
  0.48702802002639950  0.50305926576663795  0.52179718688919596  0.54094205472342638
  0.56049109865200009  0.57594428744687576  0.59047494443993498  0.60240684379325338
  0.61381859359592483  0.62513377709684692  0.63904046521794822  0.65881176980834399
  0.67461772992318370  0.68569666670386142  0.69554078733842561  0.70388885668482004
  0.71148407518046264  0.71808939531534965  0.72731993248490368  0.73826069984388620
  0.75079984143882728  0.76136347095731816  0.77096311917443172  0.78077640626151001
  0.79064121168554280  0.79994786863492751  0.80932550697959660  0.82166396456296253
  0.83558959738307947  0.84488666341756924  0.85373843310126096  0.86269634937173922
  0.87184604063556137  0.88113412801123081  0.89032299310032537  0.89925789014730684
  0.90735738510734987  0.91527723719882148  0.92251392665121090  0.92639100224293869
  0.93065700375705773  0.93519342213338952  0.93970223437693456  0.94548023703026629
  0.95094574255049713  0.95637601257489779  0.96259649727176400  0.96889772424987042
  0.97617033255619812  0.98416474462302361  0.99224821466300717  1.00000000000000000
  0.39297775271673502  0.63544632173850613  0.69501716179327810  0.74194724432961079
  0.78108881866348467  0.81109852819731287  0.83575510167541467  0.85682582052212886
  0.87300065290490003  0.88576400787822518  0.89759541695252698  0.90766367582159535
  0.91663950672343053  0.92364328594687328  0.92973710266717535  0.93596439257388209
  0.94140477553766511  0.94626042989369064  0.95064051031871222  0.95442012737810289
  0.95807415443210087  0.95977756734677988  0.96148935948506209  0.96327894991289842
  0.96500217981375103  0.96652140139187959  0.96793047242324304  0.96933880802368944
  0.97081082490877202  0.97228102145463202  0.97369456314768688  0.97498956038529261
  0.97622304659437398  0.97742522578075020  0.97848772969518705  0.97940586073120339
  0.98022391123830155  0.98112112439682175  0.98200910536832642  0.98286117711310905
  0.98358239534867442  0.98423933510207551  0.98489348284302969  0.98554595910759490
  0.98626514087454831  0.98694188801695681  0.98751690190270458  0.98802816276408556
  0.98854804127378981  0.98909161529382050  0.98965543999960781  0.99021236977240457
  0.99073867522740955  0.99123617786805729  0.99171678117499495  0.99218613121657506
  0.99263523338262449  0.99304897780360191  0.99336086245614830  0.99368166473875019
  0.99398709339784241  0.99427315717561460  0.99456181758456841  0.99481894595401299
  0.99506566687752751  0.99530799311886076  0.99554514420422613  0.99577040431339336
  0.99598478246532984  0.99619007581134877  0.99638431131169247  0.99656554117823148
  0.99673588552850223  0.99691585021676021  0.99709509650487793  0.99727047376751032
  0.99741633044921252  0.99755086679628424  0.99768484806732083  0.99781848848144528
  0.99795178279860242  0.99807626021473872  0.99820170900568872  0.99833902419251508
  0.99848061187231096  0.99862777501426947  0.99878145736779300  0.99893756536964318
  0.99909600092095119  0.99921522222670722  0.99932064907744711  0.99943210295042073
  0.99954621584560033  0.99966288251253410  0.99978017289508347  1.00000000000000000
   1.1054558380515122E-006  -1.0000000000000000     
 F F F F F F F F F F F F F F F F F F F F F F F F F F F F F F F F F F F F F F F F F F F F F F F F F F F F F F F F F F F F F F F F
  <DiscreteSampler_grid>
  grouped_processes
  1 # 1 for a reference and 2 for a running grid.
  10 # Attribute 'min_bin_probing_points' of the grid.
  1 # Attribute 'grid_mode' of the grid. 1=='default',2=='initialization'
  0.0000000000000000 # Attribute 'small_contrib_threshold' of the grid.
  0.5000000000000000 # Attribute 'damping_power' of the grid.
 # binID   n_entries weight   weight_sqr   abs_weight
    10   10   7.587444217691709E+001   3.165726279528294E+004   7.587444217691709E+001
  </DiscreteSampler_grid>
