  0.03493747307107390  0.21072442679902093  0.21311552026470862  0.21550661373039631
  0.21789770719608398  0.22028880066177167  0.22267989412745934  0.22507098759314703
  0.22746208105883470  0.22999425159228301  0.23287671373062435  0.23575917586896566
  0.23864163800730698  0.24152410014564829  0.24440656228398963  0.24728902442233094
  0.25621405679416925  0.29260475129345931  0.29402484710973936  0.29544494292601942
  0.29686503874229953  0.29828513455857958  0.29970523037485963  0.30112532619113974
  0.30254542200741980  0.30396551782369985  0.30538561363997996  0.30680570945626001
  0.30822580527254012  0.30964590108882017  0.31106599690510023  0.31248609272138034
  0.31390618853766039  0.31532628435394044  0.31674638017022055  0.31816647598650061
  0.31958657180278066  0.32100666761906077  0.32242676343534082  0.32384685925162093
  0.32526695506790099  0.32668705088418104  0.32810714670046115  0.32952724251674120
  0.33094733833302131  0.33236743414930137  0.33378752996558142  0.33520762578186153
  0.33662772159814164  0.33804781741442169  0.33946791323070180  0.34088800904698185
  0.34230810486326196  0.34372820067954207  0.34514829649582213  0.34656839231210224
  0.34798848812838235  0.34940858394466240  0.35082867976094251  0.35224877557722262
  0.35366887139350267  0.42200318592890379  0.46137178029498283  0.46603071095948612
  0.47068964162398941  0.47534857228849270  0.48000750295299593  0.48466643361749917
  0.48932536428200246  0.49398429494650570  0.49864322561100893  0.50330215627551211
  0.50796108694001540  0.51262001760451859  0.51727894826902188  0.54559649781269037
  0.65004656879479783  0.67240988154664705  0.67923988707478833  0.68606989260292972
  0.69269435317954875  0.69926437729302227  0.70583440140649567  0.71240442551996908
  0.71897444963344259  0.72554447374691611  0.73403906808778108  0.74489850769728450
  0.79293267711990301  0.80257403372547820  0.81221539033105350  0.81724974962406483
  0.82214397517306803  0.82412291259150161  0.82412291259151160  1.00000000000000000
  0.00002908261338606  0.00003062714874215  0.00003217168409825  0.00003434981847849
  0.00003670974408750  0.00006103151702366  0.00011807731647967  0.00022824612616492
  0.00034709528623391  0.00036887289192366  0.00038957162930248  0.00040125043650380
  0.00041292924370513  0.00042460805090646  0.00043628685810778  0.00044830184258073
  0.00046170592801674  0.00047511001345275  0.00048851409888876  0.00050191818432476
  0.00051599496210364  0.00053177708973200  0.00054755921736036  0.00056334134498872
  0.00057912347261708  0.00068258421901439  0.00071319963471155  0.00074381505040870
  0.00077458702970566  0.00080972517700010  0.00084486332429454  0.00088000147158898
  0.00091920522647917  0.00095953423613559  0.00099986324579201  0.00145059980458307
  0.00267619867486690  0.00272689946996897  0.00277760026507104  0.00282830106017311
  0.00287900185527517  0.00292970265037724  0.00298040344547931  0.00303110424058138
  0.00307446802542593  0.00309929104406010  0.00312411406269426  0.00314893708132843
  0.00317376009996259  0.00319858311859676  0.00322340613723092  0.00324822915586509
  0.00327305217449925  0.00329787519313342  0.00332269821176758  0.00334752123040175
  0.00337234424903591  0.00339716726767008  0.00342199028630424  0.00344681330493841
  0.00347163632357257  0.00349645934220674  0.00352120065979084  0.00354316420066218
  0.00356512774153352  0.00358709128240487  0.00360905482327621  0.00363101836414755
  0.00365298190501890  0.00367494544589024  0.00369690898676158  0.00371887252763292
  0.00374083606850427  0.00376279960937561  0.00378476315024695  0.00380672669111830
  0.00382869023198964  0.00385065377286098  0.00387261731373232  0.00389458085460367
  0.00391654439547501  0.00393850793634635  0.00396047147721770  0.00398243501808904
  0.00400439855896038  0.00402636209983172  0.00509837053497586  0.00986844857432656
  0.01908549030653424  0.03687845920752705  0.07141941985786639  0.07968489784965323
  0.07968489784966323  0.07968489784967324  0.07968489784968324  1.00000000000000000
  0.00003625461938922  0.00003657284911335  0.00003689107883749  0.00003720930856163
  0.00003853317692100  0.00004039002310874  0.00004224686929648  0.00007077834463503
  0.00013077417401804  0.00014105186480427  0.00015181832082086  0.00016361430674722
  0.00017622612622941  0.00018976470088290  0.00019745836883978  0.00020148420584322
  0.00020551004284667  0.00020953587985011  0.00021356171685356  0.00021758755385700
  0.00022161339086045  0.00022591250625679  0.00023053306914608  0.00023515363203537
  0.00023977419492465  0.00024439475781394  0.00024901532070323  0.00025363588359252
  0.00025846434540067  0.00026376749140375  0.00026907063740683  0.00027437378340991
  0.00027967692941300  0.00028498007541608  0.00029028322141916  0.00029627940293466
  0.00030621358181728  0.00031614776069990  0.00032608193958252  0.00033601611846514
  0.00034685259801131  0.00035796486372827  0.00036907712944522  0.00038018939516217
  0.00039174154751950  0.00040449539784770  0.00041724924817590  0.00043000309850410
  0.00044275694883230  0.00046992982805103  0.00050140905923403  0.00058998051394215
  0.00059586570765144  0.00060175090136072  0.00060763609507001  0.00061352128877929
  0.00061940648248858  0.00062529167619786  0.00063117686990715  0.00063706206361643
  0.00064294725732572  0.00064883245103500  0.00065471764474429  0.00066060283845357
  0.00066648803216286  0.00067237322587214  0.00067778342518310  0.00068303766955333
  0.00068829191392355  0.00069354615829378  0.00069880040266401  0.00070405464703424
  0.00070930889140446  0.00071456313577469  0.00071981738014492  0.00072507162451514
  0.00073032586888537  0.00073558011325560  0.00074083435762583  0.00074608860199605
  0.00075134284636628  0.00075659709073651  0.00076185133510673  0.00076710557947696
  0.00077235982384719  0.00139787156922270  0.00290318125159043  0.00601932570440833
  0.01250426562932724  0.02598399871913924  0.02990786306823488  0.02990786306824488
  0.02990786306825488  0.02990786306826488  0.02990786306827488  1.00000000000000000
  0.03589576085408536  0.06965287957641660  0.07680575915283319  0.08402266636584954
  0.09190795921928450  0.09979325207271948  0.14411921628728114  0.17079949122360050
  0.17631984217780755  0.18184019313201460  0.18736054408622166  0.19288089504042871
  0.19840124599463577  0.20392159694884279  0.20944194790304987  0.21496229885725698
  0.22048264981146409  0.22600300076567120  0.26746304747898791  0.35716933303966514
  0.41768233534705190  0.42069839048453905  0.42371444562202626  0.42673050075951346
  0.42974655589700067  0.43276261103448788  0.43577866617197508  0.43856684209866770
  0.44105205228950850  0.44353726248034925  0.44602247267119005  0.44850768286203080
  0.45099289305287155  0.45347810324371235  0.45596331343455310  0.45844852362539390
  0.46093373381623470  0.46341894400707551  0.46590415419791631  0.46838936438875711
  0.47087457457959792  0.47335978477043866  0.47584499496127947  0.47833020515212027
  0.47984897546483368  0.48087744075058958  0.48190590603634553  0.48293437132210143
  0.48396283660785738  0.48499130189361328  0.48601976717936923  0.48704823246512513
  0.48807669775088108  0.48910516303663698  0.49013362832239293  0.49116209360814883
  0.49219055889390478  0.49321902417966068  0.49424748946541663  0.49527595475117253
  0.49630442003692848  0.49733288532268438  0.49836135060844033  0.49938981589419623
  0.50033803860979242  0.50116920432338341  0.50200037003697440  0.50283153575056549
  0.50366270146415648  0.50449386717774747  0.50532503289133857  0.50615619860492955
  0.50698736431852054  0.50781853003211164  0.50864969574570262  0.50948086145929372
  0.51031202717288471  0.51114319288647569  0.51197435860006679  0.51280552431365778
  0.51363669002724877  0.51446785574083986  0.51529902145443085  0.51613018716802184
  0.51696135288161293  0.51779251859520392  0.51862368430879502  0.51945485002238601
  0.52028601573597699  0.55146857219659917  0.64117485775727623  0.73088114331795340
  0.82058742887863034  0.89843418190083779  0.89958042303721097  1.00000000000000000
  0.00230192740758259  0.02179189028425052  0.02275044723516778  0.02370900418608503
  0.02466756113700229  0.02562611808791954  0.02658467503883680  0.02754323198975406
  0.02850178894067131  0.02946034589158857  0.03041890284250582  0.03137745979342308
  0.03233601674434033  0.03329457369525760  0.03425313064617485  0.03521168759709210
  0.03617024454800936  0.03712880149892661  0.03808735844984387  0.03904591540076113
  0.04000447235167838  0.04096302930259564  0.04198750877369448  0.04319394973667932
  0.04440039069966416  0.04560683166264901  0.04681327262563385  0.04801971358861869
  0.04922615455160353  0.05043259551458838  0.05163903647757322  0.05284547744055807
  0.05405191840354291  0.05525835936652775  0.05646480032951260  0.05767124129249744
  0.05887768225548229  0.06008412321846713  0.06129056418145198  0.06249700514443682
  0.06768966003974475  0.07289223489316100  0.07809480974657726  0.08329738459999352
  0.08849995945340983  0.09370253430682615  0.09890510916024246  0.10410768401365877
  0.20126066668951487  0.29946806402096959  0.39767546135242404  0.49588285868387877
  0.59409025601533338  0.60971634818955156  0.61590054967091212  0.62208475115227280
  0.62826895263363336  0.63445315411499392  0.64063735559635460  0.64682155707771516
  0.65300575855907583  0.65918996004043651  0.66537416152179718  0.74434860623324550
  0.75240620787889567  0.75495933683999650  0.75751246580109732  0.76006559476219815
  0.76261872372329897  0.76517185268439991  0.76772498164550074  0.77027811060660156
  0.77283123956770239  0.77538436852880321  0.77793749748990404  0.78049062645100498
  0.78304375541210580  0.78559688437320663  0.78815001333430756  0.79070314229540839
  0.79325627125650922  0.79580940021761004  0.79836252917871087  0.80091565813981169
  0.80346878710091252  0.80602191606201334  0.80857504502311417  0.81112817398421500
  0.81656878159716573  0.82536256660659924  0.83408077712759898  0.84206706391074337
  0.85005335069388777  0.90179260266854522  0.96373469034830717  1.00000000000000000
  0.05119186242421472  0.05646783886531490  0.06174381530641509  0.07159789621860702
  0.08221791784666828  0.08926865814253410  0.09590052451401337  0.10253239088549265
  0.10916425725697187  0.11579612362845110  0.12242798999993031  0.12750411705673270
  0.13159464839073340  0.13568517972473410  0.13977571105873482  0.14386624239273552
  0.14816545368437398  0.15265797977563142  0.15715050586688883  0.16164303195814628
  0.16613555804940372  0.17052756235623176  0.17490608967249177  0.17928461698875181
  0.18366314430501182  0.18866448244497241  0.19807741455067385  0.20749034665637528
  0.21690327876207682  0.22631621086777837  0.30189749106141173  0.40621943905971153
  0.51054138705801122  0.56388194606334141  0.56663515697325229  0.56938836788316316
  0.57214157879307403  0.57489478970298491  0.57764800061289578  0.58040121152280666
  0.58315442243271765  0.58590763334262852  0.58866084425253939  0.59141405516245038
  0.59416726607236126  0.59692047698227213  0.59967368789218312  0.60242689880209399
  0.60518010971200498  0.60793332062191585  0.61068653153182673  0.61343974244173760
  0.61619295335164848  0.61894616426155935  0.62169937517147023  0.62445258608138110
  0.70857988056491494  0.81290182856321469  0.91667380771592533  0.91801100918425327
  0.91934821065258121  0.92068541212090904  0.92202261358923698  0.92335981505756481
  0.92469701652589276  0.92603421799422070  0.92737141946254853  0.92870862093087647
  0.93004582239920441  0.93138302386753224  0.93272022533586019  0.93405742680418802
  0.93539462827251596  0.93673182974084390  0.93788830141175838  0.93880079480331213
  0.93971328819486588  0.94062578158641963  0.94153827497797338  0.94245076836952713
  0.94336326176108087  0.94427575515263462  0.94518824854418837  0.94610074193574212
  0.94701323532729587  0.94792572871884961  0.94883822211040347  0.94975071550195722
  0.95066320889351097  0.95157570228506472  0.95248819567661847  0.95340068906817221
  0.95431318245972596  0.95522567585127971  0.95577371517817178  1.00000000000000000
 -0.00385515305783065  0.00395321437007221  0.00790642874014442  0.01185964311021663
  0.01581285748028884  0.01976607185036106  0.02414348618825447  0.02867777498129138
  0.03321206377432830  0.03774635256736521  0.04245359032636040  0.04826513136792392
  0.05407667240948744  0.05988821345105095  0.11202492183347702  0.20197435904180061
  0.22999877460644580  0.23119143018799479  0.23238408576954381  0.23357674135109280
  0.23476939693264179  0.23596205251419078  0.23715470809573977  0.23834736367728879
  0.23954001925883778  0.24073267484038677  0.24192533042193576  0.24311798600348475
  0.24431064158503377  0.24550329716658276  0.24669595274813175  0.24788860832968074
  0.24908126391122976  0.25027391949277872  0.25146657507432774  0.25265923065587675
  0.25385188623742572  0.25504454181897473  0.25623719740052370  0.25742985298207272
  0.25862250856362173  0.25981516414517070  0.26100781972671971  0.26220047530826868
  0.26339313088981769  0.26458578647136671  0.26577844205291568  0.26697109763446469
  0.26816375321601366  0.26935640879756267  0.27054906437911169  0.27174171996066065
  0.27293437554220967  0.27412703112375869  0.27531968670530771  0.27651234228685673
  0.27770499786840575  0.27889765344995471  0.28009030903150373  0.28128296461305274
  0.28247562019460176  0.28366827577615078  0.28486093135769980  0.28605358693924876
  0.28724624252079778  0.28843889810234680  0.28963155368389581  0.29082420926544483
  0.31807842352180854  0.40802786073013231  0.49797729793845597  0.58792673514677962
  0.67787617235510345  0.68967498298505481  0.69211055112461417  0.69454611926417342
  0.69698168740373279  0.69941725554329204  0.70185282368285140  0.70428839182241065
  0.70672395996196991  0.70901758103643542  0.71103469851211376  0.71305181598779221
  0.71506893346347067  0.71708605093914901  0.71910316841482746  0.72112028589050581
  0.72313740336618426  0.72515452084186260  0.72717163831754106  0.73015168837501898
  0.79803264538447072  0.79803264538448071  0.79803264538449070  1.00000000000000000
  0.01558291514714553  0.12607992731220236  0.12715985462440474  0.12823978193660709
  0.12931970924880945  0.13039963656101181  0.13147956387321419  0.13255949118541654
  0.13363941849761890  0.13471934580982128  0.13579927312202364  0.13687920043422599
  0.13795912774642835  0.13903905505863073  0.14011898237083309  0.14119890968303545
  0.14227883699523780  0.14335876430744018  0.14443869161964254  0.14551861893184490
  0.14681693101098994  0.14820505970229644  0.14959318839360292  0.15098131708490942
  0.15236944577621592  0.15375757446752242  0.15514570315882889  0.15653383185013539
  0.15792196054144189  0.15931008923274836  0.16069821792405486  0.16208634661536137
  0.16347447530666787  0.16486260399797434  0.16625073268928084  0.16993289858572991
  0.17459652221419880  0.17926014584266772  0.18392376947113664  0.18858739309960554
  0.19325101672807446  0.19791464035654335  0.20257826398501227  0.20724188761348117
  0.21190551124195012  0.21656913487041909  0.22123275849888804  0.22589638212735699
  0.26152170368829530  0.36981674566914385  0.47811178764999240  0.48199689359703807
  0.48485496034897207  0.48771302710090608  0.49057109385284009  0.49342916060477410
  0.49628722735670816  0.49914529410864217  0.50200336086057618  0.50486142761251018
  0.50771949436444419  0.51057756111637820  0.51343562786831221  0.51629369462024621
  0.51915176137218022  0.52200982812411423  0.52486789487604835  0.52772596162798235
  0.53058402837991636  0.53344209513185037  0.53630016188378449  0.53915822863571849
  0.55491445277636731  0.66320949475721580  0.73185813382342590  0.73874257435479351
  0.74562701488616112  0.75251145541752862  0.75939589594889623  0.76628033648026384
  0.77316477701163144  0.78004921754299916  0.78693365807436688  0.82550956371817141
  0.88030591856812757  0.89007734152474671  0.89984876448136586  0.90962018743798512
  0.91939161039460426  0.92916303335122341  0.93911840719158801  0.95014289158932141
  0.95910332310037960  0.96209859918137641  0.96451765696207670  1.00000000000000000
  0.70644425948460887  0.77446055604423913  0.77808777875514501  0.78171500146605088
  0.78534222417695676  0.78896944688786275  0.79273193996026547  0.79688674781138713
  0.80104155566250890  0.80519636351363055  0.80935117136475221  0.81407806783971770
  0.82059566636124004  0.82711326488276227  0.83703188980454624  0.87654918690660899
  0.87946464430105142  0.88238010169549397  0.88529555908993651  0.88821101648437895
  0.89112647387882149  0.89404193127326392  0.89693896323484512  0.89980663066482702
  0.90267429809480892  0.90554196552479083  0.90840963295477284  0.91127730038475474
  0.91414496781473664  0.91678262480666839  0.91774377966991239  0.91870493453315638
  0.91966608939640038  0.92062724425964426  0.92158839912288826  0.92254955398613225
  0.92351070884937625  0.92447186371262013  0.92543301857586413  0.92639417343910813
  0.92735532830235212  0.92831648316559601  0.92927763802884000  0.93023879289208400
  0.93119994775532799  0.93216110261857188  0.93312225748181588  0.93408341234505987
  0.93504456720830387  0.93600572207154775  0.93696687693479175  0.93795765715180968
  0.93898533640175996  0.94001301565171036  0.94104069490166065  0.94206837415161093
  0.94309605340156133  0.94412373265151162  0.94515141190146190  0.94617909115141230
  0.94720677040136259  0.94823444965131287  0.94926212890126327  0.95028980815121356
  0.95131748740116384  0.95234516665111424  0.95337284590106453  0.95440052515101481
  0.95542820440096521  0.95645588365091549  0.95748356290086578  0.95851055305854438
  0.95953425180972562  0.96055795056090687  0.96158164931208812  0.96260534806326936
  0.96362904681445072  0.96465274556563196  0.96567644431681321  0.96670014306799446
  0.96772384181917570  0.96874754057035695  0.96977123932153819  0.97079493807271955
  0.97181863682390079  0.97284233557508204  0.97386603432626329  0.97488973307744453
  0.97591343182862578  0.97693713057980702  0.97796082933098838  0.97898452808216962
  0.98364763856645965  0.98909842571097317  0.99454921285548659  1.00000000000000000
   2.9257597843191875E-008  -1.0000000000000000     
 F F F F F F F F F F F F F F F F F F F F F F F F F F F F F F F F F F F F F F F F F F F F F F F F F F F F F F F F F F F F F F F F
  <DiscreteSampler_grid>
  grouped_processes
  1 # 1 for a reference and 2 for a running grid.
  10 # Attribute 'min_bin_probing_points' of the grid.
  1 # Attribute 'grid_mode' of the grid. 1=='default',2=='initialization'
  0.0000000000000000 # Attribute 'small_contrib_threshold' of the grid.
  0.5000000000000000 # Attribute 'damping_power' of the grid.
 # binID   n_entries weight   weight_sqr   abs_weight
    10   10   1.514236292096514E+004   2.091723530145983E+009   1.514236292096514E+004
  </DiscreteSampler_grid>
