  0.00283137361482796  0.01271163104578370  0.02422233584233830  0.03706750842222718
  0.04931069437004228  0.06152016107241281  0.07294631466842896  0.08367305998460380
  0.09285499501519183  0.10306973306647266  0.11394278449650617  0.12445565359644303
  0.13441074231852204  0.14422180391173048  0.15444632475180350  0.16507300651010953
  0.17619853732121749  0.18779974892568133  0.19920878781257209  0.21012355552281800
  0.22067331111046568  0.23118874860605138  0.24199435346875248  0.25270239109662695
  0.26294411863823813  0.27269059299996606  0.28236089709958412  0.29250653516104802
  0.30318425452436482  0.31439061964208626  0.32581030961618673  0.33734892589927251
  0.34870950717044746  0.35970663717929913  0.37040443516961752  0.38098850851155425
  0.39152089545047458  0.40165930329654342  0.41092524909665717  0.42006617746900787
  0.42945654074146122  0.43949982826720302  0.45023195205850491  0.46104921108638741
  0.47190963922827017  0.48259664719057410  0.49334451381940247  0.50429190080934949
  0.51551404040669180  0.52671227926128805  0.53808334290427395  0.54921916682303484
  0.56012098169541702  0.57061708660473054  0.58123666118976125  0.59225979876956647
  0.60332630984527114  0.61445247502195577  0.62562796504325435  0.63672039444181783
  0.64774578585727138  0.65911662019445927  0.67044204851798384  0.68164644063658708
  0.69258952640166982  0.70363138287205351  0.71496472610976547  0.72676633138973490
  0.73801629025554916  0.74903573387224454  0.75945950726088762  0.76995347498870237
  0.78024333927736933  0.79053582489003060  0.80067835301458601  0.81066961667556670
  0.82084892447439184  0.83136042421096956  0.84197632469727646  0.85229588567885883
  0.86255311531337786  0.87295644918049886  0.88350761237468189  0.89371702136027809
  0.90339035127668343  0.91355083924721803  0.92393052845485157  0.93466511326389357
  0.94448996928944839  0.95363764625199376  0.96264828268865776  0.97112977464608607
  0.97902139299186297  0.98587419099863816  0.99258187944564991  1.00000000000000000
  0.00009295668123758  0.00010502439817542  0.00012437526632941  0.00014494524109413
  0.00017032805781242  0.00020118612027448  0.00023454139641968  0.00026852742167280
  0.00030466531493285  0.00034517262651676  0.00039207187796006  0.00044125344100029
  0.00049344615335982  0.00054442177716885  0.00060099559043165  0.00066380412536313
  0.00073593577707606  0.00081025675069874  0.00088869154832567  0.00097224963521049
  0.00106113273347590  0.00115237408369615  0.00124707870885459  0.00134276052075425
  0.00144495321122658  0.00154915022863642  0.00166816110543980  0.00179230786113781
  0.00191549644124644  0.00203716271021119  0.00215500364122395  0.00227525743325176
  0.00240328564971877  0.00253821926615518  0.00268535336283756  0.00285281446096665
  0.00303403898928404  0.00320836833005579  0.00337130499106575  0.00353086962379484
  0.00370041328746069  0.00387592501715693  0.00406397187237945  0.00427008022920534
  0.00449116697251184  0.00472202308049254  0.00496037328473283  0.00520570967958049
  0.00546446767499714  0.00573220840304706  0.00600441934753842  0.00629346261733402
  0.00660803369656981  0.00694900532426527  0.00731381316064248  0.00768870530641369
  0.00807140692261950  0.00845352891975024  0.00884565504660549  0.00925617608179754
  0.00968334543807417  0.01013048310340861  0.01059715519776904  0.01106857157265494
  0.01152583146410242  0.01195979696940693  0.01248132856152822  0.01307569526715840
  0.01377340673485469  0.01455780313592002  0.01538205178750182  0.01624119858442681
  0.01714937296600065  0.01815769551129735  0.01933353450229272  0.02067844858232339
  0.02216456130796156  0.02372104166327105  0.02539877990227081  0.02720717336155970
  0.02913887595566816  0.03128193471066462  0.03384206534333969  0.03698460407656832
  0.04061819981079763  0.04449863294341538  0.04842052936982651  0.05285198209965084
  0.05820818734303469  0.06546736037451929  0.07445719716746887  0.08445272729193869
  0.09765046611284413  0.12417262062695528  0.36300677580599527  1.00000000000000000
  0.00007554773015007  0.00008216394400174  0.00008640947033331  0.00008999856367625
  0.00009350868637241  0.00009694383997895  0.00010053432082373  0.00010443394851470
  0.00010856078160597  0.00011279823768790  0.00011721928052281  0.00012085255931910
  0.00012462341166124  0.00012887657880112  0.00013399464417383  0.00013997713499891
  0.00014638990248702  0.00015326161857105  0.00016049182727131  0.00016791348468178
  0.00017540724870949  0.00018305286671437  0.00019114444122912  0.00019982737703074
  0.00020940456447913  0.00021881798183788  0.00022856839929053  0.00023851827434726
  0.00024914154533745  0.00026105570047354  0.00027418781863854  0.00028842128672012
  0.00030363952475828  0.00032009599238368  0.00033714586145238  0.00035417115681858
  0.00037198976053980  0.00039132917922104  0.00041218396387013  0.00043403035199280
  0.00045677608966368  0.00048026458291324  0.00050808472874585  0.00053808191596614
  0.00057089237284382  0.00060735482120551  0.00064576576966172  0.00068415857017430
  0.00072342511777169  0.00076776174376711  0.00081555675736611  0.00086606898733967
  0.00091892430107000  0.00097406622358281  0.00103186649100198  0.00109108009563778
  0.00115354863369102  0.00121758956782012  0.00128682857292813  0.00136773323260697
  0.00145449949107494  0.00155058276130380  0.00165659286017588  0.00177389556895505
  0.00190367740706621  0.00204302592126653  0.00218805962230373  0.00234671002655996
  0.00252440801947161  0.00271820483067621  0.00292874886986521  0.00315996491626026
  0.00341867066884129  0.00371403857989114  0.00403835555675625  0.00440115433456045
  0.00480729751889509  0.00525171779678587  0.00573265875979704  0.00625002936351178
  0.00681931167710601  0.00747085441112660  0.00824916407913741  0.00919700471186149
  0.01016036674422122  0.01118648934041325  0.01244568735838157  0.01402606309025641
  0.01581271019377876  0.01795162481690593  0.02087742356575037  0.02558924621506681
  0.03357966582825227  0.05483095958449610  0.37519476708503746  1.00000000000000000
 -0.00170120513248379  0.00496443576064926  0.01081847842169895  0.01645846258119208
  0.02241656163003800  0.02897373590603178  0.03525659450698797  0.04151552150813272
  0.04784292746548903  0.05454302727156831  0.06165179334631042  0.06907755427665768
  0.07656454040079458  0.08419968976775609  0.09189015130576228  0.09983030944207615
  0.10765335420856305  0.11533858740046074  0.12307291157296155  0.13109548295348575
  0.13944098580486039  0.14768345145898421  0.15563175518768047  0.16327117144836864
  0.17079952497886239  0.17852624078792256  0.18653831999954090  0.19459396934081477
  0.20260166106188537  0.21057898627823535  0.21864976000122324  0.22679313796672335
  0.23512604696880232  0.24393968277409742  0.25294398079471675  0.26231740100386614
  0.27155952513391612  0.28060780578364902  0.28949447831857411  0.29779014282871841
  0.30570790465341102  0.31395968123941403  0.32286823275464349  0.33217832827029298
  0.34142070644941086  0.35065672433434592  0.36021654238203782  0.36993972510984419
  0.37955046076021376  0.38909701626901538  0.39862547626210881  0.40836460075954212
  0.41806601170230517  0.42790107560773866  0.43817411512933307  0.44877939657165872
  0.45997992233919954  0.47160200039700340  0.48328525108496723  0.49540665843411802
  0.50763927284009280  0.51907278575878857  0.52956734699968977  0.53984835370369177
  0.55118843591051481  0.56341960718439144  0.57586444791049018  0.58826494800795459
  0.60071517466320379  0.61330728743310103  0.62628609098782984  0.63906244390634681
  0.65208229463276102  0.66564252538561253  0.67955738942706512  0.69377373708073198
  0.70717112014640693  0.72061260193496046  0.73416401786659402  0.74851547925995776
  0.76236532648737731  0.77632732350116485  0.79099386300275321  0.80683216832411331
  0.82251733386550618  0.83730806248197953  0.85156248754172426  0.86517074986407749
  0.88005654093443175  0.89618609584331776  0.91339379486070305  0.93076067388574468
  0.94727379762452069  0.96412034543185832  0.98219046881176375  1.00000000000000000
 -0.00245557680400329  0.00955291459131344  0.01935801101307588  0.03014225932013185
  0.04031597072135764  0.05081497252331627  0.06124138820114753  0.07217251173135274
  0.08289401398689915  0.09422361119051925  0.10545254522083249  0.11642273500412038
  0.12669101178917058  0.13703711555066381  0.14779459210440887  0.15865954375152780
  0.16919498107852904  0.17973869566286960  0.19040560307450455  0.20073637440405326
  0.21051875941198958  0.22032444450473715  0.23050705280888881  0.24136207991775741
  0.25292745398379740  0.26451293616990768  0.27612633837240391  0.28750837027890752
  0.29845924930705298  0.30918007152149279  0.31964520258624557  0.32991058693483133
  0.34030526303146225  0.35041903635250810  0.36135916400209656  0.37213783489525559
  0.38274628159242452  0.39324297771888550  0.40347256898262562  0.41387088896369517
  0.42460406202184475  0.43534860583033608  0.44648682640123755  0.45756220137417941
  0.46900800641121237  0.48040101037468469  0.49164791875061359  0.50313875331696534
  0.51452965830398711  0.52574003103287803  0.53633935049965842  0.54764204703667285
  0.55844410422068136  0.56806461394086949  0.57722141166631602  0.58727579540293995
  0.59748056443479813  0.60772956055370508  0.61777926516338577  0.62890835245521537
  0.64088485345972668  0.65163257557741650  0.66079466749934901  0.66953991866499063
  0.67827375138248236  0.68676704027353863  0.69558131380926902  0.70429524591657611
  0.71458597809741586  0.72592932159726409  0.73735752944633604  0.74944342640203887
  0.76128110295986862  0.77295491782284120  0.78439473767085344  0.79564722187061576
  0.80626448902155345  0.81730501168106628  0.82851427765120644  0.83953879048870250
  0.85043629590524705  0.86141286836654907  0.87227450798417405  0.88275113382213677
  0.89306979209572113  0.90274400889081985  0.91221605790299609  0.92153867281094393
  0.93091730885573820  0.94040535594514030  0.94976372154944944  0.95941214122000296
  0.96883892211455214  0.97853181806402378  0.98881697100487032  1.00000000000000000
 -0.00247523380274923  0.00975719999290175  0.02044669286937478  0.03119916709080592
  0.04106005581174130  0.05077363562439276  0.06089029572118476  0.07157664273937697
  0.08262018818151784  0.09403556440935049  0.10489134246180314  0.11495492041500495
  0.12496067590451336  0.13509801010997496  0.14484192710778290  0.15393448845294197
  0.16256184611569308  0.17174109562777951  0.18174420729303120  0.19228200588499864
  0.20331577976699769  0.21379567249083256  0.22389235540788022  0.23324277768339502
  0.24292568451407132  0.25248133173689580  0.26226025881566917  0.27200778566104744
  0.28251714825778801  0.29266470995004662  0.30254162854653960  0.31227897077023209
  0.32239369143498531  0.33299479626061107  0.34273195652896271  0.35314709174383180
  0.36403750188478839  0.37489674112041577  0.38514552602078028  0.39490160426165510
  0.40485580557331535  0.41512752864004787  0.42567864596892285  0.43656989471054636
  0.44711436459988380  0.45729986045475923  0.46721690177006941  0.47722523844562625
  0.48746244312116987  0.49758266899416609  0.50762871423143685  0.51810094729910561
  0.52922745170205121  0.54076460905865753  0.55181181254881817  0.56208330122917938
  0.57207220902807565  0.58244085516057953  0.59368933608188379  0.60558995266908722
  0.61725512557194551  0.62869217988670245  0.64074442749177285  0.65287883331765695
  0.66458657677408495  0.67514277084115648  0.68541415005589923  0.69585516414630755
  0.70651457273760188  0.71683729069374313  0.72724612540597366  0.73777200763241457
  0.74771514330881317  0.75784026262046933  0.76805298448055104  0.77934143962659208
  0.79037579672512670  0.80082802841083067  0.81103026489814001  0.82128164543652471
  0.83183248929305409  0.84242710887772698  0.85295980909765468  0.86412449568054905
  0.87575733166962244  0.88761757455435275  0.89896047091133346  0.91058833247725246
  0.92231812216570308  0.93444157255898819  0.94609455800301234  0.95742782709995911
  0.96832908643393978  0.97834391735902704  0.98880294604797014  1.00000000000000000
  0.00324186687221435  0.00652513890986042  0.00926779295953666  0.01181405791921830
  0.01424833228346810  0.01664174317840454  0.01900018486038339  0.02119083310970116
  0.02333723810564862  0.02543276404761088  0.02744211001890731  0.02940128434924251
  0.03131077222682703  0.03317348657860812  0.03500535842516028  0.03680852408902945
  0.03865457816551347  0.04052761838737520  0.04233589745803901  0.04411452770471656
  0.04591147715265015  0.04770448555968798  0.04947184547684746  0.05123906245275237
  0.05297989446895626  0.05479207532070196  0.05663232546869609  0.05854954662297604
  0.06045314533950122  0.06232352919475907  0.06415147913117537  0.06592446644985793
  0.06772221089937511  0.06960332001864827  0.07153925506314361  0.07359393829428844
  0.07560332555755667  0.07745800725166017  0.07933070154049729  0.08121736799684079
  0.08336205443984532  0.08523343330802588  0.08725153896616106  0.08909144709751421
  0.09099185227202723  0.09296258150443064  0.09498232568626441  0.09704374479509544
  0.09904641350793751  0.10071956435375631  0.10235619916272248  0.10406093877428035
  0.10570871263481713  0.10776185851199763  0.10993917085602510  0.11216105337738060
  0.11426336805503109  0.11627028668243927  0.11831815964733028  0.12048503882068155
  0.12276948299235532  0.12508090870365668  0.12744111225728563  0.12979716268664243
  0.13207367824182265  0.13438386094552490  0.13707459397304797  0.13929220521003188
  0.14144097873830355  0.14357469101753606  0.14578238919881664  0.14859278933026468
  0.15154828971086645  0.15457690793210035  0.15750810131434395  0.16108613567492022
  0.16490757563035224  0.16935636842813301  0.17438003117011644  0.18087105232011561
  0.18663934904658813  0.19290958445897266  0.19917087645265297  0.20473345303454374
  0.21198708035617914  0.22639404627969986  0.24017216235099251  0.25003443053741370
  0.25768853059978519  0.26673320256768368  0.28589840335073124  0.30980490812881162
  0.33487883458620349  0.36257970996578609  0.38285583557669806  1.00000000000000000
 -0.00312217648023314  0.01633838368365800  0.03205177121077309  0.04743651080175332
  0.06238880098660476  0.07683332468144891  0.09099982019959252  0.10589366296491511
  0.12172283088873492  0.13695976913910371  0.15138916871022359  0.16524256391227740
  0.17871020405884019  0.19131900168519134  0.20317879835770855  0.21446971347322474
  0.22546800226591371  0.23584666499440654  0.24645609310815852  0.25761017202507441
  0.26855227777320495  0.27912417440258586  0.28990293526471239  0.30071458602506013
  0.31153631992433684  0.32183136266393358  0.33189775637596042  0.34110153714406416
  0.35009260871826786  0.35836212564027758  0.36657688091400553  0.37506018344908038
  0.38383447430165474  0.39270027572492189  0.40131807793522406  0.40965950698204850
  0.41773749686771183  0.42498613996051748  0.43198033496884530  0.43894836716165014
  0.44565262711714576  0.45274481545958056  0.45971720835961999  0.46654496660160721
  0.47314761139752515  0.47935679511208140  0.48769561067867356  0.49545745332495156
  0.50288317352098499  0.51008280032410791  0.51728479557306251  0.52480891679653530
  0.53285476788359698  0.54090109314772095  0.54830503465552416  0.55571139764675626
  0.56323625169308333  0.57116809220475051  0.57903229360622543  0.58715132353348354
  0.59541037331373492  0.60365870193689541  0.61169684134366253  0.61997772629999515
  0.62864111914642351  0.63730308231663169  0.64591112582029708  0.65460622393942880
  0.66351837314415185  0.67276336043046647  0.68203945332935789  0.69146968835113221
  0.70115382613809774  0.71045234922766587  0.72006438345774071  0.72983954971194887
  0.74061580292205775  0.75199642933104849  0.76407239604456634  0.77638020887140313
  0.78866903356768414  0.80084413937037691  0.81358528686955101  0.82673878494645547
  0.83966964627675234  0.85320528383148442  0.86745804692440875  0.88257810042003859
  0.89745395383891213  0.91183886337339570  0.92661947851897120  0.94111319119588854
  0.95419812274098770  0.96785544281429747  0.98334082728548000  1.00000000000000000
  0.40342692184413131  0.59147662264859002  0.61473787334699470  0.63433780089865754
  0.65140569613254118  0.66847225474497773  0.68500077001666648  0.70046006332645450
  0.71422599367067274  0.72668640746406510  0.73794300708713800  0.74863276232540599
  0.75798534238731374  0.76660533400605291  0.77518464859387248  0.78337373641612906
  0.79102756893120485  0.79825418563803963  0.80519716268154817  0.81184939410409585
  0.81821217908704524  0.82430626290032327  0.83030223643361534  0.83601941921046363
  0.84133976953412637  0.84633373169614612  0.85113288288600975  0.85579412693489598
  0.86025807997618287  0.86474714949397813  0.86935809350482207  0.87379018906404815
  0.87763478493196234  0.88117195478059196  0.88471097844763713  0.88821782822798812
  0.89150707441735888  0.89462992887337067  0.89772549179402572  0.90059274916290455
  0.90352083085214130  0.90628969335238374  0.90898607000131770  0.91162416935183266
  0.91418643548312051  0.91670432729392115  0.91913963034548318  0.92147447144124706
  0.92381695003952624  0.92613960434803078  0.92844009042575615  0.93071312345205282
  0.93287451006330135  0.93494844494187268  0.93690031518387495  0.93874334650602242
  0.94051646246398601  0.94225546899631740  0.94397271428473462  0.94565660138446817
  0.94729282969731676  0.94895159528516237  0.95055216018990540  0.95211515898549004
  0.95362472366752249  0.95513197185105181  0.95664567692447955  0.95816865046999400
  0.95967019362766182  0.96109839469107061  0.96246775852532029  0.96380396414371816
  0.96514486617123285  0.96645068772001819  0.96775171750942446  0.96906872159683166
  0.97040572265843661  0.97175695990950040  0.97299942374156900  0.97420982670802114
  0.97540557947716178  0.97660079929195132  0.97783545029438634  0.97906478951400500
  0.98025306668778556  0.98142626648245535  0.98262705936823125  0.98383015244702809
  0.98510740165406929  0.98636266557770269  0.98766622965058248  0.98903925130275294
  0.99055740748969245  0.99241977750929877  0.99513190380003447  1.00000000000000000
   2.1048960938924506E-007  -1.0000000000000000     
 F F F F F F F F F F F F F F F F F F F F F F F F F F F F F F F F F F F F F F F F F F F F F F F F F F F F F F F F F F F F F F F F
  <DiscreteSampler_grid>
  grouped_processes
  1 # 1 for a reference and 2 for a running grid.
  10 # Attribute 'min_bin_probing_points' of the grid.
  1 # Attribute 'grid_mode' of the grid. 1=='default',2=='initialization'
  0.0000000000000000 # Attribute 'small_contrib_threshold' of the grid.
  0.5000000000000000 # Attribute 'damping_power' of the grid.
 # binID   n_entries weight   weight_sqr   abs_weight
    10   10   1.899694674385280E+003   2.097784552071171E+007   1.899694674385280E+003
  </DiscreteSampler_grid>
