  0.09985527369701930  0.10179153964615748  0.10372780559529565  0.11212403678571263
  0.12241356170643666  0.20842351608383924  0.21869426587055593  0.22896501565727259
  0.23923576544398917  0.24950651523070574  0.25977726501742232  0.27004801480413893
  0.29302888528769439  0.29487327290836612  0.29671766052903786  0.29856204814970960
  0.30040643577038134  0.30225082339105308  0.30409521101172488  0.30593959863239661
  0.30778398625306835  0.30962837387374009  0.31147276149441183  0.31328883015144648
  0.31506929902705882  0.31684976790267111  0.31863023677828345  0.32041070565389579
  0.32219117452950813  0.32397164340512047  0.32575211228073275  0.32753258115634509
  0.32931305003195743  0.33109351890756977  0.33287398778318211  0.33465445665879445
  0.33643492553440679  0.33821539441001913  0.33999586328563147  0.34177633216124381
  0.34355680103685615  0.34533726991246855  0.34711773878808089  0.34889820766369323
  0.35067867653930557  0.35245914541491791  0.35440482894612169  0.36021777395318211
  0.36603071896024253  0.37184366396730290  0.42647597209088739  0.53911091303887382
  0.62610973798519443  0.63078318279243528  0.63545662759967625  0.64013007240691711
  0.64480351721415796  0.64947696202139893  0.65415040682863979  0.65882385163588075
  0.66349729644312172  0.66817074125036258  0.67284418605760343  0.67751763086484429
  0.68219107567208526  0.68686452047932611  0.75073443826146058  0.75311023591767012
  0.75548603357387956  0.75786183123008910  0.76023762888629853  0.76261342654250797
  0.76498922419871751  0.76736502185492694  0.76974081951113649  0.77211661716734592
  0.77449241482355546  0.77686821247976501  0.77924401013597455  0.78161980779218398
  0.78399560544839353  0.78637140310460307  0.78874720076081251  0.79112299841702205
  0.79349879607323159  0.79587459372944103  0.79825039138565057  0.80062618904186000
  0.80300198669806944  0.80537778435427898  0.80775358201048841  0.81012937966669796
  0.81274545333581871  0.92538039428380514  0.97606023642079032  1.00000000000000000
  0.00002394701693795  0.00020828496586789  0.00022158515593794  0.00023779699505390
  0.00025458722442626  0.00027349320641568  0.00029272858870407  0.00031450062849348
  0.00033657760117941  0.00036165534263586  0.00038699368609417  0.00059124741142982
  0.00060138629246727  0.00061152517350473  0.00062166405454219  0.00063180293557964
  0.00064194181661710  0.00065208069765456  0.00066221957869202  0.00067235845972947
  0.00068377805368251  0.00069541472387570  0.00070705139406888  0.00071868806426206
  0.00073032473445524  0.00074196140464843  0.00075359807484161  0.00076523474503479
  0.00077738857356315  0.00079074429720609  0.00080410002084903  0.00081745574449197
  0.00083081146813490  0.00084416719177784  0.00085752291542078  0.00087087863906372
  0.00088423436270666  0.00154081304598486  0.00156145015254702  0.00158208725910917
  0.00160272436567133  0.00162336147223349  0.00164399857879564  0.00166463568535780
  0.00168527279191996  0.00170590989848211  0.00172654700504427  0.00174718411160643
  0.00176783232180369  0.00179151809165523  0.00181520386150677  0.00183888963135832
  0.00186257540120986  0.00188626117106140  0.00190994694091294  0.00193363271076449
  0.00195731848061603  0.00198100425046757  0.00200469002031912  0.00202837579017066
  0.00205456085602825  0.00208080142266153  0.00210704198929481  0.00213328255592809
  0.00215952312256137  0.00218576368919465  0.00221200425582793  0.00223824482246121
  0.00226448538909449  0.00229072595572777  0.00231696652236104  0.00238344733220123
  0.00248203976749054  0.00258063220277984  0.00268020145255660  0.00279335867856269
  0.00290651590456878  0.00301967313057487  0.00478940506567364  0.00547847771863841
  0.00565957504654364  0.00584067237444886  0.00602176970235409  0.00620144243587551
  0.00637979210733061  0.00655814177878570  0.00673649145024079  0.00691484112169589
  0.00999355103118001  0.02151477130702212  0.03014442083855195  0.03014442083856195
  0.03014442083857195  0.03014442083858195  0.03014442083859194  1.00000000000000000
  0.00003517467360286  0.00003532424392852  0.00003547381425417  0.00003562338457983
  0.00003577295490548  0.00003592252523114  0.00003607209555679  0.00003622166588245
  0.00003637123620810  0.00003652080653375  0.00003667037685941  0.00003681994718506
  0.00003696951751072  0.00003711908783637  0.00003726865816203  0.00003764070586251
  0.00003812747068228  0.00003861423550205  0.00003910100032182  0.00003958776514159
  0.00004007452996135  0.00004056129478112  0.00004104805960089  0.00004153482442066
  0.00004202158924043  0.00004250835406019  0.00004929229283890  0.00005012281802870
  0.00005095334321849  0.00005178386840829  0.00005261439359808  0.00005344491878788
  0.00005427544397767  0.00005510596916747  0.00005593649435726  0.00005681791268758
  0.00005777112909135  0.00005872434549512  0.00005967756189889  0.00006063077830266
  0.00006158399470643  0.00006253721111019  0.00006349042751396  0.00006444364391773
  0.00006549128830731  0.00006658532076241  0.00006767935321751  0.00006877338567261
  0.00006986741812772  0.00007096145058282  0.00007205548303792  0.00007314951549302
  0.00007424354794813  0.00009012619171377  0.00009654209868429  0.00010370439442537
  0.00011106810577875  0.00011932748367737  0.00012777901596189  0.00022649319100006
  0.00024335618580642  0.00026071702887476  0.00028007114776678  0.00030010961567444
  0.00032232286559758  0.00042251684549570  0.00092950939456012  0.00178131788209168
  0.00185580027530605  0.00193028266852042  0.00200476506173479  0.00208668657328082
  0.00217217204666122  0.00225765752004162  0.00234528950466017  0.00244340351313514
  0.00254151752161011  0.00263963153008508  0.00405969296050505  0.00419596023119882
  0.00433222750189259  0.00446849477258637  0.00460476204328014  0.00473916536266793
  0.00487297753217936  0.00500678970169079  0.00514060187120222  0.00527441404071365
  0.00883117220041862  0.01943447083149839  0.03102414805913814  0.03102414805914814
  0.03102414805915814  0.03102414805916814  0.03102414805917814  1.00000000000000000
  0.03046083052953089  0.25866715426418041  0.26733430852836088  0.27652001721369979
  0.28605680742605594  0.33503136980205273  0.44034518341346635  0.52209877603089816
  0.52746695462395032  0.53283513321700249  0.53820331181005465  0.54357149040310671
  0.54893966899615887  0.55430784758921092  0.55967602618226309  0.56327556114511734
  0.56491196666452237  0.56654837218392728  0.56818477770333231  0.56982118322273723
  0.57145758874214225  0.57309399426154717  0.57473039978095219  0.57636680530035711
  0.57800321081976214  0.57963961633916705  0.58127602185857197  0.58291242737797699
  0.58459308946702659  0.58628907682173481  0.58798506417644303  0.58968105153115125
  0.59137703888585946  0.59307302624056779  0.59476901359527601  0.59646500094998423
  0.59816098830469244  0.59985697565940066  0.60155296301410899  0.60324895036881721
  0.60494493772352542  0.60664092507823364  0.60833691243294186  0.61003289978765007
  0.61172888714235829  0.61342487449706651  0.61512086185177473  0.61681684920648294
  0.61851283656119116  0.62020882391589938  0.62190481127060759  0.62360079862531581
  0.64342918421294137  0.74874299782435494  0.77256239924356429  0.77475041792703947
  0.77693843661051465  0.77912645529398983  0.78131447397746501  0.78350249266094019
  0.78569051134441537  0.78787853002789054  0.79006654871136572  0.79225456739484090
  0.79444258607831608  0.79663060476179126  0.79881862344526644  0.80100664212874162
  0.80319466081221680  0.80538267949569198  0.80757069817916716  0.80975871686264222
  0.81194673554611740  0.81413475422959258  0.81632277291306776  0.81851079159654294
  0.82069881028001812  0.82288682896349330  0.82507484764696848  0.82726286633044355
  0.82945088501391873  0.83163890369739391  0.85709078355321111  0.93877277128682302
  0.94415492612291207  0.94953708095900113  0.95491923579509019  0.96028787752200395
  0.96563307731314696  0.97097827710429008  0.97632347689543308  0.98134920760418676
  0.98601190570314001  0.99067460380209327  0.99533730190104652  1.00000000000000000
  0.06496619780858356  0.10901675992673160  0.11386685318679646  0.11871694644686132
  0.12356703970692617  0.12892233808022230  0.13448949208632852  0.14005664609243476
  0.14562380009854098  0.25313304722335594  0.36462918656104004  0.42196321124529901
  0.43189522585805112  0.44182724047080318  0.45175925508355530  0.46169126969630742
  0.47162328430905959  0.50598129442649642  0.56740644610141933  0.57735688868706636
  0.58730733127271340  0.59725777385836054  0.60720821644400769  0.61715865902965461
  0.64863278673817082  0.70937143671342384  0.71160607701745260  0.71384071732148136
  0.71607535762551011  0.71830999792953887  0.72054463823356762  0.72277927853759638
  0.72501391884162514  0.72724855914565389  0.72948319944968265  0.73171783975371130
  0.73395248005774005  0.73618712036176881  0.73842176066579757  0.74065640096982621
  0.74289104127385497  0.74512568157788373  0.74736032188191248  0.74959496218594124
  0.75182960248996988  0.75406424279399864  0.75629888309802740  0.75853352340205615
  0.76076816370608480  0.76300280401011356  0.76523744431414231  0.76747208461817107
  0.76970672492219971  0.82611797046178670  0.87750299961566069  0.88196005881212036
  0.88641711800858014  0.89087417720503981  0.89533123640149959  0.89978829559795925
  0.90424535479441903  0.90870241399087881  0.91315947318733859  0.91761653238379837
  0.92207359158025803  0.92653065077671781  0.93098770997317748  0.93544476916963726
  0.95894085988787858  0.96066664367791599  0.96239242746795328  0.96411821125799058
  0.96584399504802798  0.96756977883806528  0.96929556262810257  0.97102134641813997
  0.97274713020817727  0.97447291399821467  0.97619869778825197  0.97792448157828926
  0.97954872343989818  0.98091214187723830  0.98227556031457841  0.98363897875191864
  0.98500239718925875  0.98636581562659886  0.98772923406393898  0.98909265250127909
  0.99045607093861920  0.99181948937595932  0.99318290781329943  0.99454632625063955
  0.99590974468797966  0.99727316312531977  0.99863658156265989  1.00000000000000000
  0.09866565068562834  0.34071967108185258  0.34810600883037190  0.35562530807276388
  0.36375247208879696  0.37187963610483005  0.43025722465133648  0.44495720044062564
  0.45306945756728256  0.46118171469393948  0.46929397182059646  0.47740622894725349
  0.48551848607391040  0.49363074320056732  0.51927185856115232  0.60896677686653478
  0.64852840864502792  0.65310425675949180  0.65768010487395578  0.66225595298841977
  0.66683180110288376  0.67140764921734764  0.67598349733181151  0.68055934544627539
  0.68513519356073938  0.68971104167520325  0.69428688978966713  0.69886273790413111
  0.70343858601859499  0.70801443413305887  0.79177724920140824  0.85528496571405133
  0.85895842851861381  0.86263189132317641  0.86630535412773890  0.86997881693230150
  0.87365227973686410  0.87607054556265096  0.87776145039624254  0.87945235522983412
  0.88114326006342569  0.88283416489701727  0.88452506973060885  0.88621597456420043
  0.88790687939779200  0.88959778423138358  0.89128868906497516  0.89297959389856674
  0.89467049873215831  0.89615900680341032  0.89720182802475767  0.89824464924610503
  0.89928747046745228  0.90033029168879963  0.90137311291014699  0.90241593413149435
  0.90345875535284159  0.90450157657418895  0.90554439779553630  0.90658721901688366
  0.90763004023823102  0.90867286145957826  0.90971568268092562  0.91075850390227298
  0.91180132512362033  0.91284414634496758  0.91388696756631493  0.91492978878766229
  0.91597261000900965  0.91685334554789344  0.91741152352578448  0.91796970150367552
  0.91852787948156656  0.91908605745945748  0.91964423543734852  0.92020241341523956
  0.92076059139313049  0.92131876937102153  0.92187694734891257  0.92243512532680361
  0.92299330330469453  0.92355148128258557  0.92410965926047661  0.92466783723836754
  0.92522601521625858  0.92578419319414962  0.92634237117204066  0.92690054914993159
  0.92745872712782262  0.92801690510571366  0.92857508308360459  0.92913326106149563
  0.92969143903938667  0.93024961701727771  0.93041885296503701  1.00000000000000000
 -0.00407945445504162  0.00172784284071478  0.00345568568142957  0.00518352852214435
  0.00691137136285914  0.00863921420357392  0.01036705704428871  0.01209489988500349
  0.01382274272571827  0.01555058556643306  0.01727842840714784  0.01900627124786262
  0.02073411408857741  0.02278819172371104  0.02486214428267338  0.02693609684163572
  0.02901004940059806  0.03108400195956040  0.03315795451852274  0.03523190707748508
  0.03730585963644742  0.03937981219540976  0.04145376475437210  0.10576796680897577
  0.17720237709812939  0.24863678738728298  0.32007119767643660  0.39150560796559020
  0.46294001825474390  0.53437442854389761  0.60418529946099320  0.60499582511841021
  0.60580635077582723  0.60661687643324413  0.60742740209066115  0.60823792774807817
  0.60904845340549518  0.60985897906291209  0.61066950472032910  0.61148003037774612
  0.61229055603516314  0.61310108169258015  0.61391160734999706  0.61472213300741407
  0.61553265866483109  0.61634318432224811  0.61715370997966501  0.61796423563708203
  0.61877476129449904  0.61958528695191606  0.62039581260933296  0.62120633826674998
  0.62201686392416700  0.62282738958158401  0.62363791523900092  0.62444844089641793
  0.62519952122810363  0.62582399211896789  0.62644846300983226  0.62707293390069652
  0.62769740479156078  0.62832187568242504  0.62894634657328941  0.62957081746415366
  0.63019528835501792  0.63081975924588218  0.63144423013674655  0.63206870102761081
  0.63269317191847507  0.63331764280933944  0.63394211370020370  0.63456658459106796
  0.63519105548193222  0.63581552637279659  0.63643999726366085  0.63706446815452511
  0.63768893904538937  0.63831340993625374  0.63893788082711800  0.63956235171798226
  0.64018682260884652  0.64081129349971089  0.64143576439057515  0.64206023528143941
  0.64268470617230367  0.64330917706316804  0.64393364795403230  0.64455811884489655
  0.64518258973576081  0.64580706062662518  0.71426235884338829  0.78569676913254194
  0.85713117942169559  0.91764844901121900  0.91838562885920216  1.00000000000000000
  0.03812932570775358  0.07150935591378865  0.08051871182757729  0.09014702966949216
  0.10005657725257061  0.16781806905689151  0.19208021285843524  0.19767241576255759
  0.20326461866667994  0.20849324319252752  0.21020149242331740  0.21190974165410728
  0.21361799088489714  0.21532624011568702  0.21703448934647690  0.21874273857726675
  0.22045098780805664  0.22215923703884652  0.22386748626963637  0.22557573550042626
  0.22728398473121614  0.22899223396200599  0.23070048319279585  0.23240873242358570
  0.23411698165437556  0.23582523088516541  0.23753348011595526  0.23924172934674512
  0.24094997857753497  0.24265822780832483  0.24436647703911468  0.24607472626990454
  0.24778297550069439  0.24949122473148425  0.25124263567995175  0.25301235433262265
  0.25478207298529354  0.25655179163796449  0.25832151029063538  0.26009122894330633
  0.26186094759597722  0.26363066624864812  0.26540038490131906  0.26717010355398996
  0.26893982220666085  0.27070954085933180  0.37198673874088245  0.48074803718236930
  0.52227361343277023  0.52455456643687115  0.52683551944097196  0.52911647244507287
  0.53139742544917368  0.53367837845327448  0.53595933145737540  0.53824028446147620
  0.54052123746557712  0.54280219046967793  0.54508314347377873  0.54736409647787954
  0.54964504948198034  0.55192600248608115  0.55420695549018206  0.55648790849428287
  0.55876886149838367  0.56104981450248448  0.56333076750658528  0.56561172051068609
  0.56789267351478701  0.57017362651888781  0.57245457952298862  0.57473553252708942
  0.57701648553119023  0.57929743853529103  0.58157839153939195  0.60841480678274984
  0.65232169301911813  0.66221312848591618  0.67210456395271423  0.68199599941951217
  0.69188743488631010  0.70177887035310815  0.70984937969654627  0.71434323597697258
  0.71883709225739889  0.72333094853782520  0.72782480481825162  0.73187129139593865
  0.73572732448482947  0.73958335757372040  0.74343939066261122  0.74729542375150215
  0.78247740311701852  0.87638476892824047  0.87677658001581826  1.00000000000000000
  0.69784271319707236  0.70138458484904487  0.70492645650101726  0.70862552701453896
  0.71629183983292222  0.72395815265130548  0.73198292394100184  0.74076733266296646
  0.74955174138493097  0.81851394234254193  0.89071207517032791  0.89816066398534433
  0.90066568420860016  0.90317070443185599  0.90567572465511181  0.90818074487836775
  0.91068576510162358  0.91319078532487941  0.91569580554813523  0.91815328870275870
  0.92058068899864731  0.92300808929453593  0.92543548959042454  0.92786288988631316
  0.93029029018220177  0.93271769047809039  0.93514509077397900  0.93757249106986762
  0.93999989136575623  0.94242729166164485  0.94485469195753347  0.94728209225342208
  0.94970949254931070  0.95213689284519931  0.95456429314108793  0.95699169343697654
  0.95869269386541733  0.95949610487790937  0.96029951589040130  0.96110292690289334
  0.96190633791538527  0.96270974892787731  0.96351315994036923  0.96431657095286127
  0.96511998196535320  0.96592339297784524  0.96672680399033717  0.96753021500282921
  0.96833362601532114  0.96913703702781318  0.96994044804030521  0.97074385905279714
  0.97154727006528918  0.97235068107778111  0.97315409209027315  0.97395750310276508
  0.97476091411525712  0.97556432512774904  0.97636773614024108  0.97717114715273301
  0.97797455816522505  0.97877796917771709  0.97948752588664667  0.98010911601129380
  0.98073070613594082  0.98135229626058784  0.98197388638523497  0.98259547650988199
  0.98321706663452912  0.98383865675917614  0.98446024688382328  0.98508183700847030
  0.98570342713311743  0.98632501725776445  0.98694660738241158  0.98756819750705860
  0.98818978763170562  0.98881137775635275  0.98943296788099977  0.99005455800564690
  0.99067614813029392  0.99129773825494105  0.99191932837958807  0.99254091850423520
  0.99316250862888222  0.99378409875352935  0.99440568887817637  0.99502727900282339
  0.99564886912747053  0.99627045925211755  0.99689204937676468  0.99751363950141170
  0.99813522962605883  0.99875681975070585  0.99937840987535298  1.00000000000000000
   5.8485236233882110E-010  -1.0000000000000000     
 F F F F F F F F F F F F F F F F F F F F F F F F F F F F F F F F F F F F F F F F F F F F F F F F F F F F F F F F F F F F F F F F
  <DiscreteSampler_grid>
  grouped_processes
  1 # 1 for a reference and 2 for a running grid.
  10 # Attribute 'min_bin_probing_points' of the grid.
  1 # Attribute 'grid_mode' of the grid. 1=='default',2=='initialization'
  0.0000000000000000 # Attribute 'small_contrib_threshold' of the grid.
  0.5000000000000000 # Attribute 'damping_power' of the grid.
 # binID   n_entries weight   weight_sqr   abs_weight
    10   10   4.686048652069839E+001   9.539516006003219E+003   4.686048652069839E+001
  </DiscreteSampler_grid>
